i   AlignChn ScoredChain  AlignResNum  AlignResType  AlignRespLDDT      n0chn  n0dom  n0res    d0chn     d0dom     d0res   ipTM_pae  ipSAE_d0chn ipSAE_d0dom    ipSAE 
1       A         B            1           LYS           92.54           271    271    101     6.074     6.074     3.673     0.2936      0.2936      0.2936      0.1333
2       A         B            2           VAL           97.68           271    271    101     6.074     6.074     3.673     0.7473      0.7473      0.7473      0.5245
3       A         B            3           CYS           97.62           271    271    101     6.074     6.074     3.673     0.7993      0.7993      0.7993      0.5985
4       A         B            4           ASN           97.32           271    271    101     6.074     6.074     3.673     0.8191      0.8191      0.8191      0.6285
5       A         B            5           GLY           98.27           271    271    101     6.074     6.074     3.673     0.7845      0.7845      0.7845      0.5804
6       A         B            6           ILE           96.97           271    271    101     6.074     6.074     3.673     0.7989      0.7989      0.7989      0.6007
7       A         B            7           GLY           93.23           271    271    101     6.074     6.074     3.673     0.6502      0.6502      0.6502      0.4140
8       A         B            8           ILE           91.13           271    271    101     6.074     6.074     3.673     0.6106      0.6106      0.6106      0.3743
9       A         B            9           GLY           93.51           271    271    101     6.074     6.074     3.673     0.5292      0.5292      0.5292      0.2956
10      A         B           10           GLU           92.52           271    271    101     6.074     6.074     3.673     0.5621      0.5621      0.5621      0.3284
11      A         B           11           PHE           95.82           271    271    101     6.074     6.074     3.673     0.7240      0.7240      0.7240      0.4985
12      A         B           12           LYS           92.20           271    271    101     6.074     6.074     3.673     0.6769      0.6769      0.6769      0.4470
13      A         B           13           ASP           88.45           271    271    101     6.074     6.074     3.673     0.6463      0.6463      0.6463      0.4178
14      A         B           14           SER           93.43           271    271    101     6.074     6.074     3.673     0.7504      0.7504      0.7504      0.5370
15      A         B           15           LEU           92.61           271    271    101     6.074     6.074     3.673     0.7819      0.7819      0.7819      0.5771
16      A         B           16           SER           96.26           271    271    101     6.074     6.074     3.673     0.8339      0.8339      0.8339      0.6562
17      A         B           17           ILE           97.32           271    271    101     6.074     6.074     3.673     0.8483      0.8483      0.8483      0.6774
18      A         B           18           ASN           96.85           271    271    101     6.074     6.074     3.673     0.8306      0.8306      0.8306      0.6478
19      A         B           19           ALA           97.75           271    271    101     6.074     6.074     3.673     0.8163      0.8163      0.8163      0.6265
20      A         B           20           THR           95.90           271    271    101     6.074     6.074     3.673     0.7335      0.7335      0.7335      0.5117
21      A         B           21           ASN           96.59           271    271    101     6.074     6.074     3.673     0.8085      0.8085      0.8085      0.6145
22      A         B           22           ILE           97.52           271    271    101     6.074     6.074     3.673     0.7978      0.7978      0.7978      0.5978
23      A         B           23           LYS           94.61           271    271    101     6.074     6.074     3.673     0.6882      0.6882      0.6882      0.4580
24      A         B           24           HIS           94.29           271    271    101     6.074     6.074     3.673     0.6665      0.6665      0.6665      0.4306
25      A         B           25           PHE           97.64           271    271    101     6.074     6.074     3.673     0.7970      0.7970      0.7970      0.5949
26      A         B           26           LYS           96.69           271    271    101     6.074     6.074     3.673     0.7518      0.7518      0.7518      0.5327
27      A         B           27           ASN           95.79           271    271    101     6.074     6.074     3.673     0.6740      0.6740      0.6740      0.4350
28      A         B           28           CYS           98.17           271    271    101     6.074     6.074     3.673     0.7690      0.7690      0.7690      0.5530
29      A         B           29           THR           98.59           271    271    101     6.074     6.074     3.673     0.7804      0.7804      0.7804      0.5686
30      A         B           30           SER           98.53           271    271    101     6.074     6.074     3.673     0.8286      0.8286      0.8286      0.6427
31      A         B           31           ILE           98.73           271    271    101     6.074     6.074     3.673     0.8586      0.8586      0.8586      0.6929
32      A         B           32           SER           98.05           271    271    101     6.074     6.074     3.673     0.8230      0.8230      0.8230      0.6343
33      A         B           33           GLY           98.08           271    271    101     6.074     6.074     3.673     0.8334      0.8334      0.8334      0.6525
34      A         B           34           ASP           97.92           271    271    101     6.074     6.074     3.673     0.8582      0.8582      0.8582      0.6936
35      A         B           35           LEU           98.29           271    271    101     6.074     6.074     3.673     0.8540      0.8540      0.8540      0.6868
36      A         B           36           HIS           95.69           271    271    101     6.074     6.074     3.673     0.8115      0.8115      0.8115      0.6203
37      A         B           37           ILE           97.96           271    271    101     6.074     6.074     3.673     0.8903      0.8903      0.8903      0.7533
38      A         B           38           LEU           95.19           271    271    101     6.074     6.074     3.673     0.8779      0.8779      0.8779      0.7309
39      A         B           39           PRO           91.29           271    271    101     6.074     6.074     3.673     0.8455      0.8455      0.8455      0.6745
40      A         B           40           VAL           91.61           271    271    101     6.074     6.074     3.673     0.8298      0.8298      0.8298      0.6503
41      A         B           41           ALA           96.31           271    271    101     6.074     6.074     3.673     0.8393      0.8393      0.8393      0.6650
42      A         B           42           PHE           94.52           271    271    101     6.074     6.074     3.673     0.8195      0.8195      0.8195      0.6334
43      A         B           43           ARG           90.04           271    271    101     6.074     6.074     3.673     0.6739      0.6739      0.6739      0.4437
44      A         B           44           GLY           94.50           271    271    101     6.074     6.074     3.673     0.6781      0.6781      0.6781      0.4502
45      A         B           45           ASP           92.24           271    271    101     6.074     6.074     3.673     0.6675      0.6675      0.6675      0.4385
46      A         B           46           SER           87.42           271    271    101     6.074     6.074     3.673     0.5572      0.5572      0.5572      0.3312
47      A         B           47           PHE           88.16           271    271    101     6.074     6.074     3.673     0.6545      0.6545      0.6545      0.4244
48      A         B           48           THR           91.44           271    271    101     6.074     6.074     3.673     0.6803      0.6803      0.6803      0.4523
49      A         B           49           HIS           94.09           271    271    101     6.074     6.074     3.673     0.6443      0.6443      0.6443      0.4139
50      A         B           50           THR           95.63           271    271    101     6.074     6.074     3.673     0.7176      0.7176      0.7176      0.4947
51      A         B           51           PRO           96.92           271    271    101     6.074     6.074     3.673     0.7048      0.7048      0.7048      0.4780
52      A         B           52           PRO           95.91           271    271    101     6.074     6.074     3.673     0.7702      0.7702      0.7702      0.5604
53      A         B           53           LEU           97.69           271    271    101     6.074     6.074     3.673     0.8108      0.8108      0.8108      0.6183
54      A         B           54           ASP           96.85           271    271    101     6.074     6.074     3.673     0.7604      0.7604      0.7604      0.5451
55      A         B           55           PRO           94.15           271    271    101     6.074     6.074     3.673     0.6867      0.6867      0.6867      0.4529
56      A         B           56           GLN           94.87           271    271    101     6.074     6.074     3.673     0.6509      0.6509      0.6509      0.4146
57      A         B           57           GLU           96.67           271    271    101     6.074     6.074     3.673     0.7577      0.7577      0.7577      0.5392
58      A         B           58           LEU           96.23           271    271    101     6.074     6.074     3.673     0.7857      0.7857      0.7857      0.5786
59      A         B           59           ASP           96.21           271    271    101     6.074     6.074     3.673     0.7739      0.7739      0.7739      0.5628
60      A         B           60           ILE           97.02           271    271    101     6.074     6.074     3.673     0.7906      0.7906      0.7906      0.5842
61      A         B           61           LEU           98.22           271    271    101     6.074     6.074     3.673     0.8429      0.8429      0.8429      0.6664
62      A         B           62           LYS           97.34           271    271    101     6.074     6.074     3.673     0.8097      0.8097      0.8097      0.6138
63      A         B           63           THR           98.01           271    271    101     6.074     6.074     3.673     0.7779      0.7779      0.7779      0.5655
64      A         B           64           VAL           98.64           271    271    101     6.074     6.074     3.673     0.8499      0.8499      0.8499      0.6777
65      A         B           65           LYS           98.76           271    271    101     6.074     6.074     3.673     0.8164      0.8164      0.8164      0.6223
66      A         B           66           GLU           98.75           271    271    101     6.074     6.074     3.673     0.8622      0.8622      0.8622      0.6992
67      A         B           67           ILE           98.93           271    271    101     6.074     6.074     3.673     0.8895      0.8895      0.8895      0.7496
68      A         B           68           THR           98.73           271    271    101     6.074     6.074     3.673     0.8699      0.8699      0.8699      0.7135
69      A         B           69           GLY           98.58           271    271    101     6.074     6.074     3.673     0.8661      0.8661      0.8661      0.7075
70      A         B           70           PHE           98.55           271    271    101     6.074     6.074     3.673     0.8938      0.8938      0.8938      0.7589
71      A         B           71           LEU           98.94           271    271    101     6.074     6.074     3.673     0.9088      0.9088      0.9088      0.7882
72      A         B           72           LEU           97.52           271    271    101     6.074     6.074     3.673     0.9027      0.9027      0.9027      0.7766
73      A         B           73           ILE           98.38           271    271    101     6.074     6.074     3.673     0.9067      0.9067      0.9067      0.7848
74      A         B           74           GLN           94.14           271    271    101     6.074     6.074     3.673     0.8742      0.8742      0.8742      0.7243
75      A         B           75           ALA           94.85           271    271    101     6.074     6.074     3.673     0.8750      0.8750      0.8750      0.7250
76      A         B           76           TRP           97.21           271    271    101     6.074     6.074     3.673     0.8585      0.8585      0.8585      0.6958
77      A         B           77           PRO           94.54           271    271    101     6.074     6.074     3.673     0.7755      0.7755      0.7755      0.5649
78      A         B           78           GLU           88.89           271    271    101     6.074     6.074     3.673     0.5838      0.5838      0.5838      0.3490
79      A         B           79           ASN           90.41           271    271    101     6.074     6.074     3.673     0.4692      0.4692      0.4692      0.2541
80      A         B           80           ARG           94.41           271    271    101     6.074     6.074     3.673     0.6858      0.6858      0.6858      0.4506
81      A         B           81           THR           94.20           271    271    101     6.074     6.074     3.673     0.6298      0.6298      0.6298      0.3904
82      A         B           82           ASP           95.22           271    271    101     6.074     6.074     3.673     0.7239      0.7239      0.7239      0.4944
83      A         B           83           LEU           98.02           271    271    101     6.074     6.074     3.673     0.8124      0.8124      0.8124      0.6177
84      A         B           84           HIS           92.44           271    271    101     6.074     6.074     3.673     0.6516      0.6516      0.6516      0.4146
85      A         B           85           ALA           96.75           271    271    101     6.074     6.074     3.673     0.7566      0.7566      0.7566      0.5369
86      A         B           86           PHE           98.68           271    271    101     6.074     6.074     3.673     0.8474      0.8474      0.8474      0.6740
87      A         B           87           GLU           96.52           271    271    101     6.074     6.074     3.673     0.7707      0.7707      0.7707      0.5574
88      A         B           88           ASN           98.46           271    271    101     6.074     6.074     3.673     0.8274      0.8274      0.8274      0.6401
89      A         B           89           LEU           98.90           271    271    101     6.074     6.074     3.673     0.8694      0.8694      0.8694      0.7118
90      A         B           90           GLU           98.84           271    271    101     6.074     6.074     3.673     0.8362      0.8362      0.8362      0.6543
91      A         B           91           ILE           98.80           271    271    101     6.074     6.074     3.673     0.8546      0.8546      0.8546      0.6858
92      A         B           92           ILE           98.95           271    271    101     6.074     6.074     3.673     0.8859      0.8859      0.8859      0.7428
93      A         B           93           ARG           98.80           271    271    101     6.074     6.074     3.673     0.8517      0.8517      0.8517      0.6811
94      A         B           94           GLY           98.34           271    271    101     6.074     6.074     3.673     0.8322      0.8322      0.8322      0.6500
95      A         B           95           ARG           96.61           271    271    101     6.074     6.074     3.673     0.7792      0.7792      0.7792      0.5697
96      A         B           96           THR           95.38           271    271    101     6.074     6.074     3.673     0.8539      0.8539      0.8539      0.6868
97      A         B           97           LYS           94.58           271    271    101     6.074     6.074     3.673     0.8721      0.8721      0.8721      0.7192
98      A         B           98           GLN           95.99           271    271    101     6.074     6.074     3.673     0.8702      0.8702      0.8702      0.7163
99      A         B           99           HIS           94.28           271    271    101     6.074     6.074     3.673     0.8751      0.8751      0.8751      0.7250
100     A         B          100           GLY           92.95           271    271    101     6.074     6.074     3.673     0.8413      0.8413      0.8413      0.6667
101     A         B          101           GLN           93.08           271    271    101     6.074     6.074     3.673     0.8111      0.8111      0.8111      0.6207
102     A         B          102           PHE           97.19           271    271    101     6.074     6.074     3.673     0.9011      0.9011      0.9011      0.7742
103     A         B          103           SER           98.12           271    271    101     6.074     6.074     3.673     0.8777      0.8777      0.8777      0.7290
104     A         B          104           LEU           98.72           271    271    101     6.074     6.074     3.673     0.9037      0.9037      0.9037      0.7781
105     A         B          105           ALA           97.61           271    271    101     6.074     6.074     3.673     0.8966      0.8966      0.8966      0.7652
106     A         B          106           VAL           97.92           271    271    101     6.074     6.074     3.673     0.8953      0.8953      0.8953      0.7622
107     A         B          107           VAL           94.13           271    271    101     6.074     6.074     3.673     0.8576      0.8576      0.8576      0.6954
108     A         B          108           SER           91.95           271    271    101     6.074     6.074     3.673     0.8467      0.8467      0.8467      0.6750
109     A         B          109           LEU           96.63           271    271    101     6.074     6.074     3.673     0.8711      0.8711      0.8711      0.7175
110     A         B          110           ASN           93.89           271    271    101     6.074     6.074     3.673     0.8256      0.8256      0.8256      0.6421
111     A         B          111           ILE           96.99           271    271    101     6.074     6.074     3.673     0.8420      0.8420      0.8420      0.6671
112     A         B          112           THR           94.32           271    271    101     6.074     6.074     3.673     0.8050      0.8050      0.8050      0.6078
113     A         B          113           SER           93.98           271    271    101     6.074     6.074     3.673     0.7439      0.7439      0.7439      0.5201
114     A         B          114           LEU           97.02           271    271    101     6.074     6.074     3.673     0.8102      0.8102      0.8102      0.6143
115     A         B          115           GLY           95.23           271    271    101     6.074     6.074     3.673     0.7020      0.7020      0.7020      0.4700
116     A         B          116           LEU           96.72           271    271    101     6.074     6.074     3.673     0.7704      0.7704      0.7704      0.5551
117     A         B          117           ARG           90.67           271    271    101     6.074     6.074     3.673     0.5780      0.5780      0.5780      0.3427
118     A         B          118           SER           97.66           271    271    101     6.074     6.074     3.673     0.7694      0.7694      0.7694      0.5527
119     A         B          119           LEU           97.19           271    271    101     6.074     6.074     3.673     0.8030      0.8030      0.8030      0.6017
120     A         B          120           LYS           92.80           271    271    101     6.074     6.074     3.673     0.4908      0.4908      0.4908      0.2642
121     A         B          121           GLU           98.15           271    271    101     6.074     6.074     3.673     0.8106      0.8106      0.8106      0.6147
122     A         B          122           ILE           98.62           271    271    101     6.074     6.074     3.673     0.8655      0.8655      0.8655      0.7053
123     A         B          123           SER           98.54           271    271    101     6.074     6.074     3.673     0.8300      0.8300      0.8300      0.6446
124     A         B          124           ASP           96.10           271    271    101     6.074     6.074     3.673     0.8482      0.8482      0.8482      0.6765
125     A         B          125           GLY           96.38           271    271    101     6.074     6.074     3.673     0.8340      0.8340      0.8340      0.6537
126     A         B          126           ASP           95.98           271    271    101     6.074     6.074     3.673     0.8752      0.8752      0.8752      0.7240
127     A         B          127           VAL           97.72           271    271    101     6.074     6.074     3.673     0.8885      0.8885      0.8885      0.7489
128     A         B          128           ILE           96.41           271    271    101     6.074     6.074     3.673     0.8929      0.8929      0.8929      0.7576
129     A         B          129           ILE           96.97           271    271    101     6.074     6.074     3.673     0.8883      0.8883      0.8883      0.7490
130     A         B          130           SER           92.28           271    271    101     6.074     6.074     3.673     0.8042      0.8042      0.8042      0.6102
131     A         B          131           GLY           92.50           271    271    101     6.074     6.074     3.673     0.8179      0.8179      0.8179      0.6300
132     A         B          132           ASN           95.77           271    271    101     6.074     6.074     3.673     0.8461      0.8461      0.8461      0.6737
133     A         B          133           LYS           90.20           271    271    101     6.074     6.074     3.673     0.7767      0.7767      0.7767      0.5679
134     A         B          134           ASN           94.02           271    271    101     6.074     6.074     3.673     0.7922      0.7922      0.7922      0.5905
135     A         B          135           LEU           96.55           271    271    101     6.074     6.074     3.673     0.8178      0.8178      0.8178      0.6272
136     A         B          136           CYS           95.07           271    271    101     6.074     6.074     3.673     0.6608      0.6608      0.6608      0.4256
137     A         B          137           TYR           88.01           271    271    101     6.074     6.074     3.673     0.4624      0.4624      0.4624      0.2433
138     A         B          138           ALA           92.71           271    271    101     6.074     6.074     3.673     0.5349      0.5349      0.5349      0.3019
139     A         B          139           ASN           82.10           271    271    101     6.074     6.074     3.673     0.4619      0.4619      0.4619      0.2445
140     A         B          140           THR           84.35           271    271    101     6.074     6.074     3.673     0.4684      0.4684      0.4684      0.2498
141     A         B          141           ILE           90.79           271    271    101     6.074     6.074     3.673     0.5908      0.5908      0.5908      0.3512
142     A         B          142           ASN           92.17           271    271    101     6.074     6.074     3.673     0.6371      0.6371      0.6371      0.3962
143     A         B          143           TRP           95.60           271    271    101     6.074     6.074     3.673     0.7631      0.7631      0.7631      0.5464
144     A         B          144           LYS           92.09           271    271    101     6.074     6.074     3.673     0.7103      0.7103      0.7103      0.4792
145     A         B          145           LYS           93.82           271    271    101     6.074     6.074     3.673     0.6599      0.6599      0.6599      0.4217
146     A         B          146           LEU           97.23           271    271    101     6.074     6.074     3.673     0.7780      0.7780      0.7780      0.5654
147     A         B          147           PHE           97.06           271    271    101     6.074     6.074     3.673     0.7947      0.7947      0.7947      0.5900
148     A         B          148           GLY           97.05           271    271    101     6.074     6.074     3.673     0.5892      0.5892      0.5892      0.3501
149     A         B          149           THR           91.36           271    271    101     6.074     6.074     3.673     0.5726      0.5726      0.5726      0.3367
150     A         B          150           SER           87.37           271    271    101     6.074     6.074     3.673     0.5002      0.5002      0.5002      0.2785
151     A         B          151           GLY           88.53           271    271    101     6.074     6.074     3.673     0.6229      0.6229      0.6229      0.3877
152     A         B          152           GLN           95.26           271    271    101     6.074     6.074     3.673     0.7616      0.7616      0.7616      0.5465
153     A         B          153           LYS           88.78           271    271    101     6.074     6.074     3.673     0.6644      0.6644      0.6644      0.4337
154     A         B          154           THR           93.73           271    271    101     6.074     6.074     3.673     0.7835      0.7835      0.7835      0.5786
155     A         B          155           LYS           92.42           271    271    101     6.074     6.074     3.673     0.7938      0.7938      0.7938      0.5930
156     A         B          156           ILE           93.10           271    271    101     6.074     6.074     3.673     0.7936      0.7936      0.7936      0.5935
157     A         B          157           ILE           88.33           271    271    101     6.074     6.074     3.673     0.6523      0.6523      0.6523      0.4222
158     A         B          158           SER           89.46           271    271    101     6.074     6.074     3.673     0.7303      0.7303      0.7303      0.5087
159     A         B          159           ASN           94.52           271    271    101     6.074     6.074     3.673     0.7867      0.7867      0.7867      0.5808
160     A         B          160           ARG           93.79           271    271    101     6.074     6.074     3.673     0.6923      0.6923      0.6923      0.4587
161     A         B          161           GLY           90.22           271    271    101     6.074     6.074     3.673     0.5206      0.5206      0.5206      0.2939
162     A         B          162           GLU           86.04           271    271    101     6.074     6.074     3.673     0.5044      0.5044      0.5044      0.2784
163     A         B          163           ASN           91.98           271    271    101     6.074     6.074     3.673     0.4340      0.4340      0.4340      0.2240
164     A         B          164           SER           91.70           271    271    101     6.074     6.074     3.673     0.4793      0.4793      0.4793      0.2571
165     A         B          165           CYS           93.69           271    271    101     6.074     6.074     3.673     0.5114      0.5114      0.5114      0.2829
166     A         B          166           LYS           91.58           271    271    101     6.074     6.074     3.673     0.4608      0.4608      0.4608      0.2429
167     A         B          167           ALA           92.42           271    271    101     6.074     6.074     3.673     0.3327      0.3327      0.3327      0.1566
168     A         B          168           THR           85.64           271    271    101     6.074     6.074     3.673     0.2321      0.2321      0.2321      0.1005
169     A         B          169           GLY           85.39           271    271     57     6.074     6.074     2.510     0.1492      0.1675      0.1675      0.0334
170     A         B          170           GLN           72.68           271    271      3     6.074     6.074     1.000     0.1065      0.1446      0.1446      0.0046
171     B         A            1           MET           76.50           271    271      8     6.074     6.074     1.000     0.0892      0.1588      0.1588      0.0051
172     B         A            2           GLU           86.52           271    271    163     6.074     6.074     4.759     0.2867      0.2935      0.2935      0.2062
173     B         A            3           ILE           92.16           271    271    170     6.074     6.074     4.861     0.5048      0.5048      0.5048      0.4003
174     B         A            4           VAL           97.34           271    271    170     6.074     6.074     4.861     0.6964      0.6964      0.6964      0.5996
175     B         A            5           ASP           96.65           271    271    170     6.074     6.074     4.861     0.7578      0.7578      0.7578      0.6705
176     B         A            6           ALA           98.26           271    271    170     6.074     6.074     4.861     0.7756      0.7756      0.7756      0.6923
177     B         A            7           ARG           97.78           271    271    170     6.074     6.074     4.861     0.7910      0.7910      0.7910      0.7106
178     B         A            8           PHE           98.02           271    271    170     6.074     6.074     4.861     0.8265      0.8265      0.8265      0.7553
179     B         A            9           SER           97.56           271    271    170     6.074     6.074     4.861     0.7393      0.7393      0.7393      0.6480
180     B         A           10           GLU           94.87           271    271    170     6.074     6.074     4.861     0.6710      0.6710      0.6710      0.5696
181     B         A           11           GLU           94.82           271    271    170     6.074     6.074     4.861     0.6034      0.6034      0.6034      0.4974
182     B         A           12           GLY           98.01           271    271    170     6.074     6.074     4.861     0.7493      0.7493      0.7493      0.6599
183     B         A           13           LEU           96.43           271    271    170     6.074     6.074     4.861     0.7820      0.7820      0.7820      0.6991
184     B         A           14           GLU           96.86           271    271    170     6.074     6.074     4.861     0.7741      0.7741      0.7741      0.6900
185     B         A           15           VAL           98.44           271    271    170     6.074     6.074     4.861     0.8637      0.8637      0.8637      0.8039
186     B         A           16           HIS           97.96           271    271    170     6.074     6.074     4.861     0.8705      0.8705      0.8705      0.8131
187     B         A           17           ALA           97.35           271    271    170     6.074     6.074     4.861     0.8565      0.8565      0.8565      0.7942
188     B         A           18           GLU           98.00           271    271    170     6.074     6.074     4.861     0.8599      0.8599      0.8599      0.7990
189     B         A           19           VAL           97.97           271    271    170     6.074     6.074     4.861     0.8752      0.8752      0.8752      0.8197
190     B         A           20           LEU           96.21           271    271    170     6.074     6.074     4.861     0.8745      0.8745      0.8745      0.8186
191     B         A           21           VAL           96.47           271    271    170     6.074     6.074     4.861     0.8678      0.8678      0.8678      0.8096
192     B         A           22           LEU           96.66           271    271    170     6.074     6.074     4.861     0.8727      0.8727      0.8727      0.8163
193     B         A           23           TYR           95.22           271    271    170     6.074     6.074     4.861     0.8792      0.8792      0.8792      0.8251
194     B         A           24           LEU           91.86           271    271    170     6.074     6.074     4.861     0.8486      0.8486      0.8486      0.7841
195     B         A           25           LYS           91.64           271    271    170     6.074     6.074     4.861     0.8004      0.8004      0.8004      0.7228
196     B         A           26           SER           88.69           271    271    170     6.074     6.074     4.861     0.7499      0.7499      0.7499      0.6616
197     B         A           27           PHE           85.28           271    271    170     6.074     6.074     4.861     0.7508      0.7508      0.7508      0.6626
198     B         A           28           SER           78.95           271    271    170     6.074     6.074     4.861     0.6325      0.6325      0.6325      0.5298
199     B         A           29           PRO           77.06           271    271    170     6.074     6.074     4.861     0.5769      0.5769      0.5769      0.4720
200     B         A           30           GLU           80.30           271    271    170     6.074     6.074     4.861     0.5372      0.5372      0.5372      0.4320
201     B         A           31           LEU           86.62           271    271    170     6.074     6.074     4.861     0.6322      0.6322      0.6322      0.5285
202     B         A           32           THR           91.29           271    271    170     6.074     6.074     4.861     0.6557      0.6557      0.6557      0.5537
203     B         A           33           ASP           93.48           271    271    170     6.074     6.074     4.861     0.6633      0.6633      0.6633      0.5619
204     B         A           34           GLU           94.40           271    271    170     6.074     6.074     4.861     0.6831      0.6831      0.6831      0.5846
205     B         A           35           GLU           91.35           271    271    170     6.074     6.074     4.861     0.7291      0.7291      0.7291      0.6362
206     B         A           36           LYS           94.46           271    271    170     6.074     6.074     4.861     0.7462      0.7462      0.7462      0.6568
207     B         A           37           GLU           96.35           271    271    170     6.074     6.074     4.861     0.7478      0.7478      0.7478      0.6586
208     B         A           38           GLU           93.28           271    271    170     6.074     6.074     4.861     0.7636      0.7636      0.7636      0.6774
209     B         A           39           LEU           93.63           271    271    170     6.074     6.074     4.861     0.7953      0.7953      0.7953      0.7161
210     B         A           40           LYS           96.63           271    271    170     6.074     6.074     4.861     0.8051      0.8051      0.8051      0.7283
211     B         A           41           LYS           95.72           271    271    170     6.074     6.074     4.861     0.7635      0.7635      0.7635      0.6775
212     B         A           42           GLU           91.86           271    271    170     6.074     6.074     4.861     0.7743      0.7743      0.7743      0.6904
213     B         A           43           LEU           94.72           271    271    170     6.074     6.074     4.861     0.8197      0.8197      0.8197      0.7466
214     B         A           44           LEU           95.54           271    271    170     6.074     6.074     4.861     0.8154      0.8154      0.8154      0.7413
215     B         A           45           GLU           92.52           271    271    170     6.074     6.074     4.861     0.7412      0.7412      0.7412      0.6510
216     B         A           46           SER           90.07           271    271    170     6.074     6.074     4.861     0.7441      0.7441      0.7441      0.6545
217     B         A           47           TYR           93.20           271    271    170     6.074     6.074     4.861     0.7621      0.7621      0.7621      0.6755
218     B         A           48           LYS           91.66           271    271    170     6.074     6.074     4.861     0.6815      0.6815      0.6815      0.5826
219     B         A           49           SER           86.07           271    271    170     6.074     6.074     4.861     0.5890      0.5890      0.5890      0.4835
220     B         A           50           HIS           86.08           271    271    170     6.074     6.074     4.861     0.5709      0.5709      0.5709      0.4648
221     B         A           51           LYS           85.76           271    271    170     6.074     6.074     4.861     0.4650      0.4650      0.4650      0.3625
222     B         A           52           LEU           85.37           271    271    170     6.074     6.074     4.861     0.4136      0.4136      0.4136      0.3152
223     B         A           53           GLY           89.38           271    271    170     6.074     6.074     4.861     0.3241      0.3241      0.3241      0.2389
224     B         A           54           GLU           89.48           271    271    170     6.074     6.074     4.861     0.5145      0.5145      0.5145      0.4097
225     B         A           55           PHE           90.94           271    271    170     6.074     6.074     4.861     0.6241      0.6241      0.6241      0.5216
226     B         A           56           THR           94.38           271    271    170     6.074     6.074     4.861     0.7684      0.7684      0.7684      0.6839
227     B         A           57           ASP           96.46           271    271    170     6.074     6.074     4.861     0.8083      0.8083      0.8083      0.7331
228     B         A           58           ASN           91.34           271    271    170     6.074     6.074     4.861     0.7384      0.7384      0.7384      0.6498
229     B         A           59           THR           92.95           271    271    170     6.074     6.074     4.861     0.7865      0.7865      0.7865      0.7064
230     B         A           60           LEU           96.82           271    271    170     6.074     6.074     4.861     0.8275      0.8275      0.8275      0.7577
231     B         A           61           SER           94.38           271    271    170     6.074     6.074     4.861     0.8292      0.8292      0.8292      0.7605
232     B         A           62           MET           92.59           271    271    170     6.074     6.074     4.861     0.8392      0.8392      0.8392      0.7728
233     B         A           63           ASP           94.84           271    271    170     6.074     6.074     4.861     0.8639      0.8639      0.8639      0.8052
234     B         A           64           LEU           96.80           271    271    170     6.074     6.074     4.861     0.8850      0.8850      0.8850      0.8333
235     B         A           65           ARG           92.77           271    271    170     6.074     6.074     4.861     0.8564      0.8564      0.8564      0.7953
236     B         A           66           VAL           91.28           271    271    170     6.074     6.074     4.861     0.8505      0.8505      0.8505      0.7873
237     B         A           67           LEU           95.17           271    271    170     6.074     6.074     4.861     0.8739      0.8739      0.8739      0.8184
238     B         A           68           LEU           93.50           271    271    170     6.074     6.074     4.861     0.8373      0.8373      0.8373      0.7699
239     B         A           69           ARG           87.97           271    271    170     6.074     6.074     4.861     0.7385      0.7385      0.7385      0.6494
240     B         A           70           SER           85.55           271    271    170     6.074     6.074     4.861     0.6350      0.6350      0.6350      0.5341
241     B         A           71           GLY           84.52           271    271    170     6.074     6.074     4.861     0.6018      0.6018      0.6018      0.4998
242     B         A           72           ASP           88.58           271    271    170     6.074     6.074     4.861     0.6941      0.6941      0.6941      0.5974
243     B         A           73           PRO           94.61           271    271    170     6.074     6.074     4.861     0.6618      0.6618      0.6618      0.5610
244     B         A           74           ARG           90.42           271    271    170     6.074     6.074     4.861     0.7288      0.7288      0.7288      0.6362
245     B         A           75           LEU           93.00           271    271    170     6.074     6.074     4.861     0.8047      0.8047      0.8047      0.7279
246     B         A           76           GLN           94.52           271    271    170     6.074     6.074     4.861     0.8048      0.8048      0.8048      0.7280
247     B         A           77           LYS           95.87           271    271    170     6.074     6.074     4.861     0.7814      0.7814      0.7814      0.6991
248     B         A           78           THR           95.70           271    271    170     6.074     6.074     4.861     0.8270      0.8270      0.8270      0.7561
249     B         A           79           ALA           96.83           271    271    170     6.074     6.074     4.861     0.8464      0.8464      0.8464      0.7810
250     B         A           80           GLU           97.15           271    271    170     6.074     6.074     4.861     0.8218      0.8218      0.8218      0.7495
251     B         A           81           GLU           97.32           271    271    170     6.074     6.074     4.861     0.8424      0.8424      0.8424      0.7759
252     B         A           82           ILE           98.18           271    271    170     6.074     6.074     4.861     0.8664      0.8664      0.8664      0.8076
253     B         A           83           LEU           98.06           271    271    170     6.074     6.074     4.861     0.8654      0.8654      0.8654      0.8062
254     B         A           84           GLU           98.33           271    271    170     6.074     6.074     4.861     0.8217      0.8217      0.8217      0.7493
255     B         A           85           LEU           98.50           271    271    170     6.074     6.074     4.861     0.8451      0.8451      0.8451      0.7793
256     B         A           86           LEU           98.72           271    271    170     6.074     6.074     4.861     0.8600      0.8600      0.8600      0.7988
257     B         A           87           ARG           98.35           271    271    170     6.074     6.074     4.861     0.8331      0.8331      0.8331      0.7637
258     B         A           88           GLU           98.58           271    271    170     6.074     6.074     4.861     0.7901      0.7901      0.7901      0.7094
259     B         A           89           GLY           98.77           271    271    170     6.074     6.074     4.861     0.7719      0.7719      0.7719      0.6865
260     B         A           90           GLU           98.38           271    271    170     6.074     6.074     4.861     0.7902      0.7902      0.7902      0.7087
261     B         A           91           LYS           98.48           271    271    170     6.074     6.074     4.861     0.7425      0.7425      0.7425      0.6515
262     B         A           92           GLU           98.25           271    271    170     6.074     6.074     4.861     0.6943      0.6943      0.6943      0.5955
263     B         A           93           GLY           98.51           271    271    170     6.074     6.074     4.861     0.6663      0.6663      0.6663      0.5646
264     B         A           94           LYS           98.20           271    271    170     6.074     6.074     4.861     0.7754      0.7754      0.7754      0.6912
265     B         A           95           VAL           98.63           271    271    170     6.074     6.074     4.861     0.7913      0.7913      0.7913      0.7109
266     B         A           96           GLU           98.25           271    271    170     6.074     6.074     4.861     0.7787      0.7787      0.7787      0.6952
267     B         A           97           LEU           98.21           271    271    170     6.074     6.074     4.861     0.7903      0.7903      0.7903      0.7097
268     B         A           98           ILE           97.32           271    271    170     6.074     6.074     4.861     0.7341      0.7341      0.7341      0.6424
269     B         A           99           PRO           92.97           271    271    170     6.074     6.074     4.861     0.5127      0.5127      0.5127      0.4079
270     B         A          100           VAL           86.22           271    271    152     6.074     6.074     4.592     0.2302      0.2432      0.2432      0.1580
271     B         A          101           LYS           65.33           271    271     10     6.074     6.074     1.000     0.0771      0.1710      0.1710      0.0056
