i   AlignChn ScoredChain  AlignResNum  AlignResType  AlignRespLDDT      n0chn  n0dom  n0res    d0chn     d0dom     d0res   ipTM_pae  ipSAE_d0chn ipSAE_d0dom    ipSAE 
1       A         B            1           LYS           93.98           304    302    134     6.398     6.379     4.299     0.3841      0.3841      0.3827      0.2228
2       A         B            2           VAL           98.15           304    302    134     6.398     6.379     4.299     0.7584      0.7584      0.7574      0.5918
3       A         B            3           CYS           98.33           304    302    134     6.398     6.379     4.299     0.8448      0.8448      0.8440      0.7145
4       A         B            4           ASN           98.41           304    302    134     6.398     6.379     4.299     0.8650      0.8650      0.8643      0.7460
5       A         B            5           GLY           98.70           304    302    134     6.398     6.379     4.299     0.8367      0.8367      0.8359      0.7040
6       A         B            6           ILE           98.11           304    302    134     6.398     6.379     4.299     0.8691      0.8691      0.8684      0.7539
7       A         B            7           GLY           95.93           304    302    134     6.398     6.379     4.299     0.7776      0.7776      0.7766      0.6201
8       A         B            8           ILE           95.06           304    302    134     6.398     6.379     4.299     0.7865      0.7865      0.7855      0.6320
9       A         B            9           GLY           96.64           304    302    134     6.398     6.379     4.299     0.7357      0.7357      0.7345      0.5636
10      A         B           10           GLU           94.39           304    302    134     6.398     6.379     4.299     0.6713      0.6713      0.6701      0.4898
11      A         B           11           PHE           97.48           304    302    134     6.398     6.379     4.299     0.8201      0.8201      0.8192      0.6788
12      A         B           12           LYS           95.02           304    302    134     6.398     6.379     4.299     0.7681      0.7681      0.7670      0.6092
13      A         B           13           ASP           93.84           304    302    134     6.398     6.379     4.299     0.7325      0.7325      0.7314      0.5656
14      A         B           14           SER           96.66           304    302    134     6.398     6.379     4.299     0.8047      0.8047      0.8038      0.6591
15      A         B           15           LEU           95.98           304    302    134     6.398     6.379     4.299     0.8325      0.8325      0.8317      0.6979
16      A         B           16           SER           97.60           304    302    134     6.398     6.379     4.299     0.8744      0.8744      0.8737      0.7622
17      A         B           17           ILE           98.52           304    302    134     6.398     6.379     4.299     0.8837      0.8837      0.8831      0.7771
18      A         B           18           ASN           98.49           304    302    134     6.398     6.379     4.299     0.8696      0.8696      0.8689      0.7537
19      A         B           19           ALA           98.45           304    302    134     6.398     6.379     4.299     0.8506      0.8506      0.8499      0.7237
20      A         B           20           THR           97.36           304    302    134     6.398     6.379     4.299     0.7692      0.7692      0.7682      0.6076
21      A         B           21           ASN           97.87           304    302    134     6.398     6.379     4.299     0.8425      0.8425      0.8418      0.7115
22      A         B           22           ILE           98.27           304    302    134     6.398     6.379     4.299     0.8263      0.8263      0.8255      0.6869
23      A         B           23           LYS           96.08           304    302    134     6.398     6.379     4.299     0.7231      0.7231      0.7219      0.5490
24      A         B           24           HIS           95.80           304    302    134     6.398     6.379     4.299     0.6968      0.6968      0.6955      0.5163
25      A         B           25           PHE           98.23           304    302    134     6.398     6.379     4.299     0.8271      0.8271      0.8263      0.6876
26      A         B           26           LYS           97.47           304    302    134     6.398     6.379     4.299     0.7860      0.7860      0.7850      0.6292
27      A         B           27           ASN           96.50           304    302    134     6.398     6.379     4.299     0.7197      0.7197      0.7186      0.5418
28      A         B           28           CYS           98.63           304    302    134     6.398     6.379     4.299     0.8172      0.8172      0.8163      0.6724
29      A         B           29           THR           98.64           304    302    134     6.398     6.379     4.299     0.8221      0.8221      0.8213      0.6799
30      A         B           30           SER           98.72           304    302    134     6.398     6.379     4.299     0.8665      0.8665      0.8659      0.7481
31      A         B           31           ILE           98.85           304    302    134     6.398     6.379     4.299     0.8945      0.8945      0.8939      0.7950
32      A         B           32           SER           98.20           304    302    134     6.398     6.379     4.299     0.8611      0.8611      0.8604      0.7400
33      A         B           33           GLY           98.06           304    302    134     6.398     6.379     4.299     0.8653      0.8653      0.8647      0.7476
34      A         B           34           ASP           98.07           304    302    134     6.398     6.379     4.299     0.8946      0.8946      0.8940      0.7959
35      A         B           35           LEU           98.82           304    302    134     6.398     6.379     4.299     0.8899      0.8899      0.8893      0.7880
36      A         B           36           HIS           97.71           304    302    134     6.398     6.379     4.299     0.8579      0.8579      0.8572      0.7364
37      A         B           37           ILE           98.77           304    302    134     6.398     6.379     4.299     0.9054      0.9054      0.9049      0.8144
38      A         B           38           LEU           96.42           304    302    134     6.398     6.379     4.299     0.8951      0.8951      0.8945      0.7966
39      A         B           39           PRO           94.43           304    302    134     6.398     6.379     4.299     0.8759      0.8759      0.8752      0.7645
40      A         B           40           VAL           94.93           304    302    134     6.398     6.379     4.299     0.8615      0.8615      0.8608      0.7413
41      A         B           41           ALA           98.14           304    302    134     6.398     6.379     4.299     0.8757      0.8757      0.8751      0.7636
42      A         B           42           PHE           97.85           304    302    134     6.398     6.379     4.299     0.8641      0.8641      0.8634      0.7452
43      A         B           43           ARG           95.36           304    302    134     6.398     6.379     4.299     0.7882      0.7882      0.7872      0.6333
44      A         B           44           GLY           96.93           304    302    134     6.398     6.379     4.299     0.7529      0.7529      0.7518      0.5888
45      A         B           45           ASP           95.35           304    302    134     6.398     6.379     4.299     0.7374      0.7374      0.7363      0.5706
46      A         B           46           SER           89.66           304    302    134     6.398     6.379     4.299     0.6404      0.6404      0.6392      0.4606
47      A         B           47           PHE           90.84           304    302    134     6.398     6.379     4.299     0.6778      0.6778      0.6766      0.5012
48      A         B           48           THR           94.75           304    302    134     6.398     6.379     4.299     0.7343      0.7343      0.7332      0.5665
49      A         B           49           HIS           95.81           304    302    134     6.398     6.379     4.299     0.7116      0.7116      0.7104      0.5393
50      A         B           50           THR           97.39           304    302    134     6.398     6.379     4.299     0.7690      0.7690      0.7680      0.6095
51      A         B           51           PRO           98.18           304    302    134     6.398     6.379     4.299     0.7501      0.7501      0.7490      0.5842
52      A         B           52           PRO           98.17           304    302    134     6.398     6.379     4.299     0.8077      0.8077      0.8068      0.6600
53      A         B           53           LEU           98.69           304    302    134     6.398     6.379     4.299     0.8421      0.8421      0.8413      0.7105
54      A         B           54           ASP           97.93           304    302    134     6.398     6.379     4.299     0.7890      0.7890      0.7881      0.6337
55      A         B           55           PRO           96.33           304    302    134     6.398     6.379     4.299     0.7056      0.7056      0.7044      0.5256
56      A         B           56           GLN           96.35           304    302    134     6.398     6.379     4.299     0.6656      0.6656      0.6643      0.4800
57      A         B           57           GLU           98.07           304    302    134     6.398     6.379     4.299     0.7947      0.7947      0.7937      0.6402
58      A         B           58           LEU           98.18           304    302    134     6.398     6.379     4.299     0.8232      0.8232      0.8224      0.6813
59      A         B           59           ASP           97.42           304    302    134     6.398     6.379     4.299     0.8031      0.8031      0.8022      0.6522
60      A         B           60           ILE           98.12           304    302    134     6.398     6.379     4.299     0.8342      0.8342      0.8334      0.6976
61      A         B           61           LEU           98.77           304    302    134     6.398     6.379     4.299     0.8709      0.8709      0.8702      0.7553
62      A         B           62           LYS           98.22           304    302    134     6.398     6.379     4.299     0.8388      0.8388      0.8380      0.7046
63      A         B           63           THR           98.48           304    302    134     6.398     6.379     4.299     0.8141      0.8141      0.8132      0.6681
64      A         B           64           VAL           98.87           304    302    134     6.398     6.379     4.299     0.8852      0.8852      0.8846      0.7791
65      A         B           65           LYS           98.85           304    302    134     6.398     6.379     4.299     0.8582      0.8582      0.8575      0.7353
66      A         B           66           GLU           98.89           304    302    134     6.398     6.379     4.299     0.8991      0.8991      0.8986      0.8028
67      A         B           67           ILE           98.96           304    302    134     6.398     6.379     4.299     0.9246      0.9246      0.9242      0.8486
68      A         B           68           THR           98.71           304    302    134     6.398     6.379     4.299     0.9114      0.9114      0.9109      0.8248
69      A         B           69           GLY           98.35           304    302    134     6.398     6.379     4.299     0.9019      0.9019      0.9014      0.8084
70      A         B           70           PHE           98.54           304    302    134     6.398     6.379     4.299     0.9242      0.9242      0.9238      0.8481
71      A         B           71           LEU           98.97           304    302    134     6.398     6.379     4.299     0.9324      0.9324      0.9320      0.8631
72      A         B           72           LEU           97.97           304    302    134     6.398     6.379     4.299     0.9202      0.9202      0.9197      0.8407
73      A         B           73           ILE           98.75           304    302    134     6.398     6.379     4.299     0.9176      0.9176      0.9171      0.8361
74      A         B           74           GLN           96.01           304    302    134     6.398     6.379     4.299     0.8844      0.8844      0.8839      0.7788
75      A         B           75           ALA           97.31           304    302    134     6.398     6.379     4.299     0.8885      0.8885      0.8879      0.7848
76      A         B           76           TRP           98.51           304    302    134     6.398     6.379     4.299     0.8742      0.8742      0.8736      0.7609
77      A         B           77           PRO           96.96           304    302    134     6.398     6.379     4.299     0.7996      0.7996      0.7987      0.6477
78      A         B           78           GLU           91.68           304    302    134     6.398     6.379     4.299     0.6279      0.6279      0.6266      0.4412
79      A         B           79           ASN           92.40           304    302    134     6.398     6.379     4.299     0.5390      0.5390      0.5376      0.3528
80      A         B           80           ARG           95.06           304    302    134     6.398     6.379     4.299     0.6829      0.6829      0.6816      0.4973
81      A         B           81           THR           94.31           304    302    134     6.398     6.379     4.299     0.6600      0.6600      0.6587      0.4723
82      A         B           82           ASP           95.81           304    302    134     6.398     6.379     4.299     0.7526      0.7526      0.7515      0.5834
83      A         B           83           LEU           98.42           304    302    134     6.398     6.379     4.299     0.8312      0.8312      0.8304      0.6930
84      A         B           84           HIS           94.91           304    302    134     6.398     6.379     4.299     0.6891      0.6891      0.6879      0.5051
85      A         B           85           ALA           98.01           304    302    134     6.398     6.379     4.299     0.7933      0.7933      0.7924      0.6380
86      A         B           86           PHE           98.88           304    302    134     6.398     6.379     4.299     0.8704      0.8704      0.8697      0.7546
87      A         B           87           GLU           97.49           304    302    134     6.398     6.379     4.299     0.7991      0.7991      0.7981      0.6466
88      A         B           88           ASN           98.73           304    302    134     6.398     6.379     4.299     0.8569      0.8569      0.8562      0.7329
89      A         B           89           LEU           98.95           304    302    134     6.398     6.379     4.299     0.8985      0.8985      0.8979      0.8019
90      A         B           90           GLU           98.85           304    302    134     6.398     6.379     4.299     0.8778      0.8778      0.8772      0.7670
91      A         B           91           ILE           98.85           304    302    134     6.398     6.379     4.299     0.9002      0.9002      0.8997      0.8050
92      A         B           92           ILE           98.97           304    302    134     6.398     6.379     4.299     0.9259      0.9259      0.9255      0.8511
93      A         B           93           ARG           98.79           304    302    134     6.398     6.379     4.299     0.9035      0.9035      0.9029      0.8110
94      A         B           94           GLY           98.37           304    302    134     6.398     6.379     4.299     0.8909      0.8909      0.8904      0.7896
95      A         B           95           ARG           96.99           304    302    134     6.398     6.379     4.299     0.8485      0.8485      0.8478      0.7213
96      A         B           96           THR           95.96           304    302    134     6.398     6.379     4.299     0.9020      0.9020      0.9015      0.8089
97      A         B           97           LYS           97.40           304    302    134     6.398     6.379     4.299     0.9231      0.9231      0.9226      0.8465
98      A         B           98           GLN           97.16           304    302    134     6.398     6.379     4.299     0.9131      0.9131      0.9127      0.8287
99      A         B           99           HIS           97.10           304    302    134     6.398     6.379     4.299     0.9238      0.9238      0.9234      0.8479
100     A         B          100           GLY           97.18           304    302    134     6.398     6.379     4.299     0.9116      0.9116      0.9111      0.8263
101     A         B          101           GLN           97.37           304    302    134     6.398     6.379     4.299     0.9135      0.9135      0.9131      0.8300
102     A         B          102           PHE           98.11           304    302    134     6.398     6.379     4.299     0.9343      0.9343      0.9339      0.8672
103     A         B          103           SER           98.42           304    302    134     6.398     6.379     4.299     0.9166      0.9166      0.9161      0.8352
104     A         B          104           LEU           98.80           304    302    134     6.398     6.379     4.299     0.9303      0.9303      0.9299      0.8595
105     A         B          105           ALA           97.92           304    302    134     6.398     6.379     4.299     0.9110      0.9110      0.9105      0.8247
106     A         B          106           VAL           98.28           304    302    134     6.398     6.379     4.299     0.9122      0.9122      0.9117      0.8265
107     A         B          107           VAL           95.43           304    302    134     6.398     6.379     4.299     0.8506      0.8506      0.8498      0.7241
108     A         B          108           SER           93.75           304    302    134     6.398     6.379     4.299     0.8617      0.8617      0.8611      0.7421
109     A         B          109           LEU           97.86           304    302    134     6.398     6.379     4.299     0.8874      0.8874      0.8868      0.7828
110     A         B          110           ASN           96.23           304    302    134     6.398     6.379     4.299     0.8470      0.8470      0.8463      0.7175
111     A         B          111           ILE           97.35           304    302    134     6.398     6.379     4.299     0.8556      0.8556      0.8549      0.7307
112     A         B          112           THR           92.64           304    302    134     6.398     6.379     4.299     0.8199      0.8199      0.8190      0.6761
113     A         B          113           SER           93.35           304    302    134     6.398     6.379     4.299     0.7692      0.7692      0.7682      0.6054
114     A         B          114           LEU           96.92           304    302    134     6.398     6.379     4.299     0.8198      0.8198      0.8189      0.6760
115     A         B          115           GLY           95.48           304    302    134     6.398     6.379     4.299     0.6982      0.6982      0.6970      0.5159
116     A         B          116           LEU           97.25           304    302    134     6.398     6.379     4.299     0.7895      0.7895      0.7885      0.6327
117     A         B          117           ARG           92.54           304    302    134     6.398     6.379     4.299     0.5772      0.5772      0.5758      0.3876
118     A         B          118           SER           98.14           304    302    134     6.398     6.379     4.299     0.8116      0.8116      0.8107      0.6642
119     A         B          119           LEU           97.88           304    302    134     6.398     6.379     4.299     0.8677      0.8677      0.8671      0.7504
120     A         B          120           LYS           97.53           304    302    134     6.398     6.379     4.299     0.7358      0.7358      0.7346      0.5625
121     A         B          121           GLU           98.64           304    302    134     6.398     6.379     4.299     0.8855      0.8855      0.8849      0.7801
122     A         B          122           ILE           98.80           304    302    134     6.398     6.379     4.299     0.9122      0.9122      0.9117      0.8264
123     A         B          123           SER           98.50           304    302    134     6.398     6.379     4.299     0.8817      0.8817      0.8810      0.7740
124     A         B          124           ASP           97.58           304    302    134     6.398     6.379     4.299     0.9024      0.9024      0.9019      0.8098
125     A         B          125           GLY           98.29           304    302    134     6.398     6.379     4.299     0.8826      0.8826      0.8820      0.7772
126     A         B          126           ASP           98.46           304    302    134     6.398     6.379     4.299     0.9249      0.9249      0.9245      0.8500
127     A         B          127           VAL           98.18           304    302    134     6.398     6.379     4.299     0.9226      0.9226      0.9222      0.8456
128     A         B          128           ILE           97.68           304    302    134     6.398     6.379     4.299     0.8883      0.8883      0.8877      0.7858
129     A         B          129           ILE           97.42           304    302    134     6.398     6.379     4.299     0.9031      0.9031      0.9025      0.8107
130     A         B          130           SER           94.45           304    302    134     6.398     6.379     4.299     0.8140      0.8140      0.8131      0.6697
131     A         B          131           GLY           94.39           304    302    134     6.398     6.379     4.299     0.8468      0.8468      0.8460      0.7187
132     A         B          132           ASN           96.60           304    302    134     6.398     6.379     4.299     0.8725      0.8725      0.8719      0.7582
133     A         B          133           LYS           93.38           304    302    134     6.398     6.379     4.299     0.8103      0.8103      0.8094      0.6637
134     A         B          134           ASN           93.55           304    302    134     6.398     6.379     4.299     0.8182      0.8182      0.8173      0.6736
135     A         B          135           LEU           96.06           304    302    134     6.398     6.379     4.299     0.8283      0.8283      0.8275      0.6887
136     A         B          136           CYS           92.76           304    302    134     6.398     6.379     4.299     0.6160      0.6160      0.6147      0.4257
137     A         B          137           TYR           85.85           304    302    134     6.398     6.379     4.299     0.4309      0.4309      0.4295      0.2593
138     A         B          138           ALA           90.82           304    302    134     6.398     6.379     4.299     0.5334      0.5334      0.5320      0.3463
139     A         B          139           ASN           82.00           304    302    134     6.398     6.379     4.299     0.4686      0.4686      0.4672      0.2898
140     A         B          140           THR           83.73           304    302    134     6.398     6.379     4.299     0.4706      0.4706      0.4692      0.2915
141     A         B          141           ILE           91.63           304    302    134     6.398     6.379     4.299     0.6479      0.6479      0.6466      0.4605
142     A         B          142           ASN           93.13           304    302    134     6.398     6.379     4.299     0.6948      0.6948      0.6936      0.5145
143     A         B          143           TRP           95.90           304    302    134     6.398     6.379     4.299     0.8043      0.8043      0.8034      0.6554
144     A         B          144           LYS           93.72           304    302    134     6.398     6.379     4.299     0.7594      0.7594      0.7583      0.5938
145     A         B          145           LYS           95.00           304    302    134     6.398     6.379     4.299     0.7052      0.7052      0.7040      0.5268
146     A         B          146           LEU           97.44           304    302    134     6.398     6.379     4.299     0.8372      0.8372      0.8364      0.7032
147     A         B          147           PHE           98.09           304    302    134     6.398     6.379     4.299     0.8629      0.8629      0.8622      0.7436
148     A         B          148           GLY           97.96           304    302    134     6.398     6.379     4.299     0.7045      0.7045      0.7034      0.5273
149     A         B          149           THR           95.65           304    302    134     6.398     6.379     4.299     0.7108      0.7108      0.7096      0.5370
150     A         B          150           SER           93.08           304    302    134     6.398     6.379     4.299     0.6178      0.6178      0.6165      0.4364
151     A         B          151           GLY           95.17           304    302    134     6.398     6.379     4.299     0.7212      0.7212      0.7201      0.5508
152     A         B          152           GLN           98.24           304    302    134     6.398     6.379     4.299     0.8625      0.8625      0.8618      0.7445
153     A         B          153           LYS           96.36           304    302    134     6.398     6.379     4.299     0.8641      0.8641      0.8635      0.7473
154     A         B          154           THR           95.96           304    302    134     6.398     6.379     4.299     0.8328      0.8328      0.8320      0.6992
155     A         B          155           LYS           95.31           304    302    134     6.398     6.379     4.299     0.8291      0.8291      0.8283      0.6934
156     A         B          156           ILE           94.32           304    302    134     6.398     6.379     4.299     0.8242      0.8242      0.8234      0.6855
157     A         B          157           ILE           91.10           304    302    134     6.398     6.379     4.299     0.6799      0.6799      0.6787      0.4989
158     A         B          158           SER           91.70           304    302    134     6.398     6.379     4.299     0.7639      0.7639      0.7628      0.6008
159     A         B          159           ASN           94.92           304    302    134     6.398     6.379     4.299     0.8147      0.8147      0.8138      0.6688
160     A         B          160           ARG           92.21           304    302    134     6.398     6.379     4.299     0.6736      0.6736      0.6724      0.4879
161     A         B          161           GLY           88.33           304    302    134     6.398     6.379     4.299     0.4741      0.4741      0.4726      0.2948
162     A         B          162           GLU           81.19           304    302    134     6.398     6.379     4.299     0.4450      0.4450      0.4436      0.2705
163     A         B          163           ASN           85.22           304    302    134     6.398     6.379     4.299     0.4033      0.4033      0.4019      0.2372
164     A         B          164           SER           86.46           304    302    134     6.398     6.379     4.299     0.4417      0.4417      0.4403      0.2664
165     A         B          165           CYS           88.28           304    302    134     6.398     6.379     4.299     0.4582      0.4582      0.4567      0.2798
166     A         B          166           LYS           82.78           304    302    134     6.398     6.379     4.299     0.4125      0.4125      0.4111      0.2442
167     A         B          167           ALA           80.61           304    302    134     6.398     6.379     4.299     0.2960      0.2960      0.2948      0.1610
168     A         B          168           THR           69.79           304    302    108     6.398     6.379     3.818     0.1781      0.1862      0.1853      0.0757
169     A         B          169           GLY           64.90           304    302      0     6.398     6.379     1.000     0.1003      0.0000      0.0000      0.0000
170     A         B          170           GLN           49.91           304    302      0     6.398     6.379     1.000     0.0744      0.0000      0.0000      0.0000
171     B         A            1           SER           73.30           304    304    116     6.398     6.398     3.975     0.1944      0.2206      0.2206      0.1003
172     B         A            2           ALA           84.84           304    304    170     6.398     6.398     4.861     0.5434      0.5434      0.5434      0.4149
173     B         A            3           LEU           94.45           304    304    170     6.398     6.398     4.861     0.7844      0.7844      0.7844      0.6834
174     B         A            4           ALA           92.80           304    304    170     6.398     6.398     4.861     0.8188      0.8188      0.8188      0.7286
175     B         A            5           GLU           92.95           304    304    170     6.398     6.398     4.861     0.8058      0.8058      0.8058      0.7107
176     B         A            6           GLU           96.38           304    304    170     6.398     6.398     4.861     0.8443      0.8443      0.8443      0.7623
177     B         A            7           VAL           97.55           304    304    170     6.398     6.398     4.861     0.8666      0.8666      0.8666      0.7937
178     B         A            8           ARG           95.27           304    304    170     6.398     6.398     4.861     0.8529      0.8529      0.8529      0.7747
179     B         A            9           ARG           96.50           304    304    170     6.398     6.398     4.861     0.8682      0.8682      0.8682      0.7954
180     B         A           10           LEU           97.83           304    304    170     6.398     6.398     4.861     0.8707      0.8707      0.8707      0.7993
181     B         A           11           LEU           97.08           304    304    170     6.398     6.398     4.861     0.8499      0.8499      0.8499      0.7711
182     B         A           12           ALA           94.58           304    304    170     6.398     6.398     4.861     0.8075      0.8075      0.8075      0.7143
183     B         A           13           GLY           95.77           304    304    170     6.398     6.398     4.861     0.7750      0.7750      0.7750      0.6720
184     B         A           14           ILE           94.75           304    304    170     6.398     6.398     4.861     0.7737      0.7737      0.7737      0.6715
185     B         A           15           PRO           91.88           304    304    170     6.398     6.398     4.861     0.6850      0.6850      0.6850      0.5686
186     B         A           16           LEU           95.95           304    304    170     6.398     6.398     4.861     0.7327      0.7327      0.7327      0.6204
187     B         A           17           PRO           94.09           304    304    170     6.398     6.398     4.861     0.7565      0.7565      0.7565      0.6491
188     B         A           18           PRO           97.37           304    304    170     6.398     6.398     4.861     0.6947      0.6947      0.6947      0.5753
189     B         A           19           GLU           95.64           304    304    170     6.398     6.398     4.861     0.7102      0.7102      0.7102      0.5910
190     B         A           20           ALA           95.70           304    304    170     6.398     6.398     4.861     0.7982      0.7982      0.7982      0.7003
191     B         A           21           ARG           97.40           304    304    170     6.398     6.398     4.861     0.8148      0.8148      0.8148      0.7222
192     B         A           22           ALA           97.84           304    304    170     6.398     6.398     4.861     0.8011      0.8011      0.8011      0.7038
193     B         A           23           ARG           96.42           304    304    170     6.398     6.398     4.861     0.8321      0.8321      0.8321      0.7446
194     B         A           24           ALA           97.96           304    304    170     6.398     6.398     4.861     0.8487      0.8487      0.8487      0.7675
195     B         A           25           GLU           98.10           304    304    170     6.398     6.398     4.861     0.8527      0.8527      0.8527      0.7738
196     B         A           26           ALA           97.91           304    304    170     6.398     6.398     4.861     0.8382      0.8382      0.8382      0.7529
197     B         A           27           ALA           98.03           304    304    170     6.398     6.398     4.861     0.8674      0.8674      0.8674      0.7936
198     B         A           28           LEU           98.36           304    304    170     6.398     6.398     4.861     0.8711      0.8711      0.8711      0.7991
199     B         A           29           ASP           98.08           304    304    170     6.398     6.398     4.861     0.8501      0.8501      0.8501      0.7701
200     B         A           30           ALA           98.43           304    304    170     6.398     6.398     4.861     0.8595      0.8595      0.8595      0.7822
201     B         A           31           ALA           98.56           304    304    170     6.398     6.398     4.861     0.8746      0.8746      0.8746      0.8040
202     B         A           32           VAL           98.80           304    304    170     6.398     6.398     4.861     0.8846      0.8846      0.8846      0.8185
203     B         A           33           GLU           98.56           304    304    170     6.398     6.398     4.861     0.8602      0.8602      0.8602      0.7837
204     B         A           34           ALA           98.83           304    304    170     6.398     6.398     4.861     0.8689      0.8689      0.8689      0.7955
205     B         A           35           ALA           98.88           304    304    170     6.398     6.398     4.861     0.8730      0.8730      0.8730      0.8014
206     B         A           36           ALA           98.88           304    304    170     6.398     6.398     4.861     0.8833      0.8833      0.8833      0.8163
207     B         A           37           ALA           98.85           304    304    170     6.398     6.398     4.861     0.8590      0.8590      0.8590      0.7816
208     B         A           38           ALA           98.86           304    304    170     6.398     6.398     4.861     0.8559      0.8559      0.8559      0.7771
209     B         A           39           VAL           98.78           304    304    170     6.398     6.398     4.861     0.8586      0.8586      0.8586      0.7807
210     B         A           40           SER           98.79           304    304    170     6.398     6.398     4.861     0.8529      0.8529      0.8529      0.7729
211     B         A           41           ARG           98.48           304    304    170     6.398     6.398     4.861     0.7787      0.7787      0.7787      0.6735
212     B         A           42           ALA           98.25           304    304    170     6.398     6.398     4.861     0.7870      0.7870      0.7870      0.6844
213     B         A           43           THR           98.24           304    304    170     6.398     6.398     4.861     0.7793      0.7793      0.7793      0.6741
214     B         A           44           GLY           98.22           304    304    170     6.398     6.398     4.861     0.6898      0.6898      0.6898      0.5661
215     B         A           45           ALA           98.43           304    304    170     6.398     6.398     4.861     0.7508      0.7508      0.7508      0.6385
216     B         A           46           PRO           98.35           304    304    170     6.398     6.398     4.861     0.7447      0.7447      0.7447      0.6312
217     B         A           47           LEU           98.01           304    304    170     6.398     6.398     4.861     0.8215      0.8215      0.8215      0.7299
218     B         A           48           GLU           98.16           304    304    170     6.398     6.398     4.861     0.7527      0.7527      0.7527      0.6422
219     B         A           49           GLU           98.11           304    304    170     6.398     6.398     4.861     0.8265      0.8265      0.8265      0.7375
220     B         A           50           CYS           98.75           304    304    170     6.398     6.398     4.861     0.8664      0.8664      0.8664      0.7921
221     B         A           51           LEU           98.65           304    304    170     6.398     6.398     4.861     0.8663      0.8663      0.8663      0.7921
222     B         A           52           ALA           98.72           304    304    170     6.398     6.398     4.861     0.8595      0.8595      0.8595      0.7832
223     B         A           53           ARG           98.65           304    304    170     6.398     6.398     4.861     0.8772      0.8772      0.8772      0.8079
224     B         A           54           ALA           98.91           304    304    170     6.398     6.398     4.861     0.8885      0.8885      0.8885      0.8243
225     B         A           55           ARG           98.42           304    304    170     6.398     6.398     4.861     0.8608      0.8608      0.8608      0.7850
226     B         A           56           ARG           98.53           304    304    170     6.398     6.398     4.861     0.8799      0.8799      0.8799      0.8124
227     B         A           57           GLY           98.84           304    304    170     6.398     6.398     4.861     0.8947      0.8947      0.8947      0.8337
228     B         A           58           VAL           98.71           304    304    170     6.398     6.398     4.861     0.8993      0.8993      0.8993      0.8407
229     B         A           59           ALA           98.28           304    304    170     6.398     6.398     4.861     0.8737      0.8737      0.8737      0.8039
230     B         A           60           ASP           98.21           304    304    170     6.398     6.398     4.861     0.8939      0.8939      0.8939      0.8329
231     B         A           61           ASP           97.18           304    304    170     6.398     6.398     4.861     0.8884      0.8884      0.8884      0.8247
232     B         A           62           ALA           96.86           304    304    170     6.398     6.398     4.861     0.8577      0.8577      0.8577      0.7812
233     B         A           63           ALA           95.88           304    304    170     6.398     6.398     4.861     0.8364      0.8364      0.8364      0.7529
234     B         A           64           GLY           93.66           304    304    170     6.398     6.398     4.861     0.8189      0.8189      0.8189      0.7301
235     B         A           65           ILE           96.28           304    304    170     6.398     6.398     4.861     0.8269      0.8269      0.8269      0.7402
236     B         A           66           SER           93.83           304    304    170     6.398     6.398     4.861     0.7464      0.7464      0.7464      0.6393
237     B         A           67           TYR           95.88           304    304    170     6.398     6.398     4.861     0.8337      0.8337      0.8337      0.7492
238     B         A           68           SER           95.88           304    304    170     6.398     6.398     4.861     0.8535      0.8535      0.8535      0.7753
239     B         A           69           HIS           97.62           304    304    170     6.398     6.398     4.861     0.8828      0.8828      0.8828      0.8167
240     B         A           70           GLU           97.09           304    304    170     6.398     6.398     4.861     0.8625      0.8625      0.8625      0.7879
241     B         A           71           GLU           97.69           304    304    170     6.398     6.398     4.861     0.8764      0.8764      0.8764      0.8074
242     B         A           72           LEU           98.57           304    304    170     6.398     6.398     4.861     0.8968      0.8968      0.8968      0.8368
243     B         A           73           LYS           98.08           304    304    170     6.398     6.398     4.861     0.8885      0.8885      0.8885      0.8245
244     B         A           74           ALA           98.59           304    304    170     6.398     6.398     4.861     0.8677      0.8677      0.8677      0.7946
245     B         A           75           MET           98.37           304    304    170     6.398     6.398     4.861     0.8629      0.8629      0.8629      0.7880
246     B         A           76           GLU           98.70           304    304    170     6.398     6.398     4.861     0.8600      0.8600      0.8600      0.7837
247     B         A           77           ALA           98.58           304    304    170     6.398     6.398     4.861     0.8457      0.8457      0.8457      0.7632
248     B         A           78           ALA           98.54           304    304    170     6.398     6.398     4.861     0.7899      0.7899      0.7899      0.6893
249     B         A           79           ASP           98.48           304    304    170     6.398     6.398     4.861     0.7835      0.7835      0.7835      0.6805
250     B         A           80           PRO           98.47           304    304    170     6.398     6.398     4.861     0.8101      0.8101      0.8101      0.7149
251     B         A           81           ALA           98.18           304    304    170     6.398     6.398     4.861     0.8121      0.8121      0.8121      0.7179
252     B         A           82           GLY           98.85           304    304    170     6.398     6.398     4.861     0.8667      0.8667      0.8667      0.7931
253     B         A           83           LEU           98.91           304    304    170     6.398     6.398     4.861     0.8951      0.8951      0.8951      0.8338
254     B         A           84           ALA           98.93           304    304    170     6.398     6.398     4.861     0.8804      0.8804      0.8804      0.8123
255     B         A           85           GLY           98.94           304    304    170     6.398     6.398     4.861     0.8747      0.8747      0.8747      0.8045
256     B         A           86           TYR           98.91           304    304    170     6.398     6.398     4.861     0.9077      0.9077      0.9077      0.8527
257     B         A           87           LEU           98.92           304    304    170     6.398     6.398     4.861     0.9073      0.9073      0.9073      0.8521
258     B         A           88           ALA           98.86           304    304    170     6.398     6.398     4.861     0.8793      0.8793      0.8793      0.8110
259     B         A           89           GLY           98.91           304    304    170     6.398     6.398     4.861     0.8946      0.8946      0.8946      0.8335
260     B         A           90           ARG           98.43           304    304    170     6.398     6.398     4.861     0.9036      0.9036      0.9036      0.8464
261     B         A           91           LEU           98.84           304    304    170     6.398     6.398     4.861     0.9079      0.9079      0.9079      0.8531
262     B         A           92           ALA           98.76           304    304    170     6.398     6.398     4.861     0.9015      0.9015      0.9015      0.8435
263     B         A           93           VAL           98.24           304    304    170     6.398     6.398     4.861     0.9092      0.9092      0.9092      0.8551
264     B         A           94           ALA           97.93           304    304    170     6.398     6.398     4.861     0.9002      0.9002      0.9002      0.8415
265     B         A           95           ALA           98.24           304    304    170     6.398     6.398     4.861     0.8898      0.8898      0.8898      0.8264
266     B         A           96           LEU           97.46           304    304    170     6.398     6.398     4.861     0.8678      0.8678      0.8678      0.7945
267     B         A           97           GLU           94.30           304    304    170     6.398     6.398     4.861     0.8029      0.8029      0.8029      0.7061
268     B         A           98           ASP           92.19           304    304    170     6.398     6.398     4.861     0.7998      0.7998      0.7998      0.7024
269     B         A           99           PRO           94.25           304    304    170     6.398     6.398     4.861     0.8345      0.8345      0.8345      0.7481
270     B         A          100           ALA           90.83           304    304    170     6.398     6.398     4.861     0.8495      0.8495      0.8495      0.7694
271     B         A          101           LEU           94.14           304    304    170     6.398     6.398     4.861     0.8463      0.8463      0.8463      0.7646
272     B         A          102           ALA           97.67           304    304    170     6.398     6.398     4.861     0.8896      0.8896      0.8896      0.8259
273     B         A          103           GLU           95.02           304    304    170     6.398     6.398     4.861     0.8757      0.8757      0.8757      0.8058
274     B         A          104           ALA           95.14           304    304    170     6.398     6.398     4.861     0.8764      0.8764      0.8764      0.8072
275     B         A          105           LEU           98.13           304    304    170     6.398     6.398     4.861     0.9082      0.9082      0.9082      0.8535
276     B         A          106           THR           98.41           304    304    170     6.398     6.398     4.861     0.9051      0.9051      0.9051      0.8489
277     B         A          107           GLU           96.43           304    304    170     6.398     6.398     4.861     0.8730      0.8730      0.8730      0.8023
278     B         A          108           ILE           97.53           304    304    170     6.398     6.398     4.861     0.8901      0.8901      0.8901      0.8269
279     B         A          109           LEU           98.44           304    304    170     6.398     6.398     4.861     0.9049      0.9049      0.9049      0.8486
280     B         A          110           SER           97.63           304    304    170     6.398     6.398     4.861     0.8675      0.8675      0.8675      0.7944
281     B         A          111           GLU           97.39           304    304    170     6.398     6.398     4.861     0.8548      0.8548      0.8548      0.7767
282     B         A          112           VAL           98.18           304    304    170     6.398     6.398     4.861     0.8830      0.8830      0.8830      0.8163
283     B         A          113           VAL           98.61           304    304    170     6.398     6.398     4.861     0.8693      0.8693      0.8693      0.7972
284     B         A          114           PRO           98.18           304    304    170     6.398     6.398     4.861     0.8113      0.8113      0.8113      0.7186
285     B         A          115           SER           97.94           304    304    170     6.398     6.398     4.861     0.7637      0.7637      0.7637      0.6571
286     B         A          116           ILE           98.75           304    304    170     6.398     6.398     4.861     0.8439      0.8439      0.8439      0.7606
287     B         A          117           ALA           98.63           304    304    170     6.398     6.398     4.861     0.8307      0.8307      0.8307      0.7424
288     B         A          118           GLU           98.27           304    304    170     6.398     6.398     4.861     0.8069      0.8069      0.8069      0.7111
289     B         A          119           ALA           98.84           304    304    170     6.398     6.398     4.861     0.8644      0.8644      0.8644      0.7893
290     B         A          120           LEU           98.90           304    304    170     6.398     6.398     4.861     0.8871      0.8871      0.8871      0.8218
291     B         A          121           ARG           98.57           304    304    170     6.398     6.398     4.861     0.8646      0.8646      0.8646      0.7899
292     B         A          122           GLU           98.39           304    304    170     6.398     6.398     4.861     0.8408      0.8408      0.8408      0.7564
293     B         A          123           ALA           98.90           304    304    170     6.398     6.398     4.861     0.8812      0.8812      0.8812      0.8132
294     B         A          124           THR           98.68           304    304    170     6.398     6.398     4.861     0.8764      0.8764      0.8764      0.8062
295     B         A          125           ARG           98.58           304    304    170     6.398     6.398     4.861     0.8609      0.8609      0.8609      0.7843
296     B         A          126           ALA           98.85           304    304    170     6.398     6.398     4.861     0.8659      0.8659      0.8659      0.7910
297     B         A          127           ALA           98.70           304    304    170     6.398     6.398     4.861     0.8715      0.8715      0.8715      0.7991
298     B         A          128           ILE           98.25           304    304    170     6.398     6.398     4.861     0.8695      0.8695      0.8695      0.7965
299     B         A          129           ALA           98.53           304    304    170     6.398     6.398     4.861     0.8489      0.8489      0.8489      0.7673
300     B         A          130           ALA           98.15           304    304    170     6.398     6.398     4.861     0.8088      0.8088      0.8088      0.7125
301     B         A          131           ALA           96.29           304    304    170     6.398     6.398     4.861     0.7447      0.7447      0.7447      0.6311
302     B         A          132           GLU           94.30           304    304    170     6.398     6.398     4.861     0.6440      0.6440      0.6440      0.5158
303     B         A          133           ALA           94.50           304    304    170     6.398     6.398     4.861     0.5450      0.5450      0.5450      0.4125
304     B         A          134           ALA           89.16           304    304    170     6.398     6.398     4.861     0.2486      0.2486      0.2486      0.1612
