i   AlignChn ScoredChain  AlignResNum  AlignResType  AlignRespLDDT      n0chn  n0dom  n0res    d0chn     d0dom     d0res   ipTM_pae  ipSAE_d0chn ipSAE_d0dom    ipSAE 
1       A         B            1           LYS           89.98           271    267    101     6.074     6.032     3.673     0.2697      0.2697      0.2670      0.1203
2       A         B            2           VAL           96.47           271    267    101     6.074     6.032     3.673     0.6696      0.6696      0.6666      0.4309
3       A         B            3           CYS           95.83           271    267    101     6.074     6.032     3.673     0.7530      0.7530      0.7505      0.5331
4       A         B            4           ASN           95.43           271    267    101     6.074     6.032     3.673     0.7819      0.7819      0.7797      0.5731
5       A         B            5           GLY           96.98           271    267    101     6.074     6.032     3.673     0.7464      0.7464      0.7439      0.5284
6       A         B            6           ILE           94.37           271    267    101     6.074     6.032     3.673     0.7427      0.7427      0.7401      0.5233
7       A         B            7           GLY           89.66           271    267    101     6.074     6.032     3.673     0.5881      0.5881      0.5850      0.3523
8       A         B            8           ILE           87.03           271    267    101     6.074     6.032     3.673     0.5592      0.5592      0.5560      0.3266
9       A         B            9           GLY           89.88           271    267    101     6.074     6.032     3.673     0.4940      0.4940      0.4907      0.2677
10      A         B           10           GLU           88.07           271    267    101     6.074     6.032     3.673     0.5002      0.5002      0.4970      0.2760
11      A         B           11           PHE           92.56           271    267    101     6.074     6.032     3.673     0.6800      0.6800      0.6771      0.4468
12      A         B           12           LYS           87.87           271    267    101     6.074     6.032     3.673     0.6181      0.6181      0.6151      0.3854
13      A         B           13           ASP           83.68           271    267    101     6.074     6.032     3.673     0.5784      0.5784      0.5753      0.3514
14      A         B           14           THR           90.75           271    267    101     6.074     6.032     3.673     0.7267      0.7267      0.7242      0.5066
15      A         B           15           LEU           89.79           271    267    101     6.074     6.032     3.673     0.7662      0.7662      0.7638      0.5553
16      A         B           16           SER           93.32           271    267    101     6.074     6.032     3.673     0.8070      0.8070      0.8049      0.6143
17      A         B           17           ILE           94.34           271    267    101     6.074     6.032     3.673     0.7993      0.7993      0.7971      0.6001
18      A         B           18           ASN           92.53           271    267    101     6.074     6.032     3.673     0.7955      0.7955      0.7934      0.5939
19      A         B           19           ALA           95.23           271    267    101     6.074     6.032     3.673     0.7831      0.7831      0.7809      0.5768
20      A         B           20           THR           92.29           271    267    101     6.074     6.032     3.673     0.6921      0.6921      0.6892      0.4611
21      A         B           21           ASN           92.99           271    267    101     6.074     6.032     3.673     0.7731      0.7731      0.7708      0.5629
22      A         B           22           ILE           95.39           271    267    101     6.074     6.032     3.673     0.7746      0.7746      0.7723      0.5643
23      A         B           23           LYS           93.02           271    267    101     6.074     6.032     3.673     0.6941      0.6941      0.6913      0.4634
24      A         B           24           HIS           92.08           271    267    101     6.074     6.032     3.673     0.6400      0.6400      0.6369      0.4022
25      A         B           25           PHE           95.67           271    267    101     6.074     6.032     3.673     0.7572      0.7572      0.7547      0.5388
26      A         B           26           LYS           93.85           271    267    101     6.074     6.032     3.673     0.6660      0.6660      0.6630      0.4296
27      A         B           27           TYR           95.40           271    267    101     6.074     6.032     3.673     0.5795      0.5795      0.5762      0.3393
28      A         B           28           CYS           96.75           271    267    101     6.074     6.032     3.673     0.7220      0.7220      0.7193      0.4914
29      A         B           29           THR           97.53           271    267    101     6.074     6.032     3.673     0.7369      0.7369      0.7343      0.5098
30      A         B           30           ALA           98.08           271    267    101     6.074     6.032     3.673     0.8070      0.8070      0.8049      0.6092
31      A         B           31           ILE           98.02           271    267    101     6.074     6.032     3.673     0.8317      0.8317      0.8298      0.6477
32      A         B           32           SER           97.05           271    267    101     6.074     6.032     3.673     0.7923      0.7923      0.7901      0.5876
33      A         B           33           GLY           96.84           271    267    101     6.074     6.032     3.673     0.7968      0.7968      0.7947      0.5959
34      A         B           34           ASP           96.71           271    267    101     6.074     6.032     3.673     0.8278      0.8278      0.8259      0.6431
35      A         B           35           LEU           97.06           271    267    101     6.074     6.032     3.673     0.8292      0.8292      0.8273      0.6459
36      A         B           36           HIS           93.86           271    267    101     6.074     6.032     3.673     0.7869      0.7869      0.7847      0.5838
37      A         B           37           ILE           96.47           271    267    101     6.074     6.032     3.673     0.8631      0.8631      0.8615      0.7042
38      A         B           38           LEU           92.25           271    267    101     6.074     6.032     3.673     0.8503      0.8503      0.8486      0.6827
39      A         B           39           PRO           88.02           271    267    101     6.074     6.032     3.673     0.8118      0.8118      0.8098      0.6210
40      A         B           40           VAL           87.03           271    267    101     6.074     6.032     3.673     0.7864      0.7864      0.7841      0.5850
41      A         B           41           ALA           93.31           271    267    101     6.074     6.032     3.673     0.8045      0.8045      0.8024      0.6103
42      A         B           42           PHE           92.15           271    267    101     6.074     6.032     3.673     0.7846      0.7846      0.7823      0.5813
43      A         B           43           LYS           86.07           271    267    101     6.074     6.032     3.673     0.6371      0.6371      0.6341      0.4045
44      A         B           44           GLY           89.81           271    267    101     6.074     6.032     3.673     0.6277      0.6277      0.6247      0.3961
45      A         B           45           ASP           85.45           271    267    101     6.074     6.032     3.673     0.6275      0.6275      0.6244      0.3949
46      A         B           46           SER           81.90           271    267    101     6.074     6.032     3.673     0.5477      0.5477      0.5445      0.3212
47      A         B           47           PHE           82.29           271    267    101     6.074     6.032     3.673     0.6118      0.6118      0.6088      0.3788
48      A         B           48           THR           85.53           271    267    101     6.074     6.032     3.673     0.6370      0.6370      0.6340      0.4035
49      A         B           49           ARG           90.59           271    267    101     6.074     6.032     3.673     0.6005      0.6005      0.5974      0.3681
50      A         B           50           THR           91.81           271    267    101     6.074     6.032     3.673     0.6821      0.6821      0.6793      0.4522
51      A         B           51           PRO           93.98           271    267    101     6.074     6.032     3.673     0.6792      0.6792      0.6763      0.4479
52      A         B           52           PRO           93.10           271    267    101     6.074     6.032     3.673     0.7389      0.7389      0.7364      0.5184
53      A         B           53           LEU           95.65           271    267    101     6.074     6.032     3.673     0.7838      0.7838      0.7815      0.5781
54      A         B           54           ASP           94.77           271    267    101     6.074     6.032     3.673     0.7272      0.7272      0.7245      0.5016
55      A         B           55           PRO           93.20           271    267    101     6.074     6.032     3.673     0.6710      0.6710      0.6681      0.4355
56      A         B           56           ARG           94.31           271    267    101     6.074     6.032     3.673     0.6542      0.6542      0.6512      0.4174
57      A         B           57           GLU           94.82           271    267    101     6.074     6.032     3.673     0.7443      0.7443      0.7418      0.5212
58      A         B           58           LEU           95.71           271    267    101     6.074     6.032     3.673     0.7800      0.7800      0.7777      0.5700
59      A         B           59           GLU           95.03           271    267    101     6.074     6.032     3.673     0.7214      0.7214      0.7187      0.4942
60      A         B           60           ILE           95.25           271    267    101     6.074     6.032     3.673     0.7445      0.7445      0.7420      0.5206
61      A         B           61           LEU           97.03           271    267    101     6.074     6.032     3.673     0.8108      0.8108      0.8087      0.6147
62      A         B           62           LYS           96.12           271    267    101     6.074     6.032     3.673     0.7624      0.7624      0.7600      0.5457
63      A         B           63           THR           96.88           271    267    101     6.074     6.032     3.673     0.7219      0.7219      0.7192      0.4913
64      A         B           64           VAL           98.02           271    267    101     6.074     6.032     3.673     0.8199      0.8199      0.8179      0.6283
65      A         B           65           LYS           98.34           271    267    101     6.074     6.032     3.673     0.7865      0.7865      0.7842      0.5774
66      A         B           66           GLU           98.35           271    267    101     6.074     6.032     3.673     0.8341      0.8341      0.8323      0.6516
67      A         B           67           ILE           98.71           271    267    101     6.074     6.032     3.673     0.8694      0.8694      0.8679      0.7125
68      A         B           68           THR           98.28           271    267    101     6.074     6.032     3.673     0.8460      0.8460      0.8442      0.6719
69      A         B           69           GLY           98.01           271    267    101     6.074     6.032     3.673     0.8438      0.8438      0.8420      0.6689
70      A         B           70           PHE           98.07           271    267    101     6.074     6.032     3.673     0.8770      0.8770      0.8755      0.7275
71      A         B           71           LEU           98.76           271    267    101     6.074     6.032     3.673     0.8917      0.8917      0.8904      0.7547
72      A         B           72           LEU           96.32           271    267    101     6.074     6.032     3.673     0.8832      0.8832      0.8818      0.7394
73      A         B           73           ILE           97.69           271    267    101     6.074     6.032     3.673     0.8862      0.8862      0.8848      0.7453
74      A         B           74           GLN           92.08           271    267    101     6.074     6.032     3.673     0.8471      0.8471      0.8454      0.6772
75      A         B           75           ALA           93.09           271    267    101     6.074     6.032     3.673     0.8516      0.8516      0.8499      0.6838
76      A         B           76           TRP           96.19           271    267    101     6.074     6.032     3.673     0.8350      0.8350      0.8331      0.6561
77      A         B           77           PRO           93.82           271    267    101     6.074     6.032     3.673     0.7539      0.7539      0.7514      0.5355
78      A         B           78           ASP           86.74           271    267    101     6.074     6.032     3.673     0.5431      0.5431      0.5399      0.3125
79      A         B           79           ASN           87.83           271    267    101     6.074     6.032     3.673     0.4549      0.4549      0.4517      0.2426
80      A         B           80           TRP           94.76           271    267    101     6.074     6.032     3.673     0.7241      0.7241      0.7214      0.4966
81      A         B           81           THR           92.21           271    267    101     6.074     6.032     3.673     0.6280      0.6280      0.6249      0.3882
82      A         B           82           ASP           94.47           271    267    101     6.074     6.032     3.673     0.7168      0.7168      0.7141      0.4856
83      A         B           83           LEU           97.70           271    267    101     6.074     6.032     3.673     0.8090      0.8090      0.8069      0.6124
84      A         B           84           HIS           94.46           271    267    101     6.074     6.032     3.673     0.7029      0.7029      0.7001      0.4708
85      A         B           85           ALA           95.92           271    267    101     6.074     6.032     3.673     0.7508      0.7508      0.7483      0.5288
86      A         B           86           PHE           98.35           271    267    101     6.074     6.032     3.673     0.8291      0.8291      0.8271      0.6435
87      A         B           87           GLU           96.02           271    267    101     6.074     6.032     3.673     0.7436      0.7436      0.7411      0.5207
88      A         B           88           ASN           97.91           271    267    101     6.074     6.032     3.673     0.7995      0.7995      0.7973      0.5966
89      A         B           89           LEU           98.69           271    267    101     6.074     6.032     3.673     0.8459      0.8459      0.8442      0.6709
90      A         B           90           GLU           98.59           271    267    101     6.074     6.032     3.673     0.8074      0.8074      0.8053      0.6086
91      A         B           91           ILE           98.55           271    267    101     6.074     6.032     3.673     0.8294      0.8294      0.8275      0.6438
92      A         B           92           ILE           98.86           271    267    101     6.074     6.032     3.673     0.8675      0.8675      0.8659      0.7090
93      A         B           93           ARG           98.45           271    267    101     6.074     6.032     3.673     0.8240      0.8240      0.8221      0.6355
94      A         B           94           GLY           97.89           271    267    101     6.074     6.032     3.673     0.8022      0.8022      0.8001      0.6033
95      A         B           95           ARG           95.77           271    267    101     6.074     6.032     3.673     0.7440      0.7440      0.7414      0.5218
96      A         B           96           THR           93.56           271    267    101     6.074     6.032     3.673     0.8157      0.8157      0.8137      0.6247
97      A         B           97           LYS           93.77           271    267    101     6.074     6.032     3.673     0.8414      0.8414      0.8397      0.6663
98      A         B           98           GLN           94.66           271    267    101     6.074     6.032     3.673     0.8408      0.8408      0.8390      0.6656
99      A         B           99           HIS           93.10           271    267    101     6.074     6.032     3.673     0.8528      0.8528      0.8511      0.6858
100     A         B          100           GLY           92.31           271    267    101     6.074     6.032     3.673     0.8195      0.8195      0.8176      0.6319
101     A         B          101           GLN           92.30           271    267    101     6.074     6.032     3.673     0.7887      0.7887      0.7865      0.5877
102     A         B          102           PHE           96.66           271    267    101     6.074     6.032     3.673     0.8835      0.8835      0.8821      0.7405
103     A         B          103           SER           97.66           271    267    101     6.074     6.032     3.673     0.8594      0.8594      0.8578      0.6966
104     A         B          104           LEU           98.49           271    267    101     6.074     6.032     3.673     0.8873      0.8873      0.8860      0.7464
105     A         B          105           ALA           96.63           271    267    101     6.074     6.032     3.673     0.8769      0.8769      0.8754      0.7282
106     A         B          106           VAL           97.50           271    267    101     6.074     6.032     3.673     0.8725      0.8725      0.8710      0.7198
107     A         B          107           VAL           92.95           271    267    101     6.074     6.032     3.673     0.8252      0.8252      0.8233      0.6419
108     A         B          108           GLY           91.92           271    267    101     6.074     6.032     3.673     0.8091      0.8091      0.8070      0.6152
109     A         B          109           LEU           95.90           271    267    101     6.074     6.032     3.673     0.8421      0.8421      0.8403      0.6672
110     A         B          110           ASN           92.61           271    267    101     6.074     6.032     3.673     0.7968      0.7968      0.7947      0.5973
111     A         B          111           ILE           96.03           271    267    101     6.074     6.032     3.673     0.8118      0.8118      0.8097      0.6185
112     A         B          112           THR           90.74           271    267    101     6.074     6.032     3.673     0.7630      0.7630      0.7606      0.5475
113     A         B          113           SER           90.27           271    267    101     6.074     6.032     3.673     0.6730      0.6730      0.6700      0.4349
114     A         B          114           LEU           95.71           271    267    101     6.074     6.032     3.673     0.7662      0.7662      0.7638      0.5502
115     A         B          115           GLY           94.13           271    267    101     6.074     6.032     3.673     0.6422      0.6422      0.6392      0.4036
116     A         B          116           LEU           96.41           271    267    101     6.074     6.032     3.673     0.7243      0.7243      0.7217      0.4942
117     A         B          117           ARG           88.92           271    267    101     6.074     6.032     3.673     0.5032      0.5032      0.4999      0.2786
118     A         B          118           SER           97.15           271    267    101     6.074     6.032     3.673     0.7316      0.7316      0.7290      0.5023
119     A         B          119           LEU           97.05           271    267    101     6.074     6.032     3.673     0.8022      0.8022      0.8000      0.6006
120     A         B          120           LYS           96.17           271    267    101     6.074     6.032     3.673     0.6501      0.6501      0.6471      0.4089
121     A         B          121           GLU           97.91           271    267    101     6.074     6.032     3.673     0.8011      0.8011      0.7989      0.6003
122     A         B          122           ILE           98.47           271    267    101     6.074     6.032     3.673     0.8468      0.8468      0.8451      0.6729
123     A         B          123           SER           98.04           271    267    101     6.074     6.032     3.673     0.8020      0.8020      0.7999      0.6010
124     A         B          124           ASP           95.90           271    267    101     6.074     6.032     3.673     0.8232      0.8232      0.8212      0.6356
125     A         B          125           GLY           96.31           271    267    101     6.074     6.032     3.673     0.8091      0.8091      0.8071      0.6146
126     A         B          126           ASP           95.97           271    267    101     6.074     6.032     3.673     0.8586      0.8586      0.8570      0.6946
127     A         B          127           VAL           97.27           271    267    101     6.074     6.032     3.673     0.8693      0.8693      0.8678      0.7136
128     A         B          128           ILE           95.61           271    267    101     6.074     6.032     3.673     0.8678      0.8678      0.8663      0.7114
129     A         B          129           ILE           96.41           271    267    101     6.074     6.032     3.673     0.8623      0.8623      0.8607      0.7017
130     A         B          130           SER           91.54           271    267    101     6.074     6.032     3.673     0.7639      0.7639      0.7615      0.5527
131     A         B          131           GLY           91.57           271    267    101     6.074     6.032     3.673     0.7770      0.7770      0.7747      0.5697
132     A         B          132           ASN           94.86           271    267    101     6.074     6.032     3.673     0.8104      0.8104      0.8083      0.6163
133     A         B          133           ARG           87.65           271    267    101     6.074     6.032     3.673     0.7212      0.7212      0.7185      0.4946
134     A         B          134           ASN           91.04           271    267    101     6.074     6.032     3.673     0.7533      0.7533      0.7508      0.5358
135     A         B          135           LEU           94.79           271    267    101     6.074     6.032     3.673     0.7722      0.7722      0.7698      0.5597
136     A         B          136           CYS           90.00           271    267    101     6.074     6.032     3.673     0.5654      0.5654      0.5622      0.3317
137     A         B          137           TYR           81.91           271    267    101     6.074     6.032     3.673     0.3913      0.3913      0.3881      0.1938
138     A         B          138           ALA           88.35           271    267    101     6.074     6.032     3.673     0.4878      0.4878      0.4845      0.2637
139     A         B          139           ASN           78.62           271    267    101     6.074     6.032     3.673     0.4382      0.4382      0.4350      0.2268
140     A         B          140           THR           78.85           271    267    101     6.074     6.032     3.673     0.4203      0.4203      0.4171      0.2150
141     A         B          141           ILE           89.19           271    267    101     6.074     6.032     3.673     0.5673      0.5673      0.5640      0.3293
142     A         B          142           ASN           91.31           271    267    101     6.074     6.032     3.673     0.5956      0.5956      0.5924      0.3549
143     A         B          143           TRP           94.98           271    267    101     6.074     6.032     3.673     0.7201      0.7201      0.7174      0.4901
144     A         B          144           LYS           91.62           271    267    101     6.074     6.032     3.673     0.6728      0.6728      0.6699      0.4350
145     A         B          145           LYS           91.56           271    267    101     6.074     6.032     3.673     0.5755      0.5755      0.5722      0.3383
146     A         B          146           LEU           96.43           271    267    101     6.074     6.032     3.673     0.7388      0.7388      0.7362      0.5124
147     A         B          147           PHE           96.87           271    267    101     6.074     6.032     3.673     0.7546      0.7546      0.7521      0.5336
148     A         B          148           GLY           96.35           271    267    101     6.074     6.032     3.673     0.5462      0.5462      0.5429      0.3115
149     A         B          149           THR           88.77           271    267    101     6.074     6.032     3.673     0.5216      0.5216      0.5184      0.2931
150     A         B          150           PRO           89.30           271    267    101     6.074     6.032     3.673     0.5040      0.5040      0.5008      0.2818
151     A         B          151           ASN           85.94           271    267    101     6.074     6.032     3.673     0.5829      0.5829      0.5798      0.3494
152     A         B          152           GLN           94.90           271    267    101     6.074     6.032     3.673     0.7536      0.7536      0.7512      0.5355
153     A         B          153           LYS           90.79           271    267    101     6.074     6.032     3.673     0.7112      0.7112      0.7085      0.4834
154     A         B          154           THR           93.40           271    267    101     6.074     6.032     3.673     0.7539      0.7539      0.7514      0.5377
155     A         B          155           LYS           91.51           271    267    101     6.074     6.032     3.673     0.7422      0.7422      0.7396      0.5222
156     A         B          156           ILE           92.33           271    267    101     6.074     6.032     3.673     0.7535      0.7535      0.7510      0.5374
157     A         B          157           MET           87.18           271    267    101     6.074     6.032     3.673     0.5491      0.5491      0.5459      0.3226
158     A         B          158           ASN           87.58           271    267    101     6.074     6.032     3.673     0.6713      0.6713      0.6684      0.4391
159     A         B          159           ASN           92.65           271    267    101     6.074     6.032     3.673     0.7210      0.7210      0.7183      0.4930
160     A         B          160           ARG           88.80           271    267    101     6.074     6.032     3.673     0.5912      0.5912      0.5880      0.3524
161     A         B          161           ALA           83.33           271    267    101     6.074     6.032     3.673     0.3978      0.3978      0.3947      0.2013
162     A         B          162           GLU           76.77           271    267    101     6.074     6.032     3.673     0.3216      0.3216      0.3187      0.1525
163     A         B          163           LYS           80.46           271    267    101     6.074     6.032     3.673     0.2823      0.2823      0.2796      0.1285
164     A         B          164           ASP           80.72           271    267    101     6.074     6.032     3.673     0.2535      0.2535      0.2510      0.1123
165     A         B          165           CYS           81.13           271    267     73     6.074     6.032     3.000     0.1793      0.1987      0.1966      0.0578
166     A         B          166           LYS           65.62           271    267     14     6.074     6.032     1.000     0.0970      0.1671      0.1652      0.0054
167     A         B          167           ALA           56.90           271    267      0     6.074     6.032     1.000     0.0622      0.0000      0.0000      0.0000
168     A         B          168           VAL           50.03           271    267      0     6.074     6.032     1.000     0.0570      0.0000      0.0000      0.0000
169     A         B          169           ASN           48.89           271    267      0     6.074     6.032     1.000     0.0534      0.0000      0.0000      0.0000
170     A         B          170           HIS           41.10           271    267      0     6.074     6.032     1.000     0.0490      0.0000      0.0000      0.0000
171     B         A            1           MET           72.57           271    271      4     6.074     6.074     1.000     0.0808      0.1578      0.1578      0.0051
172     B         A            2           GLU           78.01           271    271    145     6.074     6.074     4.482     0.2196      0.2371      0.2371      0.1467
173     B         A            3           ILE           87.74           271    271    170     6.074     6.074     4.861     0.3823      0.3823      0.3823      0.2877
174     B         A            4           VAL           95.44           271    271    170     6.074     6.074     4.861     0.5994      0.5994      0.5994      0.4949
175     B         A            5           ASP           95.41           271    271    170     6.074     6.074     4.861     0.6911      0.6911      0.6911      0.5938
176     B         A            6           ALA           97.34           271    271    170     6.074     6.074     4.861     0.7270      0.7270      0.7270      0.6356
177     B         A            7           ARG           96.94           271    271    170     6.074     6.074     4.861     0.7494      0.7494      0.7494      0.6616
178     B         A            8           PHE           97.33           271    271    170     6.074     6.074     4.861     0.7899      0.7899      0.7899      0.7110
179     B         A            9           SER           96.67           271    271    170     6.074     6.074     4.861     0.6935      0.6935      0.6935      0.5961
180     B         A           10           GLU           93.87           271    271    170     6.074     6.074     4.861     0.6312      0.6312      0.6312      0.5271
181     B         A           11           GLU           93.77           271    271    170     6.074     6.074     4.861     0.5629      0.5629      0.5629      0.4564
182     B         A           12           GLY           97.33           271    271    170     6.074     6.074     4.861     0.7058      0.7058      0.7058      0.6103
183     B         A           13           LEU           95.66           271    271    170     6.074     6.074     4.861     0.7504      0.7504      0.7504      0.6625
184     B         A           14           GLU           96.20           271    271    170     6.074     6.074     4.861     0.7512      0.7512      0.7512      0.6639
185     B         A           15           VAL           97.89           271    271    170     6.074     6.074     4.861     0.8304      0.8304      0.8304      0.7624
186     B         A           16           HIS           97.40           271    271    170     6.074     6.074     4.861     0.8419      0.8419      0.8419      0.7776
187     B         A           17           ALA           96.77           271    271    170     6.074     6.074     4.861     0.8252      0.8252      0.8252      0.7556
188     B         A           18           GLU           97.32           271    271    170     6.074     6.074     4.861     0.8305      0.8305      0.8305      0.7628
189     B         A           19           VAL           97.16           271    271    170     6.074     6.074     4.861     0.8478      0.8478      0.8478      0.7855
190     B         A           20           LEU           95.36           271    271    170     6.074     6.074     4.861     0.8436      0.8436      0.8436      0.7796
191     B         A           21           VAL           95.73           271    271    170     6.074     6.074     4.861     0.8378      0.8378      0.8378      0.7722
192     B         A           22           LEU           95.71           271    271    170     6.074     6.074     4.861     0.8482      0.8482      0.8482      0.7860
193     B         A           23           TYR           93.98           271    271    170     6.074     6.074     4.861     0.8545      0.8545      0.8545      0.7945
194     B         A           24           LEU           91.62           271    271    170     6.074     6.074     4.861     0.8194      0.8194      0.8194      0.7483
195     B         A           25           LYS           90.44           271    271    170     6.074     6.074     4.861     0.7633      0.7633      0.7633      0.6791
196     B         A           26           SER           86.61           271    271    170     6.074     6.074     4.861     0.7080      0.7080      0.7080      0.6140
197     B         A           27           PHE           82.32           271    271    170     6.074     6.074     4.861     0.7044      0.7044      0.7044      0.6097
198     B         A           28           SER           77.65           271    271    170     6.074     6.074     4.861     0.5865      0.5865      0.5865      0.4823
199     B         A           29           PRO           77.06           271    271    170     6.074     6.074     4.861     0.5483      0.5483      0.5483      0.4431
200     B         A           30           GLU           79.92           271    271    170     6.074     6.074     4.861     0.4969      0.4969      0.4969      0.3931
201     B         A           31           LEU           85.52           271    271    170     6.074     6.074     4.861     0.5708      0.5708      0.5708      0.4652
202     B         A           32           THR           90.01           271    271    170     6.074     6.074     4.861     0.5962      0.5962      0.5962      0.4911
203     B         A           33           ASP           92.40           271    271    170     6.074     6.074     4.861     0.6103      0.6103      0.6103      0.5056
204     B         A           34           GLU           93.60           271    271    170     6.074     6.074     4.861     0.6332      0.6332      0.6332      0.5308
205     B         A           35           GLU           90.03           271    271    170     6.074     6.074     4.861     0.6823      0.6823      0.6823      0.5837
206     B         A           36           LYS           93.12           271    271    170     6.074     6.074     4.861     0.7056      0.7056      0.7056      0.6107
207     B         A           37           GLU           95.56           271    271    170     6.074     6.074     4.861     0.7072      0.7072      0.7072      0.6124
208     B         A           38           GLU           92.08           271    271    170     6.074     6.074     4.861     0.7288      0.7288      0.7288      0.6376
209     B         A           39           LEU           92.41           271    271    170     6.074     6.074     4.861     0.7659      0.7659      0.7659      0.6815
210     B         A           40           LYS           96.01           271    271    170     6.074     6.074     4.861     0.7782      0.7782      0.7782      0.6967
211     B         A           41           LYS           95.08           271    271    170     6.074     6.074     4.861     0.7334      0.7334      0.7334      0.6432
212     B         A           42           GLU           91.24           271    271    170     6.074     6.074     4.861     0.7453      0.7453      0.7453      0.6571
213     B         A           43           LEU           94.05           271    271    170     6.074     6.074     4.861     0.7899      0.7899      0.7899      0.7110
214     B         A           44           LEU           95.04           271    271    170     6.074     6.074     4.861     0.7821      0.7821      0.7821      0.7013
215     B         A           45           GLU           91.74           271    271    170     6.074     6.074     4.861     0.7036      0.7036      0.7036      0.6087
216     B         A           46           SER           89.85           271    271    170     6.074     6.074     4.861     0.7171      0.7171      0.7171      0.6244
217     B         A           47           TYR           92.70           271    271    170     6.074     6.074     4.861     0.7373      0.7373      0.7373      0.6476
218     B         A           48           LYS           91.52           271    271    170     6.074     6.074     4.861     0.6612      0.6612      0.6612      0.5611
219     B         A           49           SER           86.19           271    271    170     6.074     6.074     4.861     0.5751      0.5751      0.5751      0.4699
220     B         A           50           HIS           87.59           271    271    170     6.074     6.074     4.861     0.5772      0.5772      0.5772      0.4718
221     B         A           51           LYS           86.47           271    271    170     6.074     6.074     4.861     0.4676      0.4676      0.4676      0.3656
222     B         A           52           LEU           84.64           271    271    170     6.074     6.074     4.861     0.3962      0.3962      0.3962      0.3002
223     B         A           53           GLY           88.61           271    271    170     6.074     6.074     4.861     0.3019      0.3019      0.3019      0.2208
224     B         A           54           GLU           88.71           271    271    170     6.074     6.074     4.861     0.4827      0.4827      0.4827      0.3795
225     B         A           55           PHE           89.55           271    271    170     6.074     6.074     4.861     0.5696      0.5696      0.5696      0.4653
226     B         A           56           THR           92.82           271    271    170     6.074     6.074     4.861     0.7179      0.7179      0.7179      0.6256
227     B         A           57           ASP           95.23           271    271    170     6.074     6.074     4.861     0.7687      0.7687      0.7687      0.6859
228     B         A           58           ASN           89.43           271    271    170     6.074     6.074     4.861     0.7017      0.7017      0.7017      0.6084
229     B         A           59           THR           91.45           271    271    170     6.074     6.074     4.861     0.7576      0.7576      0.7576      0.6731
230     B         A           60           LEU           95.43           271    271    170     6.074     6.074     4.861     0.8049      0.8049      0.8049      0.7310
231     B         A           61           SER           92.39           271    271    170     6.074     6.074     4.861     0.7908      0.7908      0.7908      0.7141
232     B         A           62           MET           89.11           271    271    170     6.074     6.074     4.861     0.7955      0.7955      0.7955      0.7193
233     B         A           63           ASP           92.92           271    271    170     6.074     6.074     4.861     0.8307      0.8307      0.8307      0.7642
234     B         A           64           LEU           94.78           271    271    170     6.074     6.074     4.861     0.8536      0.8536      0.8536      0.7937
235     B         A           65           ARG           90.40           271    271    170     6.074     6.074     4.861     0.8270      0.8270      0.8270      0.7592
236     B         A           66           VAL           88.86           271    271    170     6.074     6.074     4.861     0.8134      0.8134      0.8134      0.7417
237     B         A           67           LEU           92.41           271    271    170     6.074     6.074     4.861     0.8392      0.8392      0.8392      0.7749
238     B         A           68           LEU           90.92           271    271    170     6.074     6.074     4.861     0.8046      0.8046      0.8046      0.7302
239     B         A           69           ARG           85.45           271    271    170     6.074     6.074     4.861     0.6987      0.6987      0.6987      0.6046
240     B         A           70           SER           81.77           271    271    170     6.074     6.074     4.861     0.5715      0.5715      0.5715      0.4690
241     B         A           71           GLY           81.86           271    271    170     6.074     6.074     4.861     0.5401      0.5401      0.5401      0.4379
242     B         A           72           ASP           85.41           271    271    170     6.074     6.074     4.861     0.6381      0.6381      0.6381      0.5368
243     B         A           73           PRO           92.18           271    271    170     6.074     6.074     4.861     0.6207      0.6207      0.6207      0.5177
244     B         A           74           ARG           87.91           271    271    170     6.074     6.074     4.861     0.6914      0.6914      0.6914      0.5945
245     B         A           75           LEU           89.57           271    271    170     6.074     6.074     4.861     0.7651      0.7651      0.7651      0.6808
246     B         A           76           GLN           92.04           271    271    170     6.074     6.074     4.861     0.7742      0.7742      0.7742      0.6918
247     B         A           77           LYS           94.22           271    271    170     6.074     6.074     4.861     0.7440      0.7440      0.7440      0.6556
248     B         A           78           THR           93.53           271    271    170     6.074     6.074     4.861     0.7839      0.7839      0.7839      0.7038
249     B         A           79           ALA           94.61           271    271    170     6.074     6.074     4.861     0.8052      0.8052      0.8052      0.7301
250     B         A           80           GLU           95.47           271    271    170     6.074     6.074     4.861     0.7692      0.7692      0.7692      0.6860
251     B         A           81           GLU           96.02           271    271    170     6.074     6.074     4.861     0.7973      0.7973      0.7973      0.7203
252     B         A           82           ILE           97.01           271    271    170     6.074     6.074     4.861     0.8298      0.8298      0.8298      0.7617
253     B         A           83           LEU           96.76           271    271    170     6.074     6.074     4.861     0.8284      0.8284      0.8284      0.7598
254     B         A           84           GLU           97.33           271    271    170     6.074     6.074     4.861     0.7807      0.7807      0.7807      0.6997
255     B         A           85           LEU           97.80           271    271    170     6.074     6.074     4.861     0.8076      0.8076      0.8076      0.7330
256     B         A           86           LEU           98.05           271    271    170     6.074     6.074     4.861     0.8257      0.8257      0.8257      0.7562
257     B         A           87           ARG           97.32           271    271    170     6.074     6.074     4.861     0.7946      0.7946      0.7946      0.7168
258     B         A           88           GLU           97.97           271    271    170     6.074     6.074     4.861     0.7456      0.7456      0.7456      0.6571
259     B         A           89           GLY           98.32           271    271    170     6.074     6.074     4.861     0.7235      0.7235      0.7235      0.6304
260     B         A           90           GLU           97.45           271    271    170     6.074     6.074     4.861     0.7439      0.7439      0.7439      0.6541
261     B         A           91           LYS           97.94           271    271    170     6.074     6.074     4.861     0.6879      0.6879      0.6879      0.5898
262     B         A           92           GLU           97.29           271    271    170     6.074     6.074     4.861     0.6311      0.6311      0.6311      0.5268
263     B         A           93           GLY           97.95           271    271    170     6.074     6.074     4.861     0.6066      0.6066      0.6066      0.5011
264     B         A           94           LYS           97.35           271    271    170     6.074     6.074     4.861     0.7189      0.7189      0.7189      0.6256
265     B         A           95           VAL           98.01           271    271    170     6.074     6.074     4.861     0.7421      0.7421      0.7421      0.6528
266     B         A           96           GLU           97.42           271    271    170     6.074     6.074     4.861     0.7246      0.7246      0.7246      0.6321
267     B         A           97           LEU           97.05           271    271    170     6.074     6.074     4.861     0.7468      0.7468      0.7468      0.6585
268     B         A           98           ILE           96.02           271    271    170     6.074     6.074     4.861     0.6851      0.6851      0.6851      0.5872
269     B         A           99           PRO           91.24           271    271    170     6.074     6.074     4.861     0.5017      0.5017      0.5017      0.3971
270     B         A          100           VAL           85.80           271    271    163     6.074     6.074     4.759     0.2700      0.2764      0.2764      0.1932
271     B         A          101           LYS           68.87           271    271     14     6.074     6.074     1.000     0.0895      0.1761      0.1761      0.0058
