i   AlignChn ScoredChain  AlignResNum  AlignResType  AlignRespLDDT      n0chn  n0dom  n0res    d0chn     d0dom     d0res   ipTM_pae  ipSAE_d0chn ipSAE_d0dom    ipSAE 
1       A         B            1           LYS           92.19           290    289    120     6.264     6.254     4.050     0.2570      0.2570      0.2564      0.1278
2       A         B            2           VAL           97.19           290    289    120     6.264     6.254     4.050     0.6817      0.6817      0.6810      0.4766
3       A         B            3           CYS           97.47           290    289    120     6.264     6.254     4.050     0.7528      0.7528      0.7522      0.5647
4       A         B            4           ASN           97.48           290    289    120     6.264     6.254     4.050     0.7789      0.7789      0.7784      0.5998
5       A         B            5           GLY           98.28           290    289    120     6.264     6.254     4.050     0.7574      0.7574      0.7569      0.5722
6       A         B            6           ILE           97.17           290    289    120     6.264     6.254     4.050     0.7596      0.7596      0.7591      0.5755
7       A         B            7           GLY           93.08           290    289    120     6.264     6.254     4.050     0.6198      0.6198      0.6191      0.4133
8       A         B            8           ILE           91.07           290    289    120     6.264     6.254     4.050     0.6048      0.6048      0.6040      0.3986
9       A         B            9           GLY           94.23           290    289    120     6.264     6.254     4.050     0.5509      0.5509      0.5502      0.3454
10      A         B           10           GLU           92.15           290    289    120     6.264     6.254     4.050     0.5315      0.5315      0.5308      0.3302
11      A         B           11           PHE           95.82           290    289    120     6.264     6.254     4.050     0.6833      0.6833      0.6826      0.4817
12      A         B           12           LYS           91.43           290    289    120     6.264     6.254     4.050     0.6229      0.6229      0.6222      0.4179
13      A         B           13           ASP           86.23           290    289    120     6.264     6.254     4.050     0.5925      0.5925      0.5918      0.3908
14      A         B           14           SER           93.93           290    289    120     6.264     6.254     4.050     0.6937      0.6937      0.6930      0.4967
15      A         B           15           LEU           95.25           290    289    120     6.264     6.254     4.050     0.7261      0.7261      0.7255      0.5342
16      A         B           16           SER           97.55           290    289    120     6.264     6.254     4.050     0.7905      0.7905      0.7900      0.6188
17      A         B           17           ILE           98.02           290    289    120     6.264     6.254     4.050     0.7989      0.7989      0.7985      0.6295
18      A         B           18           ASN           97.69           290    289    120     6.264     6.254     4.050     0.7884      0.7884      0.7879      0.6140
19      A         B           19           ALA           98.05           290    289    120     6.264     6.254     4.050     0.7781      0.7781      0.7775      0.5993
20      A         B           20           THR           96.08           290    289    120     6.264     6.254     4.050     0.6645      0.6645      0.6638      0.4612
21      A         B           21           ASN           96.92           290    289    120     6.264     6.254     4.050     0.7615      0.7615      0.7610      0.5773
22      A         B           22           ILE           97.64           290    289    120     6.264     6.254     4.050     0.7559      0.7559      0.7554      0.5695
23      A         B           23           LYS           94.69           290    289    120     6.264     6.254     4.050     0.6717      0.6717      0.6711      0.4690
24      A         B           24           HIS           95.52           290    289    120     6.264     6.254     4.050     0.6151      0.6151      0.6144      0.4076
25      A         B           25           PHE           97.88           290    289    120     6.264     6.254     4.050     0.7549      0.7549      0.7544      0.5674
26      A         B           26           LYS           96.28           290    289    120     6.264     6.254     4.050     0.7211      0.7211      0.7205      0.5245
27      A         B           27           ASN           94.63           290    289    120     6.264     6.254     4.050     0.6288      0.6288      0.6281      0.4190
28      A         B           28           CYS           97.95           290    289    120     6.264     6.254     4.050     0.7226      0.7226      0.7220      0.5255
29      A         B           29           THR           98.25           290    289    120     6.264     6.254     4.050     0.7288      0.7288      0.7282      0.5333
30      A         B           30           SER           98.37           290    289    120     6.264     6.254     4.050     0.7866      0.7866      0.7861      0.6102
31      A         B           31           ILE           98.68           290    289    120     6.264     6.254     4.050     0.8176      0.8176      0.8171      0.6558
32      A         B           32           SER           97.88           290    289    120     6.264     6.254     4.050     0.7723      0.7723      0.7718      0.5912
33      A         B           33           GLY           97.93           290    289    120     6.264     6.254     4.050     0.7886      0.7886      0.7881      0.6146
34      A         B           34           ASP           97.86           290    289    120     6.264     6.254     4.050     0.8103      0.8103      0.8098      0.6458
35      A         B           35           LEU           98.63           290    289    120     6.264     6.254     4.050     0.8127      0.8127      0.8122      0.6496
36      A         B           36           HIS           97.29           290    289    120     6.264     6.254     4.050     0.7520      0.7520      0.7514      0.5675
37      A         B           37           ILE           98.69           290    289    120     6.264     6.254     4.050     0.8486      0.8486      0.8482      0.7054
38      A         B           38           LEU           97.73           290    289    120     6.264     6.254     4.050     0.8561      0.8561      0.8557      0.7173
39      A         B           39           PRO           96.06           290    289    120     6.264     6.254     4.050     0.8120      0.8120      0.8116      0.6490
40      A         B           40           VAL           94.98           290    289    120     6.264     6.254     4.050     0.7921      0.7921      0.7916      0.6205
41      A         B           41           ALA           97.73           290    289    120     6.264     6.254     4.050     0.7983      0.7983      0.7978      0.6284
42      A         B           42           PHE           97.33           290    289    120     6.264     6.254     4.050     0.7694      0.7694      0.7688      0.5891
43      A         B           43           ARG           94.85           290    289    120     6.264     6.254     4.050     0.6281      0.6281      0.6274      0.4232
44      A         B           44           GLY           96.68           290    289    120     6.264     6.254     4.050     0.5800      0.5800      0.5792      0.3782
45      A         B           45           ASP           95.65           290    289    120     6.264     6.254     4.050     0.5496      0.5496      0.5489      0.3524
46      A         B           46           SER           91.65           290    289    120     6.264     6.254     4.050     0.4944      0.4944      0.4937      0.3034
47      A         B           47           PHE           93.92           290    289    120     6.264     6.254     4.050     0.5484      0.5484      0.5477      0.3521
48      A         B           48           THR           94.59           290    289    120     6.264     6.254     4.050     0.5472      0.5472      0.5465      0.3491
49      A         B           49           HIS           95.69           290    289    120     6.264     6.254     4.050     0.5556      0.5556      0.5549      0.3572
50      A         B           50           THR           96.87           290    289    120     6.264     6.254     4.050     0.6256      0.6256      0.6249      0.4234
51      A         B           51           PRO           97.87           290    289    120     6.264     6.254     4.050     0.6614      0.6614      0.6607      0.4593
52      A         B           52           PRO           97.43           290    289    120     6.264     6.254     4.050     0.7305      0.7305      0.7299      0.5381
53      A         B           53           LEU           98.37           290    289    120     6.264     6.254     4.050     0.7753      0.7753      0.7747      0.5958
54      A         B           54           ASP           97.54           290    289    120     6.264     6.254     4.050     0.7215      0.7215      0.7209      0.5260
55      A         B           55           PRO           96.19           290    289    120     6.264     6.254     4.050     0.6732      0.6732      0.6725      0.4686
56      A         B           56           GLN           96.57           290    289    120     6.264     6.254     4.050     0.6498      0.6498      0.6491      0.4426
57      A         B           57           GLU           97.48           290    289    120     6.264     6.254     4.050     0.7307      0.7307      0.7301      0.5355
58      A         B           58           LEU           97.95           290    289    120     6.264     6.254     4.050     0.7718      0.7718      0.7712      0.5895
59      A         B           59           ASP           97.00           290    289    120     6.264     6.254     4.050     0.7493      0.7493      0.7488      0.5597
60      A         B           60           ILE           97.68           290    289    120     6.264     6.254     4.050     0.7610      0.7610      0.7604      0.5745
61      A         B           61           LEU           98.51           290    289    120     6.264     6.254     4.050     0.8077      0.8077      0.8073      0.6404
62      A         B           62           LYS           97.52           290    289    120     6.264     6.254     4.050     0.7778      0.7778      0.7773      0.5976
63      A         B           63           THR           97.83           290    289    120     6.264     6.254     4.050     0.7289      0.7289      0.7283      0.5331
64      A         B           64           VAL           98.62           290    289    120     6.264     6.254     4.050     0.8102      0.8102      0.8097      0.6441
65      A         B           65           LYS           98.56           290    289    120     6.264     6.254     4.050     0.7645      0.7645      0.7639      0.5796
66      A         B           66           GLU           98.48           290    289    120     6.264     6.254     4.050     0.8226      0.8226      0.8221      0.6630
67      A         B           67           ILE           98.90           290    289    120     6.264     6.254     4.050     0.8532      0.8532      0.8528      0.7120
68      A         B           68           THR           98.57           290    289    120     6.264     6.254     4.050     0.8227      0.8227      0.8222      0.6640
69      A         B           69           GLY           98.54           290    289    120     6.264     6.254     4.050     0.8299      0.8299      0.8294      0.6756
70      A         B           70           PHE           98.68           290    289    120     6.264     6.254     4.050     0.8558      0.8558      0.8555      0.7168
71      A         B           71           LEU           98.95           290    289    120     6.264     6.254     4.050     0.8782      0.8782      0.8778      0.7539
72      A         B           72           LEU           98.50           290    289    120     6.264     6.254     4.050     0.8714      0.8714      0.8711      0.7426
73      A         B           73           ILE           98.84           290    289    120     6.264     6.254     4.050     0.8694      0.8694      0.8690      0.7395
74      A         B           74           GLN           97.67           290    289    120     6.264     6.254     4.050     0.8388      0.8388      0.8383      0.6899
75      A         B           75           ALA           97.62           290    289    120     6.264     6.254     4.050     0.8395      0.8395      0.8391      0.6903
76      A         B           76           TRP           98.27           290    289    120     6.264     6.254     4.050     0.8226      0.8226      0.8221      0.6637
77      A         B           77           PRO           96.95           290    289    120     6.264     6.254     4.050     0.7403      0.7403      0.7397      0.5491
78      A         B           78           GLU           90.24           290    289    120     6.264     6.254     4.050     0.5383      0.5383      0.5376      0.3366
79      A         B           79           ASN           90.67           290    289    120     6.264     6.254     4.050     0.4469      0.4469      0.4461      0.2595
80      A         B           80           ARG           96.01           290    289    120     6.264     6.254     4.050     0.5979      0.5979      0.5971      0.3879
81      A         B           81           THR           94.77           290    289    120     6.264     6.254     4.050     0.5600      0.5600      0.5592      0.3519
82      A         B           82           ASP           96.21           290    289    120     6.264     6.254     4.050     0.6660      0.6660      0.6654      0.4594
83      A         B           83           LEU           98.30           290    289    120     6.264     6.254     4.050     0.7622      0.7622      0.7617      0.5769
84      A         B           84           HIS           93.99           290    289    120     6.264     6.254     4.050     0.5927      0.5927      0.5920      0.3833
85      A         B           85           ALA           97.42           290    289    120     6.264     6.254     4.050     0.7102      0.7102      0.7095      0.5101
86      A         B           86           PHE           98.76           290    289    120     6.264     6.254     4.050     0.8090      0.8090      0.8085      0.6424
87      A         B           87           GLU           97.21           290    289    120     6.264     6.254     4.050     0.7432      0.7432      0.7426      0.5515
88      A         B           88           ASN           98.41           290    289    120     6.264     6.254     4.050     0.7826      0.7826      0.7820      0.6039
89      A         B           89           LEU           98.88           290    289    120     6.264     6.254     4.050     0.8318      0.8318      0.8314      0.6772
90      A         B           90           GLU           98.70           290    289    120     6.264     6.254     4.050     0.7927      0.7927      0.7922      0.6187
91      A         B           91           ILE           98.71           290    289    120     6.264     6.254     4.050     0.8133      0.8133      0.8129      0.6498
92      A         B           92           ILE           98.94           290    289    120     6.264     6.254     4.050     0.8514      0.8514      0.8510      0.7091
93      A         B           93           ARG           98.75           290    289    120     6.264     6.254     4.050     0.8018      0.8018      0.8013      0.6329
94      A         B           94           GLY           98.50           290    289    120     6.264     6.254     4.050     0.7801      0.7801      0.7796      0.6035
95      A         B           95           ARG           97.12           290    289    120     6.264     6.254     4.050     0.6984      0.6984      0.6978      0.4999
96      A         B           96           THR           96.07           290    289    120     6.264     6.254     4.050     0.8145      0.8145      0.8140      0.6534
97      A         B           97           LYS           96.35           290    289    120     6.264     6.254     4.050     0.8354      0.8354      0.8350      0.6859
98      A         B           98           GLN           97.72           290    289    120     6.264     6.254     4.050     0.8346      0.8346      0.8342      0.6845
99      A         B           99           HIS           97.28           290    289    120     6.264     6.254     4.050     0.8427      0.8427      0.8423      0.6976
100     A         B          100           GLY           96.63           290    289    120     6.264     6.254     4.050     0.8284      0.8284      0.8280      0.6746
101     A         B          101           GLN           96.38           290    289    120     6.264     6.254     4.050     0.8159      0.8159      0.8154      0.6584
102     A         B          102           PHE           98.19           290    289    120     6.264     6.254     4.050     0.8758      0.8758      0.8755      0.7519
103     A         B          103           SER           98.30           290    289    120     6.264     6.254     4.050     0.8405      0.8405      0.8401      0.6941
104     A         B          104           LEU           98.78           290    289    120     6.264     6.254     4.050     0.8755      0.8755      0.8752      0.7497
105     A         B          105           ALA           98.42           290    289    120     6.264     6.254     4.050     0.8579      0.8579      0.8575      0.7208
106     A         B          106           VAL           98.50           290    289    120     6.264     6.254     4.050     0.8537      0.8537      0.8533      0.7136
107     A         B          107           VAL           96.73           290    289    120     6.264     6.254     4.050     0.8170      0.8170      0.8165      0.6570
108     A         B          108           SER           95.20           290    289    120     6.264     6.254     4.050     0.7966      0.7966      0.7961      0.6269
109     A         B          109           LEU           97.88           290    289    120     6.264     6.254     4.050     0.8267      0.8267      0.8262      0.6701
110     A         B          110           ASN           95.78           290    289    120     6.264     6.254     4.050     0.7912      0.7912      0.7907      0.6176
111     A         B          111           ILE           97.32           290    289    120     6.264     6.254     4.050     0.8029      0.8029      0.8024      0.6338
112     A         B          112           THR           94.43           290    289    120     6.264     6.254     4.050     0.7594      0.7594      0.7589      0.5727
113     A         B          113           SER           94.05           290    289    120     6.264     6.254     4.050     0.6698      0.6698      0.6691      0.4636
114     A         B          114           LEU           96.96           290    289    120     6.264     6.254     4.050     0.7483      0.7483      0.7477      0.5584
115     A         B          115           GLY           95.96           290    289    120     6.264     6.254     4.050     0.6343      0.6343      0.6336      0.4251
116     A         B          116           LEU           97.31           290    289    120     6.264     6.254     4.050     0.7094      0.7094      0.7087      0.5094
117     A         B          117           ARG           92.22           290    289    120     6.264     6.254     4.050     0.5183      0.5183      0.5176      0.3159
118     A         B          118           SER           97.62           290    289    120     6.264     6.254     4.050     0.7108      0.7108      0.7102      0.5106
119     A         B          119           LEU           97.65           290    289    120     6.264     6.254     4.050     0.7814      0.7814      0.7808      0.6031
120     A         B          120           LYS           96.81           290    289    120     6.264     6.254     4.050     0.6256      0.6256      0.6248      0.4158
121     A         B          121           GLU           98.29           290    289    120     6.264     6.254     4.050     0.7801      0.7801      0.7796      0.6033
122     A         B          122           ILE           98.69           290    289    120     6.264     6.254     4.050     0.8261      0.8261      0.8257      0.6696
123     A         B          123           SER           98.42           290    289    120     6.264     6.254     4.050     0.7755      0.7755      0.7749      0.5957
124     A         B          124           ASP           97.60           290    289    120     6.264     6.254     4.050     0.7981      0.7981      0.7976      0.6301
125     A         B          125           GLY           97.77           290    289    120     6.264     6.254     4.050     0.7880      0.7880      0.7875      0.6162
126     A         B          126           ASP           97.23           290    289    120     6.264     6.254     4.050     0.8399      0.8399      0.8395      0.6926
127     A         B          127           VAL           98.03           290    289    120     6.264     6.254     4.050     0.8580      0.8580      0.8576      0.7208
128     A         B          128           ILE           97.67           290    289    120     6.264     6.254     4.050     0.8500      0.8500      0.8496      0.7085
129     A         B          129           ILE           97.86           290    289    120     6.264     6.254     4.050     0.8462      0.8462      0.8458      0.7017
130     A         B          130           SER           94.77           290    289    120     6.264     6.254     4.050     0.7503      0.7503      0.7497      0.5649
131     A         B          131           GLY           95.33           290    289    120     6.264     6.254     4.050     0.7714      0.7714      0.7709      0.5930
132     A         B          132           ASN           97.30           290    289    120     6.264     6.254     4.050     0.7980      0.7980      0.7975      0.6272
133     A         B          133           LYS           93.90           290    289    120     6.264     6.254     4.050     0.7416      0.7416      0.7410      0.5518
134     A         B          134           ASN           95.19           290    289    120     6.264     6.254     4.050     0.7639      0.7639      0.7634      0.5794
135     A         B          135           LEU           97.05           290    289    120     6.264     6.254     4.050     0.7632      0.7632      0.7627      0.5782
136     A         B          136           CYS           94.80           290    289    120     6.264     6.254     4.050     0.5588      0.5588      0.5581      0.3517
137     A         B          137           TYR           89.17           290    289    120     6.264     6.254     4.050     0.3462      0.3462      0.3455      0.1838
138     A         B          138           ALA           92.21           290    289    120     6.264     6.254     4.050     0.4192      0.4192      0.4185      0.2356
139     A         B          139           ASN           82.95           290    289    120     6.264     6.254     4.050     0.3664      0.3664      0.3657      0.1977
140     A         B          140           THR           86.78           290    289    120     6.264     6.254     4.050     0.3764      0.3764      0.3757      0.2047
141     A         B          141           ILE           92.88           290    289    120     6.264     6.254     4.050     0.5230      0.5230      0.5222      0.3189
142     A         B          142           ASN           93.42           290    289    120     6.264     6.254     4.050     0.5674      0.5674      0.5666      0.3600
143     A         B          143           TRP           96.31           290    289    120     6.264     6.254     4.050     0.7026      0.7026      0.7019      0.5035
144     A         B          144           LYS           93.22           290    289    120     6.264     6.254     4.050     0.6599      0.6599      0.6592      0.4536
145     A         B          145           LYS           94.42           290    289    120     6.264     6.254     4.050     0.6195      0.6195      0.6188      0.4114
146     A         B          146           LEU           96.97           290    289    120     6.264     6.254     4.050     0.7260      0.7260      0.7254      0.5308
147     A         B          147           PHE           97.79           290    289    120     6.264     6.254     4.050     0.7441      0.7441      0.7436      0.5543
148     A         B          148           GLY           97.50           290    289    120     6.264     6.254     4.050     0.5520      0.5520      0.5513      0.3462
149     A         B          149           THR           95.06           290    289    120     6.264     6.254     4.050     0.5510      0.5510      0.5503      0.3471
150     A         B          150           SER           93.51           290    289    120     6.264     6.254     4.050     0.4908      0.4908      0.4901      0.2961
151     A         B          151           GLY           93.97           290    289    120     6.264     6.254     4.050     0.6237      0.6237      0.6230      0.4198
152     A         B          152           GLN           97.13           290    289    120     6.264     6.254     4.050     0.7449      0.7449      0.7443      0.5575
153     A         B          153           LYS           93.61           290    289    120     6.264     6.254     4.050     0.7106      0.7106      0.7100      0.5155
154     A         B          154           THR           95.37           290    289    120     6.264     6.254     4.050     0.7377      0.7377      0.7371      0.5489
155     A         B          155           LYS           94.67           290    289    120     6.264     6.254     4.050     0.7382      0.7382      0.7376      0.5496
156     A         B          156           ILE           94.79           290    289    120     6.264     6.254     4.050     0.7422      0.7422      0.7416      0.5544
157     A         B          157           ILE           91.88           290    289    120     6.264     6.254     4.050     0.6122      0.6122      0.6114      0.4073
158     A         B          158           SER           92.28           290    289    120     6.264     6.254     4.050     0.6587      0.6587      0.6580      0.4547
159     A         B          159           ASN           95.68           290    289    120     6.264     6.254     4.050     0.7092      0.7092      0.7086      0.5097
160     A         B          160           ARG           94.29           290    289    120     6.264     6.254     4.050     0.6097      0.6097      0.6090      0.4002
161     A         B          161           GLY           91.65           290    289    120     6.264     6.254     4.050     0.4514      0.4514      0.4506      0.2604
162     A         B          162           GLU           85.95           290    289    120     6.264     6.254     4.050     0.4290      0.4290      0.4283      0.2428
163     A         B          163           ASN           91.54           290    289    120     6.264     6.254     4.050     0.3630      0.3630      0.3623      0.1949
164     A         B          164           SER           91.48           290    289    120     6.264     6.254     4.050     0.4049      0.4049      0.4042      0.2238
165     A         B          165           CYS           92.94           290    289    120     6.264     6.254     4.050     0.4250      0.4250      0.4243      0.2388
166     A         B          166           LYS           90.96           290    289    120     6.264     6.254     4.050     0.3956      0.3956      0.3949      0.2175
167     A         B          167           ALA           91.91           290    289    120     6.264     6.254     4.050     0.2736      0.2736      0.2729      0.1371
168     A         B          168           THR           84.48           290    289    114     6.264     6.254     3.936     0.1931      0.1958      0.1954      0.0881
169     A         B          169           GLY           83.71           290    289     12     6.264     6.254     1.000     0.1231      0.1545      0.1541      0.0046
170     A         B          170           GLN           71.47           290    289      0     6.264     6.254     1.000     0.0879      0.0000      0.0000      0.0000
171     B         A            1           SER           80.34           290    290    109     6.264     6.264     3.838     0.1878      0.2262      0.2262      0.1024
172     B         A            2           LEU           89.58           290    290    170     6.264     6.264     4.861     0.4541      0.4541      0.4541      0.3407
173     B         A            3           LEU           93.09           290    290    170     6.264     6.264     4.861     0.6372      0.6372      0.6372      0.5200
174     B         A            4           ILE           95.27           290    290    170     6.264     6.264     4.861     0.7510      0.7510      0.7510      0.6498
175     B         A            5           ASP           94.16           290    290    170     6.264     6.264     4.861     0.7783      0.7783      0.7783      0.6836
176     B         A            6           LEU           96.53           290    290    170     6.264     6.264     4.861     0.8221      0.8221      0.8221      0.7393
177     B         A            7           ILE           97.64           290    290    170     6.264     6.264     4.861     0.8522      0.8522      0.8522      0.7796
178     B         A            8           LYS           96.88           290    290    170     6.264     6.264     4.861     0.8378      0.8378      0.8378      0.7601
179     B         A            9           ASP           97.43           290    290    170     6.264     6.264     4.861     0.8381      0.8381      0.8381      0.7605
180     B         A           10           ALA           97.79           290    290    170     6.264     6.264     4.861     0.8482      0.8482      0.8482      0.7741
181     B         A           11           ALA           98.42           290    290    170     6.264     6.264     4.861     0.8604      0.8604      0.8604      0.7906
182     B         A           12           PHE           97.85           290    290    170     6.264     6.264     4.861     0.8674      0.8674      0.8674      0.8005
183     B         A           13           GLY           98.13           290    290    170     6.264     6.264     4.861     0.8324      0.8324      0.8324      0.7522
184     B         A           14           ALA           98.09           290    290    170     6.264     6.264     4.861     0.8582      0.8582      0.8582      0.7873
185     B         A           15           GLY           98.59           290    290    170     6.264     6.264     4.861     0.8224      0.8224      0.8224      0.7392
186     B         A           16           ILE           97.99           290    290    170     6.264     6.264     4.861     0.8500      0.8500      0.8500      0.7763
187     B         A           17           VAL           98.06           290    290    170     6.264     6.264     4.861     0.8413      0.8413      0.8413      0.7643
188     B         A           18           CYS           98.44           290    290    170     6.264     6.264     4.861     0.8441      0.8441      0.8441      0.7682
189     B         A           19           ALA           97.53           290    290    170     6.264     6.264     4.861     0.8015      0.8015      0.8015      0.7118
190     B         A           20           GLY           97.39           290    290    170     6.264     6.264     4.861     0.7579      0.7579      0.7579      0.6570
191     B         A           21           GLU           97.12           290    290    170     6.264     6.264     4.861     0.7775      0.7775      0.7775      0.6814
192     B         A           22           GLY           97.48           290    290    170     6.264     6.264     4.861     0.7226      0.7226      0.7226      0.6152
193     B         A           23           VAL           97.93           290    290    170     6.264     6.264     4.861     0.7824      0.7824      0.7824      0.6871
194     B         A           24           SER           97.06           290    290    170     6.264     6.264     4.861     0.7016      0.7016      0.7016      0.5896
195     B         A           25           LYS           96.11           290    290    170     6.264     6.264     4.861     0.7013      0.7013      0.7013      0.5896
196     B         A           26           GLU           97.32           290    290    170     6.264     6.264     4.861     0.7128      0.7128      0.7128      0.6030
197     B         A           27           ILE           98.12           290    290    170     6.264     6.264     4.861     0.8001      0.8001      0.8001      0.7095
198     B         A           28           LEU           98.45           290    290    170     6.264     6.264     4.861     0.8108      0.8108      0.8108      0.7231
199     B         A           29           ARG           98.29           290    290    170     6.264     6.264     4.861     0.7980      0.7980      0.7980      0.7070
200     B         A           30           LYS           97.87           290    290    170     6.264     6.264     4.861     0.7452      0.7452      0.7452      0.6410
201     B         A           31           GLU           98.16           290    290    170     6.264     6.264     4.861     0.8119      0.8119      0.8119      0.7247
202     B         A           32           MET           98.44           290    290    170     6.264     6.264     4.861     0.8037      0.8037      0.8037      0.7141
203     B         A           33           GLU           98.40           290    290    170     6.264     6.264     4.861     0.8035      0.8035      0.8035      0.7140
204     B         A           34           LYS           97.83           290    290    170     6.264     6.264     4.861     0.7806      0.7806      0.7806      0.6846
205     B         A           35           ALA           98.26           290    290    170     6.264     6.264     4.861     0.7875      0.7875      0.7875      0.6932
206     B         A           36           ALA           98.00           290    290    170     6.264     6.264     4.861     0.7649      0.7649      0.7649      0.6649
207     B         A           37           LYS           98.01           290    290    170     6.264     6.264     4.861     0.7447      0.7447      0.7447      0.6404
208     B         A           38           GLU           98.16           290    290    170     6.264     6.264     4.861     0.7822      0.7822      0.7822      0.6868
209     B         A           39           LEU           98.21           290    290    170     6.264     6.264     4.861     0.7942      0.7942      0.7942      0.7017
210     B         A           40           VAL           98.09           290    290    170     6.264     6.264     4.861     0.7755      0.7755      0.7755      0.6783
211     B         A           41           GLU           97.48           290    290    170     6.264     6.264     4.861     0.6679      0.6679      0.6679      0.5509
212     B         A           42           LYS           97.03           290    290    170     6.264     6.264     4.861     0.6993      0.6993      0.6993      0.5869
213     B         A           43           GLY           96.72           290    290    170     6.264     6.264     4.861     0.6630      0.6630      0.6630      0.5462
214     B         A           44           ILE           97.07           290    290    170     6.264     6.264     4.861     0.7418      0.7418      0.7418      0.6366
215     B         A           45           VAL           95.52           290    290    170     6.264     6.264     4.861     0.6324      0.6324      0.6324      0.5129
216     B         A           46           SER           96.94           290    290    170     6.264     6.264     4.861     0.6969      0.6969      0.6969      0.5841
217     B         A           47           GLU           97.02           290    290    170     6.264     6.264     4.861     0.6598      0.6598      0.6598      0.5422
218     B         A           48           GLU           95.51           290    290    170     6.264     6.264     4.861     0.6971      0.6971      0.6971      0.5849
219     B         A           49           GLU           96.68           290    290    170     6.264     6.264     4.861     0.7387      0.7387      0.7387      0.6333
220     B         A           50           ALA           97.59           290    290    170     6.264     6.264     4.861     0.7594      0.7594      0.7594      0.6584
221     B         A           51           GLU           97.11           290    290    170     6.264     6.264     4.861     0.7523      0.7523      0.7523      0.6504
222     B         A           52           LYS           95.99           290    290    170     6.264     6.264     4.861     0.7691      0.7691      0.7691      0.6714
223     B         A           53           VAL           98.20           290    290    170     6.264     6.264     4.861     0.8169      0.8169      0.8169      0.7317
224     B         A           54           VAL           98.51           290    290    170     6.264     6.264     4.861     0.8332      0.8332      0.8332      0.7530
225     B         A           55           GLU           96.96           290    290    170     6.264     6.264     4.861     0.8046      0.8046      0.8046      0.7163
226     B         A           56           ALA           97.59           290    290    170     6.264     6.264     4.861     0.8307      0.8307      0.8307      0.7500
227     B         A           57           ALA           98.56           290    290    170     6.264     6.264     4.861     0.8437      0.8437      0.8437      0.7672
228     B         A           58           LEU           98.22           290    290    170     6.264     6.264     4.861     0.8391      0.8391      0.8391      0.7612
229     B         A           59           GLU           96.58           290    290    170     6.264     6.264     4.861     0.8217      0.8217      0.8217      0.7388
230     B         A           60           GLY           97.71           290    290    170     6.264     6.264     4.861     0.8239      0.8239      0.8239      0.7410
231     B         A           61           HIS           98.38           290    290    170     6.264     6.264     4.861     0.8430      0.8430      0.8430      0.7665
232     B         A           62           GLU           96.62           290    290    170     6.264     6.264     4.861     0.7905      0.7905      0.7905      0.6984
233     B         A           63           LEU           95.97           290    290    170     6.264     6.264     4.861     0.8002      0.8002      0.8002      0.7107
234     B         A           64           ALA           96.94           290    290    170     6.264     6.264     4.861     0.8050      0.8050      0.8050      0.7165
235     B         A           65           VAL           97.04           290    290    170     6.264     6.264     4.861     0.7841      0.7841      0.7841      0.6900
236     B         A           66           GLU           93.41           290    290    170     6.264     6.264     4.861     0.6930      0.6930      0.6930      0.5822
237     B         A           67           HIS           91.96           290    290    170     6.264     6.264     4.861     0.6582      0.6582      0.6582      0.5439
238     B         A           68           GLY           93.54           290    290    170     6.264     6.264     4.861     0.5770      0.5770      0.5770      0.4581
239     B         A           69           SER           92.28           290    290    170     6.264     6.264     4.861     0.5262      0.5262      0.5262      0.4077
240     B         A           70           THR           93.15           290    290    170     6.264     6.264     4.861     0.4855      0.4855      0.4855      0.3687
241     B         A           71           VAL           94.80           290    290    170     6.264     6.264     4.861     0.6220      0.6220      0.6220      0.5032
242     B         A           72           LYS           93.75           290    290    170     6.264     6.264     4.861     0.5734      0.5734      0.5734      0.4532
243     B         A           73           GLU           92.22           290    290    170     6.264     6.264     4.861     0.6026      0.6026      0.6026      0.4850
244     B         A           74           ASP           95.13           290    290    170     6.264     6.264     4.861     0.6901      0.6901      0.6901      0.5787
245     B         A           75           LYS           91.57           290    290    170     6.264     6.264     4.861     0.7006      0.7006      0.7006      0.5923
246     B         A           76           THR           92.78           290    290    170     6.264     6.264     4.861     0.7194      0.7194      0.7194      0.6140
247     B         A           77           PHE           96.16           290    290    170     6.264     6.264     4.861     0.7782      0.7782      0.7782      0.6840
248     B         A           78           GLU           95.15           290    290    170     6.264     6.264     4.861     0.7707      0.7707      0.7707      0.6743
249     B         A           79           ARG           92.67           290    290    170     6.264     6.264     4.861     0.7682      0.7682      0.7682      0.6715
250     B         A           80           PHE           95.88           290    290    170     6.264     6.264     4.861     0.8002      0.8002      0.8002      0.7120
251     B         A           81           LEU           97.19           290    290    170     6.264     6.264     4.861     0.8125      0.8125      0.8125      0.7269
252     B         A           82           ALA           94.92           290    290    170     6.264     6.264     4.861     0.7764      0.7764      0.7764      0.6808
253     B         A           83           ALA           93.20           290    290    170     6.264     6.264     4.861     0.7668      0.7668      0.7668      0.6694
254     B         A           84           LEU           96.20           290    290    170     6.264     6.264     4.861     0.7938      0.7938      0.7938      0.7029
255     B         A           85           LYS           96.77           290    290    170     6.264     6.264     4.861     0.7868      0.7868      0.7868      0.6937
256     B         A           86           LYS           93.64           290    290    170     6.264     6.264     4.861     0.7287      0.7287      0.7287      0.6231
257     B         A           87           ARG           94.64           290    290    170     6.264     6.264     4.861     0.7085      0.7085      0.7085      0.5998
258     B         A           88           VAL           96.56           290    290    170     6.264     6.264     4.861     0.7214      0.7214      0.7214      0.6146
259     B         A           89           GLU           95.41           290    290    170     6.264     6.264     4.861     0.6603      0.6603      0.6603      0.5444
260     B         A           90           ALA           93.57           290    290    170     6.264     6.264     4.861     0.5234      0.5234      0.5234      0.4044
261     B         A           91           GLY           94.11           290    290    170     6.264     6.264     4.861     0.3494      0.3494      0.3494      0.2489
262     B         A           92           GLY           93.22           290    290    170     6.264     6.264     4.861     0.3854      0.3854      0.3854      0.2796
263     B         A           93           SER           91.93           290    290    170     6.264     6.264     4.861     0.5143      0.5143      0.5143      0.3959
264     B         A           94           GLU           93.50           290    290    170     6.264     6.264     4.861     0.6066      0.6066      0.6066      0.4872
265     B         A           95           GLU           92.37           290    290    170     6.264     6.264     4.861     0.6636      0.6636      0.6636      0.5491
266     B         A           96           ASP           95.27           290    290    170     6.264     6.264     4.861     0.7023      0.7023      0.7023      0.5928
267     B         A           97           LYS           96.11           290    290    170     6.264     6.264     4.861     0.7275      0.7275      0.7275      0.6217
268     B         A           98           LYS           95.51           290    290    170     6.264     6.264     4.861     0.7390      0.7390      0.7390      0.6348
269     B         A           99           LEU           97.09           290    290    170     6.264     6.264     4.861     0.7905      0.7905      0.7905      0.6983
270     B         A          100           VAL           97.69           290    290    170     6.264     6.264     4.861     0.7994      0.7994      0.7994      0.7095
271     B         A          101           GLU           97.23           290    290    170     6.264     6.264     4.861     0.7856      0.7856      0.7856      0.6917
272     B         A          102           ALA           98.02           290    290    170     6.264     6.264     4.861     0.8154      0.8154      0.8154      0.7301
273     B         A          103           LEU           98.10           290    290    170     6.264     6.264     4.861     0.8210      0.8210      0.8210      0.7374
274     B         A          104           GLU           97.92           290    290    170     6.264     6.264     4.861     0.8175      0.8175      0.8175      0.7328
275     B         A          105           ILE           98.55           290    290    170     6.264     6.264     4.861     0.8322      0.8322      0.8322      0.7518
276     B         A          106           ILE           98.40           290    290    170     6.264     6.264     4.861     0.8257      0.8257      0.8257      0.7435
277     B         A          107           GLU           97.76           290    290    170     6.264     6.264     4.861     0.8074      0.8074      0.8074      0.7193
278     B         A          108           GLU           97.93           290    290    170     6.264     6.264     4.861     0.7981      0.7981      0.7981      0.7077
279     B         A          109           ALA           98.40           290    290    170     6.264     6.264     4.861     0.8029      0.8029      0.8029      0.7133
280     B         A          110           ARG           97.93           290    290    170     6.264     6.264     4.861     0.7797      0.7797      0.7797      0.6837
281     B         A          111           LYS           97.76           290    290    170     6.264     6.264     4.861     0.8079      0.8079      0.8079      0.7199
282     B         A          112           ARG           97.72           290    290    170     6.264     6.264     4.861     0.7840      0.7840      0.7840      0.6893
283     B         A          113           ALA           98.24           290    290    170     6.264     6.264     4.861     0.7825      0.7825      0.7825      0.6870
284     B         A          114           ILE           97.85           290    290    170     6.264     6.264     4.861     0.7813      0.7813      0.7813      0.6854
285     B         A          115           GLU           96.78           290    290    170     6.264     6.264     4.861     0.7597      0.7597      0.7597      0.6589
286     B         A          116           GLU           96.54           290    290    170     6.264     6.264     4.861     0.7124      0.7124      0.7124      0.6020
287     B         A          117           GLN           96.49           290    290    170     6.264     6.264     4.861     0.6522      0.6522      0.6522      0.5334
288     B         A          118           LYS           93.41           290    290    170     6.264     6.264     4.861     0.5146      0.5146      0.5146      0.3926
289     B         A          119           LYS           89.42           290    290    170     6.264     6.264     4.861     0.3641      0.3641      0.3641      0.2587
290     B         A          120           LEU           83.60           290    290     61     6.264     6.264     2.643     0.1410      0.1677      0.1677      0.0347
