i   AlignChn ScoredChain  AlignResNum  AlignResType  AlignRespLDDT      n0chn  n0dom  n0res    d0chn     d0dom     d0res   ipTM_pae  ipSAE_d0chn ipSAE_d0dom    ipSAE 
1       A         B            1           LYS           92.76           290    289    120     6.264     6.254     4.050     0.3282      0.3282      0.3276      0.1718
2       A         B            2           VAL           96.97           290    289    120     6.264     6.254     4.050     0.7103      0.7103      0.7097      0.5109
3       A         B            3           CYS           97.36           290    289    120     6.264     6.254     4.050     0.7660      0.7660      0.7654      0.5827
4       A         B            4           ASN           97.53           290    289    120     6.264     6.254     4.050     0.7943      0.7943      0.7938      0.6217
5       A         B            5           GLY           98.26           290    289    120     6.264     6.254     4.050     0.7708      0.7708      0.7703      0.5907
6       A         B            6           ILE           97.12           290    289    120     6.264     6.254     4.050     0.7727      0.7727      0.7722      0.5939
7       A         B            7           GLY           93.24           290    289    120     6.264     6.254     4.050     0.6375      0.6375      0.6368      0.4326
8       A         B            8           ILE           91.61           290    289    120     6.264     6.254     4.050     0.6347      0.6347      0.6340      0.4297
9       A         B            9           GLY           94.18           290    289    120     6.264     6.254     4.050     0.5691      0.5691      0.5684      0.3628
10      A         B           10           GLU           91.97           290    289    120     6.264     6.254     4.050     0.5377      0.5377      0.5369      0.3370
11      A         B           11           PHE           95.70           290    289    120     6.264     6.254     4.050     0.7023      0.7023      0.7017      0.5051
12      A         B           12           LYS           91.55           290    289    120     6.264     6.254     4.050     0.6400      0.6400      0.6393      0.4379
13      A         B           13           ASP           88.81           290    289    120     6.264     6.254     4.050     0.6167      0.6167      0.6160      0.4162
14      A         B           14           SER           94.46           290    289    120     6.264     6.254     4.050     0.7119      0.7119      0.7113      0.5192
15      A         B           15           LEU           95.73           290    289    120     6.264     6.254     4.050     0.7453      0.7453      0.7447      0.5596
16      A         B           16           SER           97.46           290    289    120     6.264     6.254     4.050     0.8054      0.8054      0.8050      0.6406
17      A         B           17           ILE           98.02           290    289    120     6.264     6.254     4.050     0.8119      0.8119      0.8115      0.6486
18      A         B           18           ASN           97.67           290    289    120     6.264     6.254     4.050     0.7979      0.7979      0.7974      0.6276
19      A         B           19           ALA           98.05           290    289    120     6.264     6.254     4.050     0.7887      0.7887      0.7882      0.6144
20      A         B           20           THR           96.08           290    289    120     6.264     6.254     4.050     0.6723      0.6723      0.6716      0.4702
21      A         B           21           ASN           96.90           290    289    120     6.264     6.254     4.050     0.7718      0.7718      0.7713      0.5916
22      A         B           22           ILE           97.21           290    289    120     6.264     6.254     4.050     0.7499      0.7499      0.7493      0.5627
23      A         B           23           LYS           94.04           290    289    120     6.264     6.254     4.050     0.6715      0.6715      0.6708      0.4693
24      A         B           24           HIS           95.59           290    289    120     6.264     6.254     4.050     0.6355      0.6355      0.6348      0.4288
25      A         B           25           PHE           97.68           290    289    120     6.264     6.254     4.050     0.7661      0.7661      0.7656      0.5826
26      A         B           26           LYS           96.07           290    289    120     6.264     6.254     4.050     0.7274      0.7274      0.7268      0.5329
27      A         B           27           ASN           94.47           290    289    120     6.264     6.254     4.050     0.6411      0.6411      0.6404      0.4322
28      A         B           28           CYS           97.94           290    289    120     6.264     6.254     4.050     0.7295      0.7295      0.7289      0.5343
29      A         B           29           THR           98.16           290    289    120     6.264     6.254     4.050     0.7404      0.7404      0.7398      0.5481
30      A         B           30           SER           98.32           290    289    120     6.264     6.254     4.050     0.7995      0.7995      0.7990      0.6287
31      A         B           31           ILE           98.64           290    289    120     6.264     6.254     4.050     0.8286      0.8286      0.8281      0.6727
32      A         B           32           SER           97.84           290    289    120     6.264     6.254     4.050     0.7870      0.7870      0.7864      0.6118
33      A         B           33           GLY           97.90           290    289    120     6.264     6.254     4.050     0.7982      0.7982      0.7978      0.6284
34      A         B           34           ASP           97.83           290    289    120     6.264     6.254     4.050     0.8191      0.8191      0.8186      0.6591
35      A         B           35           LEU           98.61           290    289    120     6.264     6.254     4.050     0.8306      0.8306      0.8302      0.6767
36      A         B           36           HIS           97.29           290    289    120     6.264     6.254     4.050     0.7698      0.7698      0.7692      0.5908
37      A         B           37           ILE           98.65           290    289    120     6.264     6.254     4.050     0.8530      0.8530      0.8527      0.7125
38      A         B           38           LEU           97.44           290    289    120     6.264     6.254     4.050     0.8586      0.8586      0.8582      0.7214
39      A         B           39           PRO           95.74           290    289    120     6.264     6.254     4.050     0.8180      0.8180      0.8176      0.6576
40      A         B           40           VAL           95.16           290    289    120     6.264     6.254     4.050     0.8001      0.8001      0.7996      0.6319
41      A         B           41           ALA           97.66           290    289    120     6.264     6.254     4.050     0.8035      0.8035      0.8030      0.6360
42      A         B           42           PHE           97.44           290    289    120     6.264     6.254     4.050     0.7762      0.7762      0.7757      0.5983
43      A         B           43           ARG           95.04           290    289    120     6.264     6.254     4.050     0.6166      0.6166      0.6159      0.4115
44      A         B           44           GLY           96.96           290    289    120     6.264     6.254     4.050     0.5741      0.5741      0.5734      0.3729
45      A         B           45           ASP           95.81           290    289    120     6.264     6.254     4.050     0.5669      0.5669      0.5662      0.3684
46      A         B           46           SER           91.79           290    289    120     6.264     6.254     4.050     0.4992      0.4992      0.4985      0.3077
47      A         B           47           PHE           94.11           290    289    120     6.264     6.254     4.050     0.5681      0.5681      0.5674      0.3696
48      A         B           48           THR           94.71           290    289    120     6.264     6.254     4.050     0.5678      0.5678      0.5671      0.3679
49      A         B           49           HIS           95.57           290    289    120     6.264     6.254     4.050     0.5682      0.5682      0.5675      0.3700
50      A         B           50           THR           96.85           290    289    120     6.264     6.254     4.050     0.6313      0.6313      0.6307      0.4300
51      A         B           51           PRO           97.88           290    289    120     6.264     6.254     4.050     0.6671      0.6671      0.6664      0.4658
52      A         B           52           PRO           97.57           290    289    120     6.264     6.254     4.050     0.7357      0.7357      0.7351      0.5449
53      A         B           53           LEU           98.38           290    289    120     6.264     6.254     4.050     0.7830      0.7830      0.7824      0.6066
54      A         B           54           ASP           97.62           290    289    120     6.264     6.254     4.050     0.7338      0.7338      0.7332      0.5416
55      A         B           55           PRO           96.35           290    289    120     6.264     6.254     4.050     0.6819      0.6819      0.6812      0.4785
56      A         B           56           GLN           96.61           290    289    120     6.264     6.254     4.050     0.6576      0.6576      0.6569      0.4511
57      A         B           57           GLU           97.47           290    289    120     6.264     6.254     4.050     0.7376      0.7376      0.7370      0.5443
58      A         B           58           LEU           97.97           290    289    120     6.264     6.254     4.050     0.7798      0.7798      0.7792      0.6005
59      A         B           59           ASP           96.95           290    289    120     6.264     6.254     4.050     0.7555      0.7555      0.7549      0.5679
60      A         B           60           ILE           97.64           290    289    120     6.264     6.254     4.050     0.7692      0.7692      0.7686      0.5857
61      A         B           61           LEU           98.49           290    289    120     6.264     6.254     4.050     0.8150      0.8150      0.8146      0.6513
62      A         B           62           LYS           97.42           290    289    120     6.264     6.254     4.050     0.7845      0.7845      0.7840      0.6070
63      A         B           63           THR           97.74           290    289    120     6.264     6.254     4.050     0.7344      0.7344      0.7338      0.5402
64      A         B           64           VAL           98.56           290    289    120     6.264     6.254     4.050     0.8152      0.8152      0.8147      0.6516
65      A         B           65           LYS           98.38           290    289    120     6.264     6.254     4.050     0.7620      0.7620      0.7614      0.5764
66      A         B           66           GLU           98.47           290    289    120     6.264     6.254     4.050     0.8332      0.8332      0.8328      0.6795
67      A         B           67           ILE           98.90           290    289    120     6.264     6.254     4.050     0.8652      0.8652      0.8648      0.7319
68      A         B           68           THR           98.58           290    289    120     6.264     6.254     4.050     0.8401      0.8401      0.8397      0.6910
69      A         B           69           GLY           98.52           290    289    120     6.264     6.254     4.050     0.8422      0.8422      0.8418      0.6950
70      A         B           70           PHE           98.67           290    289    120     6.264     6.254     4.050     0.8683      0.8683      0.8679      0.7375
71      A         B           71           LEU           98.94           290    289    120     6.264     6.254     4.050     0.8865      0.8865      0.8862      0.7684
72      A         B           72           LEU           98.44           290    289    120     6.264     6.254     4.050     0.8780      0.8780      0.8777      0.7539
73      A         B           73           ILE           98.83           290    289    120     6.264     6.254     4.050     0.8760      0.8760      0.8757      0.7507
74      A         B           74           GLN           97.38           290    289    120     6.264     6.254     4.050     0.8474      0.8474      0.8470      0.7035
75      A         B           75           ALA           97.43           290    289    120     6.264     6.254     4.050     0.8448      0.8448      0.8444      0.6987
76      A         B           76           TRP           98.24           290    289    120     6.264     6.254     4.050     0.8295      0.8295      0.8291      0.6743
77      A         B           77           PRO           96.76           290    289    120     6.264     6.254     4.050     0.7428      0.7428      0.7422      0.5520
78      A         B           78           GLU           90.85           290    289    120     6.264     6.254     4.050     0.5643      0.5643      0.5635      0.3589
79      A         B           79           ASN           91.65           290    289    120     6.264     6.254     4.050     0.4526      0.4526      0.4519      0.2633
80      A         B           80           ARG           95.84           290    289    120     6.264     6.254     4.050     0.6309      0.6309      0.6302      0.4209
81      A         B           81           THR           94.64           290    289    120     6.264     6.254     4.050     0.5849      0.5849      0.5841      0.3750
82      A         B           82           ASP           96.08           290    289    120     6.264     6.254     4.050     0.6814      0.6814      0.6807      0.4766
83      A         B           83           LEU           98.23           290    289    120     6.264     6.254     4.050     0.7730      0.7730      0.7724      0.5914
84      A         B           84           HIS           93.64           290    289    120     6.264     6.254     4.050     0.5985      0.5985      0.5978      0.3887
85      A         B           85           ALA           97.34           290    289    120     6.264     6.254     4.050     0.7167      0.7167      0.7160      0.5180
86      A         B           86           PHE           98.72           290    289    120     6.264     6.254     4.050     0.8141      0.8141      0.8137      0.6502
87      A         B           87           GLU           96.97           290    289    120     6.264     6.254     4.050     0.7420      0.7420      0.7414      0.5502
88      A         B           88           ASN           98.25           290    289    120     6.264     6.254     4.050     0.7798      0.7798      0.7793      0.6002
89      A         B           89           LEU           98.84           290    289    120     6.264     6.254     4.050     0.8409      0.8409      0.8405      0.6915
90      A         B           90           GLU           98.66           290    289    120     6.264     6.254     4.050     0.8003      0.8003      0.7998      0.6297
91      A         B           91           ILE           98.71           290    289    120     6.264     6.254     4.050     0.8309      0.8309      0.8305      0.6766
92      A         B           92           ILE           98.93           290    289    120     6.264     6.254     4.050     0.8643      0.8643      0.8639      0.7304
93      A         B           93           ARG           98.72           290    289    120     6.264     6.254     4.050     0.8187      0.8187      0.8183      0.6581
94      A         B           94           GLY           98.48           290    289    120     6.264     6.254     4.050     0.8058      0.8058      0.8053      0.6401
95      A         B           95           ARG           97.58           290    289    120     6.264     6.254     4.050     0.7669      0.7669      0.7664      0.5856
96      A         B           96           THR           96.09           290    289    120     6.264     6.254     4.050     0.8266      0.8266      0.8262      0.6719
97      A         B           97           LYS           96.39           290    289    120     6.264     6.254     4.050     0.8476      0.8476      0.8473      0.7053
98      A         B           98           GLN           97.61           290    289    120     6.264     6.254     4.050     0.8413      0.8413      0.8409      0.6951
99      A         B           99           HIS           97.23           290    289    120     6.264     6.254     4.050     0.8535      0.8535      0.8532      0.7149
100     A         B          100           GLY           96.76           290    289    120     6.264     6.254     4.050     0.8389      0.8389      0.8385      0.6910
101     A         B          101           GLN           96.48           290    289    120     6.264     6.254     4.050     0.8313      0.8313      0.8309      0.6817
102     A         B          102           PHE           98.19           290    289    120     6.264     6.254     4.050     0.8863      0.8863      0.8860      0.7700
103     A         B          103           SER           98.26           290    289    120     6.264     6.254     4.050     0.8526      0.8526      0.8522      0.7134
104     A         B          104           LEU           98.73           290    289    120     6.264     6.254     4.050     0.8829      0.8829      0.8826      0.7626
105     A         B          105           ALA           98.36           290    289    120     6.264     6.254     4.050     0.8674      0.8674      0.8670      0.7364
106     A         B          106           VAL           98.47           290    289    120     6.264     6.254     4.050     0.8654      0.8654      0.8651      0.7330
107     A         B          107           VAL           96.49           290    289    120     6.264     6.254     4.050     0.8242      0.8242      0.8237      0.6676
108     A         B          108           SER           94.55           290    289    120     6.264     6.254     4.050     0.8049      0.8049      0.8045      0.6395
109     A         B          109           LEU           97.81           290    289    120     6.264     6.254     4.050     0.8344      0.8344      0.8340      0.6818
110     A         B          110           ASN           95.71           290    289    120     6.264     6.254     4.050     0.7941      0.7941      0.7936      0.6217
111     A         B          111           ILE           97.13           290    289    120     6.264     6.254     4.050     0.8082      0.8082      0.8077      0.6413
112     A         B          112           THR           93.94           290    289    120     6.264     6.254     4.050     0.7625      0.7625      0.7619      0.5766
113     A         B          113           SER           93.66           290    289    120     6.264     6.254     4.050     0.6618      0.6618      0.6611      0.4545
114     A         B          114           LEU           96.62           290    289    120     6.264     6.254     4.050     0.7563      0.7563      0.7557      0.5688
115     A         B          115           GLY           95.61           290    289    120     6.264     6.254     4.050     0.6389      0.6389      0.6382      0.4299
116     A         B          116           LEU           97.07           290    289    120     6.264     6.254     4.050     0.7174      0.7174      0.7168      0.5192
117     A         B          117           ARG           91.64           290    289    120     6.264     6.254     4.050     0.5071      0.5071      0.5063      0.3059
118     A         B          118           SER           97.52           290    289    120     6.264     6.254     4.050     0.7209      0.7209      0.7203      0.5229
119     A         B          119           LEU           97.53           290    289    120     6.264     6.254     4.050     0.7867      0.7867      0.7862      0.6106
120     A         B          120           LYS           96.46           290    289    120     6.264     6.254     4.050     0.6310      0.6310      0.6303      0.4215
121     A         B          121           GLU           98.26           290    289    120     6.264     6.254     4.050     0.7995      0.7995      0.7990      0.6305
122     A         B          122           ILE           98.67           290    289    120     6.264     6.254     4.050     0.8426      0.8426      0.8422      0.6954
123     A         B          123           SER           98.39           290    289    120     6.264     6.254     4.050     0.7924      0.7924      0.7919      0.6194
124     A         B          124           ASP           97.51           290    289    120     6.264     6.254     4.050     0.8144      0.8144      0.8140      0.6540
125     A         B          125           GLY           97.72           290    289    120     6.264     6.254     4.050     0.7998      0.7998      0.7993      0.6330
126     A         B          126           ASP           97.17           290    289    120     6.264     6.254     4.050     0.8487      0.8487      0.8483      0.7065
127     A         B          127           VAL           97.95           290    289    120     6.264     6.254     4.050     0.8661      0.8661      0.8657      0.7343
128     A         B          128           ILE           97.60           290    289    120     6.264     6.254     4.050     0.8579      0.8579      0.8576      0.7211
129     A         B          129           ILE           97.73           290    289    120     6.264     6.254     4.050     0.8549      0.8549      0.8545      0.7156
130     A         B          130           SER           94.69           290    289    120     6.264     6.254     4.050     0.7712      0.7712      0.7706      0.5920
131     A         B          131           GLY           95.01           290    289    120     6.264     6.254     4.050     0.7843      0.7843      0.7838      0.6107
132     A         B          132           ASN           97.12           290    289    120     6.264     6.254     4.050     0.8111      0.8111      0.8106      0.6461
133     A         B          133           LYS           93.70           290    289    120     6.264     6.254     4.050     0.7579      0.7579      0.7574      0.5726
134     A         B          134           ASN           94.73           290    289    120     6.264     6.254     4.050     0.7715      0.7715      0.7710      0.5895
135     A         B          135           LEU           96.75           290    289    120     6.264     6.254     4.050     0.7759      0.7759      0.7753      0.5952
136     A         B          136           CYS           93.85           290    289    120     6.264     6.254     4.050     0.5692      0.5692      0.5684      0.3610
137     A         B          137           TYR           88.34           290    289    120     6.264     6.254     4.050     0.3709      0.3709      0.3702      0.2005
138     A         B          138           ALA           91.52           290    289    120     6.264     6.254     4.050     0.4487      0.4487      0.4480      0.2580
139     A         B          139           ASN           81.60           290    289    120     6.264     6.254     4.050     0.3887      0.3887      0.3880      0.2130
140     A         B          140           THR           85.76           290    289    120     6.264     6.254     4.050     0.3986      0.3986      0.3978      0.2202
141     A         B          141           ILE           92.56           290    289    120     6.264     6.254     4.050     0.5564      0.5564      0.5556      0.3488
142     A         B          142           ASN           92.82           290    289    120     6.264     6.254     4.050     0.5923      0.5923      0.5916      0.3839
143     A         B          143           TRP           95.99           290    289    120     6.264     6.254     4.050     0.7189      0.7189      0.7183      0.5233
144     A         B          144           LYS           92.67           290    289    120     6.264     6.254     4.050     0.6646      0.6646      0.6640      0.4588
145     A         B          145           LYS           91.19           290    289    120     6.264     6.254     4.050     0.5239      0.5239      0.5232      0.3215
146     A         B          146           LEU           96.56           290    289    120     6.264     6.254     4.050     0.7324      0.7324      0.7318      0.5391
147     A         B          147           PHE           97.62           290    289    120     6.264     6.254     4.050     0.7596      0.7596      0.7590      0.5747
148     A         B          148           GLY           97.34           290    289    120     6.264     6.254     4.050     0.5637      0.5637      0.5629      0.3569
149     A         B          149           THR           94.48           290    289    120     6.264     6.254     4.050     0.5566      0.5566      0.5558      0.3522
150     A         B          150           SER           92.64           290    289    120     6.264     6.254     4.050     0.4915      0.4915      0.4907      0.2965
151     A         B          151           GLY           93.38           290    289    120     6.264     6.254     4.050     0.6184      0.6184      0.6177      0.4143
152     A         B          152           GLN           96.91           290    289    120     6.264     6.254     4.050     0.7475      0.7475      0.7470      0.5612
153     A         B          153           LYS           93.18           290    289    120     6.264     6.254     4.050     0.7124      0.7124      0.7118      0.5183
154     A         B          154           THR           95.02           290    289    120     6.264     6.254     4.050     0.7439      0.7439      0.7433      0.5567
155     A         B          155           LYS           94.67           290    289    120     6.264     6.254     4.050     0.7417      0.7417      0.7411      0.5541
156     A         B          156           ILE           94.40           290    289    120     6.264     6.254     4.050     0.7515      0.7515      0.7510      0.5665
157     A         B          157           ILE           91.42           290    289    120     6.264     6.254     4.050     0.6266      0.6266      0.6259      0.4218
158     A         B          158           SER           92.10           290    289    120     6.264     6.254     4.050     0.6868      0.6868      0.6862      0.4863
159     A         B          159           ASN           95.30           290    289    120     6.264     6.254     4.050     0.7389      0.7389      0.7383      0.5464
160     A         B          160           ARG           93.26           290    289    120     6.264     6.254     4.050     0.6242      0.6242      0.6235      0.4148
161     A         B          161           GLY           90.63           290    289    120     6.264     6.254     4.050     0.4531      0.4531      0.4523      0.2615
162     A         B          162           GLU           84.26           290    289    120     6.264     6.254     4.050     0.4308      0.4308      0.4301      0.2441
163     A         B          163           ASN           90.29           290    289    120     6.264     6.254     4.050     0.3692      0.3692      0.3685      0.1992
164     A         B          164           SER           90.20           290    289    120     6.264     6.254     4.050     0.4248      0.4248      0.4240      0.2384
165     A         B          165           CYS           91.88           290    289    120     6.264     6.254     4.050     0.4511      0.4511      0.4503      0.2584
166     A         B          166           LYS           89.01           290    289    120     6.264     6.254     4.050     0.3918      0.3918      0.3911      0.2147
167     A         B          167           ALA           89.86           290    289    120     6.264     6.254     4.050     0.2829      0.2829      0.2823      0.1427
168     A         B          168           THR           81.63           290    289    117     6.264     6.254     3.994     0.2033      0.2048      0.2043      0.0951
169     A         B          169           GLY           80.33           290    289     19     6.264     6.254     1.000     0.1282      0.1557      0.1553      0.0047
170     A         B          170           GLN           64.99           290    289      0     6.264     6.254     1.000     0.0887      0.0000      0.0000      0.0000
171     B         A            1           SER           80.42           290    290     94     6.264     6.264     3.521     0.1877      0.2432      0.2432      0.0955
172     B         A            2           LEU           88.63           290    290    170     6.264     6.264     4.861     0.4881      0.4881      0.4881      0.3712
173     B         A            3           LEU           94.13           290    290    170     6.264     6.264     4.861     0.6804      0.6804      0.6804      0.5672
174     B         A            4           ILE           94.58           290    290    170     6.264     6.264     4.861     0.7601      0.7601      0.7601      0.6605
175     B         A            5           ASP           93.10           290    290    170     6.264     6.264     4.861     0.7657      0.7657      0.7657      0.6681
176     B         A            6           LEU           96.13           290    290    170     6.264     6.264     4.861     0.8172      0.8172      0.8172      0.7327
177     B         A            7           ILE           97.72           290    290    170     6.264     6.264     4.861     0.8546      0.8546      0.8546      0.7828
178     B         A            8           LYS           96.58           290    290    170     6.264     6.264     4.861     0.8385      0.8385      0.8385      0.7610
179     B         A            9           ASP           97.30           290    290    170     6.264     6.264     4.861     0.8490      0.8490      0.8490      0.7750
180     B         A           10           ALA           97.80           290    290    170     6.264     6.264     4.861     0.8554      0.8554      0.8554      0.7837
181     B         A           11           ALA           98.42           290    290    170     6.264     6.264     4.861     0.8658      0.8658      0.8658      0.7980
182     B         A           12           PHE           97.80           290    290    170     6.264     6.264     4.861     0.8730      0.8730      0.8730      0.8080
183     B         A           13           GLY           98.14           290    290    170     6.264     6.264     4.861     0.8423      0.8423      0.8423      0.7653
184     B         A           14           ALA           98.20           290    290    170     6.264     6.264     4.861     0.8667      0.8667      0.8667      0.7991
185     B         A           15           GLY           98.59           290    290    170     6.264     6.264     4.861     0.8303      0.8303      0.8303      0.7496
186     B         A           16           ILE           98.08           290    290    170     6.264     6.264     4.861     0.8603      0.8603      0.8603      0.7901
187     B         A           17           VAL           98.11           290    290    170     6.264     6.264     4.861     0.8515      0.8515      0.8515      0.7780
188     B         A           18           CYS           98.42           290    290    170     6.264     6.264     4.861     0.8546      0.8546      0.8546      0.7823
189     B         A           19           ALA           97.51           290    290    170     6.264     6.264     4.861     0.8115      0.8115      0.8115      0.7247
190     B         A           20           GLY           97.35           290    290    170     6.264     6.264     4.861     0.7677      0.7677      0.7677      0.6689
191     B         A           21           GLU           97.05           290    290    170     6.264     6.264     4.861     0.7909      0.7909      0.7909      0.6983
192     B         A           22           GLY           97.36           290    290    170     6.264     6.264     4.861     0.7314      0.7314      0.7314      0.6256
193     B         A           23           VAL           97.89           290    290    170     6.264     6.264     4.861     0.7925      0.7925      0.7925      0.6999
194     B         A           24           SER           97.01           290    290    170     6.264     6.264     4.861     0.7098      0.7098      0.7098      0.5990
195     B         A           25           LYS           96.05           290    290    170     6.264     6.264     4.861     0.7098      0.7098      0.7098      0.5994
196     B         A           26           GLU           97.25           290    290    170     6.264     6.264     4.861     0.7158      0.7158      0.7158      0.6064
197     B         A           27           ILE           98.08           290    290    170     6.264     6.264     4.861     0.8052      0.8052      0.8052      0.7158
198     B         A           28           LEU           98.49           290    290    170     6.264     6.264     4.861     0.8210      0.8210      0.8210      0.7365
199     B         A           29           ARG           98.29           290    290    170     6.264     6.264     4.861     0.8068      0.8068      0.8068      0.7183
200     B         A           30           LYS           97.79           290    290    170     6.264     6.264     4.861     0.7540      0.7540      0.7540      0.6516
201     B         A           31           GLU           98.12           290    290    170     6.264     6.264     4.861     0.8221      0.8221      0.8221      0.7380
202     B         A           32           MET           98.45           290    290    170     6.264     6.264     4.861     0.8173      0.8173      0.8173      0.7317
203     B         A           33           GLU           98.34           290    290    170     6.264     6.264     4.861     0.8129      0.8129      0.8129      0.7262
204     B         A           34           LYS           97.72           290    290    170     6.264     6.264     4.861     0.7833      0.7833      0.7833      0.6880
205     B         A           35           ALA           98.26           290    290    170     6.264     6.264     4.861     0.8027      0.8027      0.8027      0.7127
206     B         A           36           ALA           97.92           290    290    170     6.264     6.264     4.861     0.7763      0.7763      0.7763      0.6789
207     B         A           37           LYS           97.88           290    290    170     6.264     6.264     4.861     0.7617      0.7617      0.7617      0.6610
208     B         A           38           GLU           98.12           290    290    170     6.264     6.264     4.861     0.7937      0.7937      0.7937      0.7014
209     B         A           39           LEU           98.20           290    290    170     6.264     6.264     4.861     0.8088      0.8088      0.8088      0.7205
210     B         A           40           VAL           98.05           290    290    170     6.264     6.264     4.861     0.7857      0.7857      0.7857      0.6910
211     B         A           41           GLU           97.32           290    290    170     6.264     6.264     4.861     0.6810      0.6810      0.6810      0.5655
212     B         A           42           LYS           96.96           290    290    170     6.264     6.264     4.861     0.7113      0.7113      0.7113      0.6008
213     B         A           43           GLY           96.76           290    290    170     6.264     6.264     4.861     0.6791      0.6791      0.6791      0.5640
214     B         A           44           ILE           97.13           290    290    170     6.264     6.264     4.861     0.7669      0.7669      0.7669      0.6672
215     B         A           45           VAL           96.04           290    290    170     6.264     6.264     4.861     0.7060      0.7060      0.7060      0.5944
216     B         A           46           SER           96.83           290    290    170     6.264     6.264     4.861     0.7050      0.7050      0.7050      0.5932
217     B         A           47           GLU           96.00           290    290    170     6.264     6.264     4.861     0.6414      0.6414      0.6414      0.5221
218     B         A           48           GLU           94.74           290    290    170     6.264     6.264     4.861     0.6787      0.6787      0.6787      0.5638
219     B         A           49           GLU           96.36           290    290    170     6.264     6.264     4.861     0.7254      0.7254      0.7254      0.6174
220     B         A           50           ALA           97.45           290    290    170     6.264     6.264     4.861     0.7598      0.7598      0.7598      0.6588
221     B         A           51           GLU           97.00           290    290    170     6.264     6.264     4.861     0.7589      0.7589      0.7589      0.6583
222     B         A           52           LYS           95.90           290    290    170     6.264     6.264     4.861     0.7731      0.7731      0.7731      0.6764
223     B         A           53           VAL           98.15           290    290    170     6.264     6.264     4.861     0.8208      0.8208      0.8208      0.7366
224     B         A           54           VAL           98.50           290    290    170     6.264     6.264     4.861     0.8394      0.8394      0.8394      0.7612
225     B         A           55           GLU           96.91           290    290    170     6.264     6.264     4.861     0.8124      0.8124      0.8124      0.7263
226     B         A           56           ALA           97.52           290    290    170     6.264     6.264     4.861     0.8361      0.8361      0.8361      0.7572
227     B         A           57           ALA           98.57           290    290    170     6.264     6.264     4.861     0.8501      0.8501      0.8501      0.7758
228     B         A           58           LEU           98.26           290    290    170     6.264     6.264     4.861     0.8466      0.8466      0.8466      0.7713
229     B         A           59           GLU           96.48           290    290    170     6.264     6.264     4.861     0.8242      0.8242      0.8242      0.7420
230     B         A           60           GLY           97.76           290    290    170     6.264     6.264     4.861     0.8320      0.8320      0.8320      0.7518
231     B         A           61           HIS           98.38           290    290    170     6.264     6.264     4.861     0.8526      0.8526      0.8526      0.7794
232     B         A           62           GLU           96.61           290    290    170     6.264     6.264     4.861     0.7990      0.7990      0.7990      0.7091
233     B         A           63           LEU           95.95           290    290    170     6.264     6.264     4.861     0.8062      0.8062      0.8062      0.7184
234     B         A           64           ALA           96.89           290    290    170     6.264     6.264     4.861     0.8110      0.8110      0.8110      0.7243
235     B         A           65           VAL           96.89           290    290    170     6.264     6.264     4.861     0.7925      0.7925      0.7925      0.7005
236     B         A           66           GLU           93.28           290    290    170     6.264     6.264     4.861     0.7047      0.7047      0.7047      0.5955
237     B         A           67           HIS           91.44           290    290    170     6.264     6.264     4.861     0.6711      0.6711      0.6711      0.5580
238     B         A           68           GLY           93.08           290    290    170     6.264     6.264     4.861     0.5883      0.5883      0.5883      0.4697
239     B         A           69           SER           91.86           290    290    170     6.264     6.264     4.861     0.5423      0.5423      0.5423      0.4234
240     B         A           70           THR           92.65           290    290    170     6.264     6.264     4.861     0.5022      0.5022      0.5022      0.3844
241     B         A           71           VAL           94.77           290    290    170     6.264     6.264     4.861     0.6481      0.6481      0.6481      0.5313
242     B         A           72           LYS           93.72           290    290    170     6.264     6.264     4.861     0.6017      0.6017      0.6017      0.4820
243     B         A           73           GLU           91.81           290    290    170     6.264     6.264     4.861     0.6246      0.6246      0.6246      0.5082
244     B         A           74           ASP           95.16           290    290    170     6.264     6.264     4.861     0.7148      0.7148      0.7148      0.6070
245     B         A           75           LYS           91.66           290    290    170     6.264     6.264     4.861     0.7247      0.7247      0.7247      0.6204
246     B         A           76           THR           92.76           290    290    170     6.264     6.264     4.861     0.7398      0.7398      0.7398      0.6381
247     B         A           77           PHE           96.18           290    290    170     6.264     6.264     4.861     0.7993      0.7993      0.7993      0.7105
248     B         A           78           GLU           95.18           290    290    170     6.264     6.264     4.861     0.7906      0.7906      0.7906      0.6992
249     B         A           79           ARG           92.91           290    290    170     6.264     6.264     4.861     0.7879      0.7879      0.7879      0.6962
250     B         A           80           PHE           95.97           290    290    170     6.264     6.264     4.861     0.8206      0.8206      0.8206      0.7381
251     B         A           81           LEU           97.30           290    290    170     6.264     6.264     4.861     0.8361      0.8361      0.8361      0.7579
252     B         A           82           ALA           95.24           290    290    170     6.264     6.264     4.861     0.7977      0.7977      0.7977      0.7077
253     B         A           83           ALA           93.88           290    290    170     6.264     6.264     4.861     0.7886      0.7886      0.7886      0.6966
254     B         A           84           LEU           96.48           290    290    170     6.264     6.264     4.861     0.8167      0.8167      0.8167      0.7323
255     B         A           85           LYS           97.03           290    290    170     6.264     6.264     4.861     0.8098      0.8098      0.8098      0.7230
256     B         A           86           LYS           94.63           290    290    170     6.264     6.264     4.861     0.7588      0.7588      0.7588      0.6593
257     B         A           87           ARG           95.37           290    290    170     6.264     6.264     4.861     0.7499      0.7499      0.7499      0.6485
258     B         A           88           VAL           96.75           290    290    170     6.264     6.264     4.861     0.7563      0.7563      0.7563      0.6564
259     B         A           89           GLU           95.17           290    290    170     6.264     6.264     4.861     0.6837      0.6837      0.6837      0.5705
260     B         A           90           ALA           93.51           290    290    170     6.264     6.264     4.861     0.5524      0.5524      0.5524      0.4330
261     B         A           91           GLY           93.74           290    290    170     6.264     6.264     4.861     0.3596      0.3596      0.3596      0.2576
262     B         A           92           GLY           93.03           290    290    170     6.264     6.264     4.861     0.3895      0.3895      0.3895      0.2830
263     B         A           93           SER           91.55           290    290    170     6.264     6.264     4.861     0.5197      0.5197      0.5197      0.4009
264     B         A           94           GLU           93.44           290    290    170     6.264     6.264     4.861     0.6288      0.6288      0.6288      0.5105
265     B         A           95           GLU           92.30           290    290    170     6.264     6.264     4.861     0.6868      0.6868      0.6868      0.5749
266     B         A           96           ASP           95.59           290    290    170     6.264     6.264     4.861     0.7242      0.7242      0.7242      0.6182
267     B         A           97           LYS           96.05           290    290    170     6.264     6.264     4.861     0.7511      0.7511      0.7511      0.6499
268     B         A           98           LYS           95.63           290    290    170     6.264     6.264     4.861     0.7726      0.7726      0.7726      0.6755
269     B         A           99           LEU           97.15           290    290    170     6.264     6.264     4.861     0.8137      0.8137      0.8137      0.7278
270     B         A          100           VAL           97.85           290    290    170     6.264     6.264     4.861     0.8228      0.8228      0.8228      0.7398
271     B         A          101           GLU           97.35           290    290    170     6.264     6.264     4.861     0.8036      0.8036      0.8036      0.7146
272     B         A          102           ALA           98.14           290    290    170     6.264     6.264     4.861     0.8351      0.8351      0.8351      0.7559
273     B         A          103           LEU           98.24           290    290    170     6.264     6.264     4.861     0.8405      0.8405      0.8405      0.7632
274     B         A          104           GLU           98.00           290    290    170     6.264     6.264     4.861     0.8330      0.8330      0.8330      0.7532
275     B         A          105           ILE           98.57           290    290    170     6.264     6.264     4.861     0.8504      0.8504      0.8504      0.7764
276     B         A          106           ILE           98.44           290    290    170     6.264     6.264     4.861     0.8387      0.8387      0.8387      0.7607
277     B         A          107           GLU           97.83           290    290    170     6.264     6.264     4.861     0.8220      0.8220      0.8220      0.7383
278     B         A          108           GLU           97.96           290    290    170     6.264     6.264     4.861     0.8129      0.8129      0.8129      0.7268
279     B         A          109           ALA           98.47           290    290    170     6.264     6.264     4.861     0.8209      0.8209      0.8209      0.7367
280     B         A          110           ARG           98.09           290    290    170     6.264     6.264     4.861     0.8081      0.8081      0.8081      0.7199
281     B         A          111           LYS           97.76           290    290    170     6.264     6.264     4.861     0.8227      0.8227      0.8227      0.7392
282     B         A          112           ARG           97.67           290    290    170     6.264     6.264     4.861     0.8011      0.8011      0.8011      0.7110
283     B         A          113           ALA           98.30           290    290    170     6.264     6.264     4.861     0.8008      0.8008      0.8008      0.7103
284     B         A          114           ILE           97.91           290    290    170     6.264     6.264     4.861     0.7939      0.7939      0.7939      0.7012
285     B         A          115           GLU           96.64           290    290    170     6.264     6.264     4.861     0.7656      0.7656      0.7656      0.6662
286     B         A          116           GLU           96.29           290    290    170     6.264     6.264     4.861     0.7089      0.7089      0.7089      0.5979
287     B         A          117           GLN           96.29           290    290    170     6.264     6.264     4.861     0.6399      0.6399      0.6399      0.5202
288     B         A          118           LYS           92.18           290    290    170     6.264     6.264     4.861     0.4855      0.4855      0.4855      0.3651
289     B         A          119           LYS           88.48           290    290    170     6.264     6.264     4.861     0.3618      0.3618      0.3618      0.2570
290     B         A          120           LEU           82.40           290    290     68     6.264     6.264     2.858     0.1422      0.1684      0.1684      0.0405
