i   AlignChn ScoredChain  AlignResNum  AlignResType  AlignRespLDDT      n0chn  n0dom  n0res    d0chn     d0dom     d0res   ipTM_pae  ipSAE_d0chn ipSAE_d0dom    ipSAE 
1       A         B            1           LYS           89.92           290    288    120     6.264     6.244     4.050     0.2766      0.2766      0.2754      0.1396
2       A         B            2           VAL           96.01           290    288    120     6.264     6.244     4.050     0.6507      0.6507      0.6493      0.4424
3       A         B            3           CYS           96.24           290    288    120     6.264     6.244     4.050     0.7296      0.7296      0.7283      0.5349
4       A         B            4           ASN           96.15           290    288    120     6.264     6.244     4.050     0.7629      0.7629      0.7618      0.5781
5       A         B            5           GLY           97.44           290    288    120     6.264     6.244     4.050     0.7398      0.7398      0.7386      0.5494
6       A         B            6           ILE           95.35           290    288    120     6.264     6.244     4.050     0.7319      0.7319      0.7307      0.5405
7       A         B            7           GLY           91.67           290    288    120     6.264     6.244     4.050     0.6006      0.6006      0.5991      0.3942
8       A         B            8           ILE           89.55           290    288    120     6.264     6.244     4.050     0.5924      0.5924      0.5910      0.3862
9       A         B            9           GLY           92.06           290    288    120     6.264     6.244     4.050     0.5289      0.5289      0.5274      0.3261
10      A         B           10           GLU           89.82           290    288    120     6.264     6.244     4.050     0.5227      0.5227      0.5213      0.3230
11      A         B           11           PHE           94.17           290    288    120     6.264     6.244     4.050     0.6817      0.6817      0.6804      0.4805
12      A         B           12           LYS           89.96           290    288    120     6.264     6.244     4.050     0.6116      0.6116      0.6101      0.4085
13      A         B           13           ASP           88.31           290    288    120     6.264     6.244     4.050     0.5870      0.5870      0.5856      0.3868
14      A         B           14           THR           93.02           290    288    120     6.264     6.244     4.050     0.6985      0.6985      0.6973      0.5025
15      A         B           15           LEU           93.65           290    288    120     6.264     6.244     4.050     0.7321      0.7321      0.7309      0.5421
16      A         B           16           SER           95.70           290    288    120     6.264     6.244     4.050     0.7788      0.7788      0.7777      0.6028
17      A         B           17           ILE           96.65           290    288    120     6.264     6.244     4.050     0.7873      0.7873      0.7863      0.6129
18      A         B           18           ASN           94.71           290    288    120     6.264     6.244     4.050     0.7751      0.7751      0.7740      0.5954
19      A         B           19           ALA           96.77           290    288    120     6.264     6.244     4.050     0.7633      0.7633      0.7622      0.5788
20      A         B           20           THR           93.72           290    288    120     6.264     6.244     4.050     0.6481      0.6481      0.6467      0.4424
21      A         B           21           ASN           94.77           290    288    120     6.264     6.244     4.050     0.7446      0.7446      0.7434      0.5550
22      A         B           22           ILE           96.34           290    288    120     6.264     6.244     4.050     0.7416      0.7416      0.7404      0.5506
23      A         B           23           LYS           93.37           290    288    120     6.264     6.244     4.050     0.6576      0.6576      0.6562      0.4523
24      A         B           24           HIS           93.77           290    288    120     6.264     6.244     4.050     0.6147      0.6147      0.6133      0.4063
25      A         B           25           PHE           96.64           290    288    120     6.264     6.244     4.050     0.7328      0.7328      0.7316      0.5389
26      A         B           26           LYS           94.13           290    288    120     6.264     6.244     4.050     0.6786      0.6786      0.6772      0.4742
27      A         B           27           TYR           95.54           290    288    120     6.264     6.244     4.050     0.5632      0.5632      0.5617      0.3541
28      A         B           28           CYS           96.69           290    288    120     6.264     6.244     4.050     0.6939      0.6939      0.6925      0.4908
29      A         B           29           THR           97.14           290    288    120     6.264     6.244     4.050     0.7092      0.7092      0.7079      0.5092
30      A         B           30           ALA           97.80           290    288    120     6.264     6.244     4.050     0.7883      0.7883      0.7872      0.6124
31      A         B           31           ILE           98.05           290    288    120     6.264     6.244     4.050     0.8052      0.8052      0.8042      0.6375
32      A         B           32           SER           97.05           290    288    120     6.264     6.244     4.050     0.7633      0.7633      0.7622      0.5792
33      A         B           33           GLY           97.03           290    288    120     6.264     6.244     4.050     0.7763      0.7763      0.7752      0.5972
34      A         B           34           ASP           97.03           290    288    120     6.264     6.244     4.050     0.7995      0.7995      0.7985      0.6302
35      A         B           35           LEU           97.83           290    288    120     6.264     6.244     4.050     0.8026      0.8026      0.8017      0.6347
36      A         B           36           HIS           95.96           290    288    120     6.264     6.244     4.050     0.7353      0.7353      0.7341      0.5452
37      A         B           37           ILE           98.04           290    288    120     6.264     6.244     4.050     0.8285      0.8285      0.8276      0.6737
38      A         B           38           LEU           96.20           290    288    120     6.264     6.244     4.050     0.8381      0.8381      0.8372      0.6886
39      A         B           39           PRO           94.17           290    288    120     6.264     6.244     4.050     0.7974      0.7974      0.7964      0.6269
40      A         B           40           VAL           92.50           290    288    120     6.264     6.244     4.050     0.7680      0.7680      0.7669      0.5866
41      A         B           41           ALA           96.21           290    288    120     6.264     6.244     4.050     0.7830      0.7830      0.7819      0.6061
42      A         B           42           PHE           96.21           290    288    120     6.264     6.244     4.050     0.7583      0.7583      0.7572      0.5733
43      A         B           43           LYS           93.34           290    288    120     6.264     6.244     4.050     0.6198      0.6198      0.6183      0.4138
44      A         B           44           GLY           94.94           290    288    120     6.264     6.244     4.050     0.5596      0.5596      0.5581      0.3573
45      A         B           45           ASP           92.31           290    288    120     6.264     6.244     4.050     0.5301      0.5301      0.5286      0.3334
46      A         B           46           SER           88.30           290    288    120     6.264     6.244     4.050     0.4739      0.4739      0.4725      0.2851
47      A         B           47           PHE           90.07           290    288    120     6.264     6.244     4.050     0.5206      0.5206      0.5192      0.3250
48      A         B           48           THR           90.75           290    288    120     6.264     6.244     4.050     0.5168      0.5168      0.5153      0.3209
49      A         B           49           ARG           93.28           290    288    120     6.264     6.244     4.050     0.5204      0.5204      0.5190      0.3248
50      A         B           50           THR           94.95           290    288    120     6.264     6.244     4.050     0.5979      0.5979      0.5965      0.3948
51      A         B           51           PRO           96.64           290    288    120     6.264     6.244     4.050     0.6440      0.6440      0.6426      0.4393
52      A         B           52           PRO           95.93           290    288    120     6.264     6.244     4.050     0.7112      0.7112      0.7099      0.5133
53      A         B           53           LEU           97.08           290    288    120     6.264     6.244     4.050     0.7608      0.7608      0.7597      0.5757
54      A         B           54           ASP           95.68           290    288    120     6.264     6.244     4.050     0.7092      0.7092      0.7079      0.5103
55      A         B           55           PRO           95.61           290    288    120     6.264     6.244     4.050     0.6536      0.6536      0.6522      0.4459
56      A         B           56           ARG           95.54           290    288    120     6.264     6.244     4.050     0.6208      0.6208      0.6194      0.4111
57      A         B           57           GLU           96.31           290    288    120     6.264     6.244     4.050     0.7284      0.7284      0.7272      0.5320
58      A         B           58           LEU           97.41           290    288    120     6.264     6.244     4.050     0.7667      0.7667      0.7656      0.5821
59      A         B           59           GLU           96.13           290    288    120     6.264     6.244     4.050     0.7188      0.7188      0.7175      0.5204
60      A         B           60           ILE           96.13           290    288    120     6.264     6.244     4.050     0.7296      0.7296      0.7284      0.5336
61      A         B           61           LEU           97.86           290    288    120     6.264     6.244     4.050     0.7900      0.7900      0.7890      0.6145
62      A         B           62           LYS           96.55           290    288    120     6.264     6.244     4.050     0.7544      0.7544      0.7533      0.5657
63      A         B           63           THR           96.83           290    288    120     6.264     6.244     4.050     0.7061      0.7061      0.7049      0.5049
64      A         B           64           VAL           98.04           290    288    120     6.264     6.244     4.050     0.7946      0.7946      0.7936      0.6213
65      A         B           65           LYS           97.91           290    288    120     6.264     6.244     4.050     0.7487      0.7487      0.7475      0.5586
66      A         B           66           GLU           98.16           290    288    120     6.264     6.244     4.050     0.8152      0.8152      0.8143      0.6519
67      A         B           67           ILE           98.65           290    288    120     6.264     6.244     4.050     0.8458      0.8458      0.8450      0.7002
68      A         B           68           THR           97.99           290    288    120     6.264     6.244     4.050     0.8170      0.8170      0.8161      0.6556
69      A         B           69           GLY           97.99           290    288    120     6.264     6.244     4.050     0.8224      0.8224      0.8215      0.6640
70      A         B           70           PHE           98.30           290    288    120     6.264     6.244     4.050     0.8477      0.8477      0.8469      0.7040
71      A         B           71           LEU           98.83           290    288    120     6.264     6.244     4.050     0.8677      0.8677      0.8670      0.7361
72      A         B           72           LEU           97.84           290    288    120     6.264     6.244     4.050     0.8606      0.8606      0.8599      0.7248
73      A         B           73           ILE           98.57           290    288    120     6.264     6.244     4.050     0.8560      0.8560      0.8553      0.7171
74      A         B           74           GLN           96.42           290    288    120     6.264     6.244     4.050     0.8313      0.8313      0.8304      0.6780
75      A         B           75           ALA           96.47           290    288    120     6.264     6.244     4.050     0.8243      0.8243      0.8234      0.6667
76      A         B           76           TRP           97.84           290    288    120     6.264     6.244     4.050     0.8108      0.8108      0.8098      0.6455
77      A         B           77           PRO           96.37           290    288    120     6.264     6.244     4.050     0.7331      0.7331      0.7319      0.5391
78      A         B           78           ASP           90.12           290    288    120     6.264     6.244     4.050     0.5381      0.5381      0.5366      0.3346
79      A         B           79           ASN           88.71           290    288    120     6.264     6.244     4.050     0.4755      0.4755      0.4740      0.2808
80      A         B           80           TRP           96.51           290    288    120     6.264     6.244     4.050     0.6960      0.6960      0.6947      0.4930
81      A         B           81           THR           94.29           290    288    120     6.264     6.244     4.050     0.6095      0.6095      0.6080      0.3988
82      A         B           82           ASP           95.83           290    288    120     6.264     6.244     4.050     0.6982      0.6982      0.6969      0.4959
83      A         B           83           LEU           98.08           290    288    120     6.264     6.244     4.050     0.7837      0.7837      0.7827      0.6058
84      A         B           84           HIS           95.50           290    288    120     6.264     6.244     4.050     0.6892      0.6892      0.6879      0.4851
85      A         B           85           ALA           96.83           290    288    120     6.264     6.244     4.050     0.7345      0.7345      0.7333      0.5397
86      A         B           86           PHE           98.55           290    288    120     6.264     6.244     4.050     0.8034      0.8034      0.8024      0.6340
87      A         B           87           GLU           96.49           290    288    120     6.264     6.244     4.050     0.7321      0.7321      0.7309      0.5368
88      A         B           88           ASN           97.67           290    288    120     6.264     6.244     4.050     0.7720      0.7720      0.7710      0.5893
89      A         B           89           LEU           98.63           290    288    120     6.264     6.244     4.050     0.8238      0.8238      0.8229      0.6650
90      A         B           90           GLU           98.36           290    288    120     6.264     6.244     4.050     0.7845      0.7845      0.7834      0.6070
91      A         B           91           ILE           98.44           290    288    120     6.264     6.244     4.050     0.8095      0.8095      0.8086      0.6440
92      A         B           92           ILE           98.79           290    288    120     6.264     6.244     4.050     0.8446      0.8446      0.8438      0.6983
93      A         B           93           ARG           98.37           290    288    120     6.264     6.244     4.050     0.7950      0.7950      0.7940      0.6231
94      A         B           94           GLY           97.91           290    288    120     6.264     6.244     4.050     0.7793      0.7793      0.7783      0.6027
95      A         B           95           ARG           96.13           290    288    120     6.264     6.244     4.050     0.7155      0.7155      0.7143      0.5202
96      A         B           96           THR           94.90           290    288    120     6.264     6.244     4.050     0.8037      0.8037      0.8028      0.6379
97      A         B           97           LYS           95.50           290    288    120     6.264     6.244     4.050     0.8235      0.8235      0.8226      0.6679
98      A         B           98           GLN           96.88           290    288    120     6.264     6.244     4.050     0.8240      0.8240      0.8232      0.6683
99      A         B           99           HIS           96.42           290    288    120     6.264     6.244     4.050     0.8430      0.8430      0.8422      0.6978
100     A         B          100           GLY           96.23           290    288    120     6.264     6.244     4.050     0.8314      0.8314      0.8305      0.6793
101     A         B          101           GLN           95.91           290    288    120     6.264     6.244     4.050     0.8234      0.8234      0.8225      0.6694
102     A         B          102           PHE           97.84           290    288    120     6.264     6.244     4.050     0.8726      0.8726      0.8719      0.7467
103     A         B          103           SER           97.83           290    288    120     6.264     6.244     4.050     0.8348      0.8348      0.8339      0.6852
104     A         B          104           LEU           98.58           290    288    120     6.264     6.244     4.050     0.8645      0.8645      0.8638      0.7311
105     A         B          105           ALA           97.91           290    288    120     6.264     6.244     4.050     0.8495      0.8495      0.8487      0.7074
106     A         B          106           VAL           98.26           290    288    120     6.264     6.244     4.050     0.8443      0.8443      0.8435      0.6983
107     A         B          107           VAL           95.74           290    288    120     6.264     6.244     4.050     0.8090      0.8090      0.8081      0.6449
108     A         B          108           GLY           95.83           290    288    120     6.264     6.244     4.050     0.7870      0.7870      0.7860      0.6135
109     A         B          109           LEU           97.76           290    288    120     6.264     6.244     4.050     0.8173      0.8173      0.8164      0.6553
110     A         B          110           ASN           95.39           290    288    120     6.264     6.244     4.050     0.7804      0.7804      0.7794      0.6016
111     A         B          111           ILE           97.13           290    288    120     6.264     6.244     4.050     0.7949      0.7949      0.7939      0.6216
112     A         B          112           THR           92.72           290    288    120     6.264     6.244     4.050     0.7478      0.7478      0.7466      0.5567
113     A         B          113           SER           92.56           290    288    120     6.264     6.244     4.050     0.6498      0.6498      0.6484      0.4410
114     A         B          114           LEU           96.52           290    288    120     6.264     6.244     4.050     0.7399      0.7399      0.7387      0.5472
115     A         B          115           GLY           95.46           290    288    120     6.264     6.244     4.050     0.6245      0.6245      0.6230      0.4141
116     A         B          116           LEU           96.86           290    288    120     6.264     6.244     4.050     0.6953      0.6953      0.6940      0.4924
117     A         B          117           ARG           91.51           290    288    120     6.264     6.244     4.050     0.4959      0.4959      0.4944      0.2960
118     A         B          118           SER           97.09           290    288    120     6.264     6.244     4.050     0.7051      0.7051      0.7038      0.5035
119     A         B          119           LEU           97.19           290    288    120     6.264     6.244     4.050     0.7690      0.7690      0.7679      0.5860
120     A         B          120           LYS           96.20           290    288    120     6.264     6.244     4.050     0.6245      0.6245      0.6230      0.4143
121     A         B          121           GLU           97.90           290    288    120     6.264     6.244     4.050     0.7767      0.7767      0.7756      0.5983
122     A         B          122           ILE           98.45           290    288    120     6.264     6.244     4.050     0.8204      0.8204      0.8195      0.6609
123     A         B          123           SER           97.91           290    288    120     6.264     6.244     4.050     0.7675      0.7675      0.7664      0.5848
124     A         B          124           ASP           96.59           290    288    120     6.264     6.244     4.050     0.7938      0.7938      0.7928      0.6241
125     A         B          125           GLY           97.38           290    288    120     6.264     6.244     4.050     0.7822      0.7822      0.7812      0.6081
126     A         B          126           ASP           97.03           290    288    120     6.264     6.244     4.050     0.8362      0.8362      0.8354      0.6870
127     A         B          127           VAL           97.71           290    288    120     6.264     6.244     4.050     0.8497      0.8497      0.8489      0.7073
128     A         B          128           ILE           97.30           290    288    120     6.264     6.244     4.050     0.8447      0.8447      0.8439      0.7000
129     A         B          129           ILE           97.59           290    288    120     6.264     6.244     4.050     0.8373      0.8373      0.8365      0.6873
130     A         B          130           SER           94.67           290    288    120     6.264     6.244     4.050     0.7431      0.7431      0.7419      0.5545
131     A         B          131           GLY           95.20           290    288    120     6.264     6.244     4.050     0.7615      0.7615      0.7604      0.5789
132     A         B          132           ASN           97.00           290    288    120     6.264     6.244     4.050     0.7904      0.7904      0.7894      0.6159
133     A         B          133           ARG           93.15           290    288    120     6.264     6.244     4.050     0.7281      0.7281      0.7269      0.5336
134     A         B          134           ASN           93.76           290    288    120     6.264     6.244     4.050     0.7508      0.7508      0.7496      0.5612
135     A         B          135           LEU           96.15           290    288    120     6.264     6.244     4.050     0.7529      0.7529      0.7518      0.5639
136     A         B          136           CYS           92.10           290    288    120     6.264     6.244     4.050     0.5654      0.5654      0.5639      0.3567
137     A         B          137           TYR           86.80           290    288    120     6.264     6.244     4.050     0.3603      0.3603      0.3589      0.1931
138     A         B          138           ALA           89.98           290    288    120     6.264     6.244     4.050     0.4464      0.4464      0.4448      0.2561
139     A         B          139           ASN           80.36           290    288    120     6.264     6.244     4.050     0.3896      0.3896      0.3882      0.2134
140     A         B          140           THR           84.41           290    288    120     6.264     6.244     4.050     0.3863      0.3863      0.3848      0.2112
141     A         B          141           ILE           91.71           290    288    120     6.264     6.244     4.050     0.5389      0.5389      0.5373      0.3326
142     A         B          142           ASN           92.84           290    288    120     6.264     6.244     4.050     0.5808      0.5808      0.5793      0.3726
143     A         B          143           TRP           95.91           290    288    120     6.264     6.244     4.050     0.7073      0.7073      0.7061      0.5089
144     A         B          144           LYS           93.44           290    288    120     6.264     6.244     4.050     0.6795      0.6795      0.6781      0.4748
145     A         B          145           LYS           94.19           290    288    120     6.264     6.244     4.050     0.6464      0.6464      0.6450      0.4393
146     A         B          146           LEU           96.50           290    288    120     6.264     6.244     4.050     0.7334      0.7334      0.7322      0.5398
147     A         B          147           PHE           97.31           290    288    120     6.264     6.244     4.050     0.7441      0.7441      0.7429      0.5542
148     A         B          148           GLY           96.27           290    288    120     6.264     6.244     4.050     0.5628      0.5628      0.5614      0.3559
149     A         B          149           THR           92.53           290    288    120     6.264     6.244     4.050     0.5653      0.5653      0.5638      0.3603
150     A         B          150           PRO           93.07           290    288    120     6.264     6.244     4.050     0.5318      0.5318      0.5303      0.3320
151     A         B          151           ASN           88.82           290    288    120     6.264     6.244     4.050     0.6120      0.6120      0.6106      0.4087
152     A         B          152           GLN           95.76           290    288    120     6.264     6.244     4.050     0.7390      0.7390      0.7378      0.5505
153     A         B          153           LYS           92.98           290    288    120     6.264     6.244     4.050     0.6806      0.6806      0.6793      0.4806
154     A         B          154           THR           94.70           290    288    120     6.264     6.244     4.050     0.7076      0.7076      0.7063      0.5115
155     A         B          155           LYS           93.91           290    288    120     6.264     6.244     4.050     0.7149      0.7149      0.7136      0.5199
156     A         B          156           ILE           94.50           290    288    120     6.264     6.244     4.050     0.7188      0.7188      0.7176      0.5249
157     A         B          157           MET           91.32           290    288    120     6.264     6.244     4.050     0.5178      0.5178      0.5163      0.3182
158     A         B          158           ASN           92.19           290    288    120     6.264     6.244     4.050     0.6656      0.6656      0.6642      0.4616
159     A         B          159           ASN           95.07           290    288    120     6.264     6.244     4.050     0.7136      0.7136      0.7123      0.5143
160     A         B          160           ARG           91.63           290    288    120     6.264     6.244     4.050     0.6423      0.6423      0.6409      0.4329
161     A         B          161           ALA           89.46           290    288    120     6.264     6.244     4.050     0.4874      0.4874      0.4859      0.2881
162     A         B          162           GLU           84.04           290    288    120     6.264     6.244     4.050     0.4295      0.4295      0.4280      0.2426
163     A         B          163           LYS           88.18           290    288    120     6.264     6.244     4.050     0.3788      0.3788      0.3774      0.2057
164     A         B          164           ASP           87.00           290    288    120     6.264     6.244     4.050     0.4015      0.4015      0.4001      0.2210
165     A         B          165           CYS           88.24           290    288    120     6.264     6.244     4.050     0.3973      0.3973      0.3958      0.2180
166     A         B          166           LYS           83.86           290    288    120     6.264     6.244     4.050     0.3220      0.3220      0.3207      0.1670
167     A         B          167           ALA           77.62           290    288    117     6.264     6.244     3.994     0.2013      0.2027      0.2017      0.0941
168     A         B          168           VAL           68.63           290    288     18     6.264     6.244     1.000     0.1296      0.1616      0.1608      0.0049
169     A         B          169           ASN           60.20           290    288      0     6.264     6.244     1.000     0.0921      0.0000      0.0000      0.0000
170     A         B          170           HIS           54.70           290    288      0     6.264     6.244     1.000     0.0698      0.0000      0.0000      0.0000
171     B         A            1           SER           78.45           290    290     77     6.264     6.264     3.108     0.1636      0.2300      0.2300      0.0710
172     B         A            2           LEU           86.04           290    290    170     6.264     6.264     4.861     0.4504      0.4504      0.4504      0.3361
173     B         A            3           LEU           92.49           290    290    170     6.264     6.264     4.861     0.6387      0.6387      0.6387      0.5208
174     B         A            4           ILE           93.50           290    290    170     6.264     6.264     4.861     0.7289      0.7289      0.7289      0.6229
175     B         A            5           ASP           91.58           290    290    170     6.264     6.264     4.861     0.7350      0.7350      0.7350      0.6306
176     B         A            6           LEU           94.42           290    290    170     6.264     6.264     4.861     0.7876      0.7876      0.7876      0.6947
177     B         A            7           ILE           96.92           290    290    170     6.264     6.264     4.861     0.8269      0.8269      0.8269      0.7459
178     B         A            8           LYS           95.84           290    290    170     6.264     6.264     4.861     0.8165      0.8165      0.8165      0.7322
179     B         A            9           ASP           96.13           290    290    170     6.264     6.264     4.861     0.8212      0.8212      0.8212      0.7384
180     B         A           10           ALA           96.96           290    290    170     6.264     6.264     4.861     0.8308      0.8308      0.8308      0.7510
181     B         A           11           ALA           97.92           290    290    170     6.264     6.264     4.861     0.8459      0.8459      0.8459      0.7712
182     B         A           12           PHE           97.20           290    290    170     6.264     6.264     4.861     0.8533      0.8533      0.8533      0.7814
183     B         A           13           GLY           97.45           290    290    170     6.264     6.264     4.861     0.8145      0.8145      0.8145      0.7288
184     B         A           14           ALA           97.56           290    290    170     6.264     6.264     4.861     0.8452      0.8452      0.8452      0.7702
185     B         A           15           GLY           98.21           290    290    170     6.264     6.264     4.861     0.8082      0.8082      0.8082      0.7209
186     B         A           16           ILE           97.62           290    290    170     6.264     6.264     4.861     0.8412      0.8412      0.8412      0.7649
187     B         A           17           VAL           97.56           290    290    170     6.264     6.264     4.861     0.8329      0.8329      0.8329      0.7536
188     B         A           18           CYS           97.86           290    290    170     6.264     6.264     4.861     0.8377      0.8377      0.8377      0.7600
189     B         A           19           ALA           96.83           290    290    170     6.264     6.264     4.861     0.7914      0.7914      0.7914      0.6993
190     B         A           20           GLY           96.79           290    290    170     6.264     6.264     4.861     0.7411      0.7411      0.7411      0.6368
191     B         A           21           GLU           96.27           290    290    170     6.264     6.264     4.861     0.7626      0.7626      0.7626      0.6636
192     B         A           22           GLY           96.64           290    290    170     6.264     6.264     4.861     0.7106      0.7106      0.7106      0.6016
193     B         A           23           VAL           97.19           290    290    170     6.264     6.264     4.861     0.7693      0.7693      0.7693      0.6713
194     B         A           24           SER           95.92           290    290    170     6.264     6.264     4.861     0.6846      0.6846      0.6846      0.5705
195     B         A           25           LYS           95.30           290    290    170     6.264     6.264     4.861     0.6899      0.6899      0.6899      0.5767
196     B         A           26           GLU           96.61           290    290    170     6.264     6.264     4.861     0.7021      0.7021      0.7021      0.5909
197     B         A           27           ILE           97.43           290    290    170     6.264     6.264     4.861     0.7905      0.7905      0.7905      0.6976
198     B         A           28           LEU           97.88           290    290    170     6.264     6.264     4.861     0.8015      0.8015      0.8015      0.7115
199     B         A           29           ARG           97.69           290    290    170     6.264     6.264     4.861     0.7868      0.7868      0.7868      0.6931
200     B         A           30           LYS           97.25           290    290    170     6.264     6.264     4.861     0.7396      0.7396      0.7396      0.6346
201     B         A           31           GLU           97.50           290    290    170     6.264     6.264     4.861     0.8044      0.8044      0.8044      0.7154
202     B         A           32           MET           98.02           290    290    170     6.264     6.264     4.861     0.7948      0.7948      0.7948      0.7030
203     B         A           33           GLU           97.73           290    290    170     6.264     6.264     4.861     0.7940      0.7940      0.7940      0.7023
204     B         A           34           LYS           97.12           290    290    170     6.264     6.264     4.861     0.7718      0.7718      0.7718      0.6741
205     B         A           35           ALA           97.52           290    290    170     6.264     6.264     4.861     0.7774      0.7774      0.7774      0.6807
206     B         A           36           ALA           96.99           290    290    170     6.264     6.264     4.861     0.7507      0.7507      0.7507      0.6477
207     B         A           37           LYS           97.05           290    290    170     6.264     6.264     4.861     0.7409      0.7409      0.7409      0.6362
208     B         A           38           GLU           97.21           290    290    170     6.264     6.264     4.861     0.7631      0.7631      0.7631      0.6634
209     B         A           39           LEU           97.46           290    290    170     6.264     6.264     4.861     0.7831      0.7831      0.7831      0.6879
210     B         A           40           VAL           97.40           290    290    170     6.264     6.264     4.861     0.7638      0.7638      0.7638      0.6642
211     B         A           41           GLU           96.53           290    290    170     6.264     6.264     4.861     0.6595      0.6595      0.6595      0.5417
212     B         A           42           LYS           96.25           290    290    170     6.264     6.264     4.861     0.6940      0.6940      0.6940      0.5809
213     B         A           43           GLY           95.95           290    290    170     6.264     6.264     4.861     0.6445      0.6445      0.6445      0.5256
214     B         A           44           ILE           96.30           290    290    170     6.264     6.264     4.861     0.7351      0.7351      0.7351      0.6287
215     B         A           45           VAL           94.65           290    290    170     6.264     6.264     4.861     0.6275      0.6275      0.6275      0.5073
216     B         A           46           SER           95.90           290    290    170     6.264     6.264     4.861     0.6828      0.6828      0.6828      0.5679
217     B         A           47           GLU           96.01           290    290    170     6.264     6.264     4.861     0.6513      0.6513      0.6513      0.5328
218     B         A           48           GLU           94.56           290    290    170     6.264     6.264     4.861     0.6911      0.6911      0.6911      0.5781
219     B         A           49           GLU           95.46           290    290    170     6.264     6.264     4.861     0.7201      0.7201      0.7201      0.6114
220     B         A           50           ALA           96.66           290    290    170     6.264     6.264     4.861     0.7458      0.7458      0.7458      0.6421
221     B         A           51           GLU           96.30           290    290    170     6.264     6.264     4.861     0.7460      0.7460      0.7460      0.6431
222     B         A           52           LYS           95.59           290    290    170     6.264     6.264     4.861     0.7650      0.7650      0.7650      0.6665
223     B         A           53           VAL           97.60           290    290    170     6.264     6.264     4.861     0.8003      0.8003      0.8003      0.7104
224     B         A           54           VAL           98.10           290    290    170     6.264     6.264     4.861     0.8219      0.8219      0.8219      0.7386
225     B         A           55           GLU           96.56           290    290    170     6.264     6.264     4.861     0.7948      0.7948      0.7948      0.7041
226     B         A           56           ALA           97.00           290    290    170     6.264     6.264     4.861     0.8184      0.8184      0.8184      0.7342
227     B         A           57           ALA           98.11           290    290    170     6.264     6.264     4.861     0.8322      0.8322      0.8322      0.7523
228     B         A           58           LEU           97.78           290    290    170     6.264     6.264     4.861     0.8269      0.8269      0.8269      0.7455
229     B         A           59           GLU           96.09           290    290    170     6.264     6.264     4.861     0.8096      0.8096      0.8096      0.7235
230     B         A           60           GLY           97.39           290    290    170     6.264     6.264     4.861     0.8124      0.8124      0.8124      0.7266
231     B         A           61           HIS           97.95           290    290    170     6.264     6.264     4.861     0.8353      0.8353      0.8353      0.7568
232     B         A           62           GLU           96.21           290    290    170     6.264     6.264     4.861     0.7815      0.7815      0.7815      0.6875
233     B         A           63           LEU           95.68           290    290    170     6.264     6.264     4.861     0.7907      0.7907      0.7907      0.6991
234     B         A           64           ALA           96.48           290    290    170     6.264     6.264     4.861     0.7992      0.7992      0.7992      0.7097
235     B         A           65           VAL           96.20           290    290    170     6.264     6.264     4.861     0.7790      0.7790      0.7790      0.6841
236     B         A           66           GLU           92.98           290    290    170     6.264     6.264     4.861     0.6898      0.6898      0.6898      0.5789
237     B         A           67           HIS           91.00           290    290    170     6.264     6.264     4.861     0.6627      0.6627      0.6627      0.5494
238     B         A           68           GLY           92.35           290    290    170     6.264     6.264     4.861     0.5798      0.5798      0.5798      0.4612
239     B         A           69           SER           91.25           290    290    170     6.264     6.264     4.861     0.5237      0.5237      0.5237      0.4053
240     B         A           70           THR           91.40           290    290    170     6.264     6.264     4.861     0.4662      0.4662      0.4662      0.3509
241     B         A           71           VAL           93.80           290    290    170     6.264     6.264     4.861     0.6083      0.6083      0.6083      0.4890
242     B         A           72           LYS           92.59           290    290    170     6.264     6.264     4.861     0.5593      0.5593      0.5593      0.4390
243     B         A           73           GLU           89.86           290    290    170     6.264     6.264     4.861     0.5676      0.5676      0.5676      0.4488
244     B         A           74           ASP           93.73           290    290    170     6.264     6.264     4.861     0.6662      0.6662      0.6662      0.5517
245     B         A           75           LYS           90.06           290    290    170     6.264     6.264     4.861     0.6760      0.6760      0.6760      0.5647
246     B         A           76           THR           91.30           290    290    170     6.264     6.264     4.861     0.7050      0.7050      0.7050      0.5973
247     B         A           77           PHE           95.00           290    290    170     6.264     6.264     4.861     0.7666      0.7666      0.7666      0.6697
248     B         A           78           GLU           94.14           290    290    170     6.264     6.264     4.861     0.7610      0.7610      0.7610      0.6627
249     B         A           79           ARG           91.81           290    290    170     6.264     6.264     4.861     0.7563      0.7563      0.7563      0.6568
250     B         A           80           PHE           95.02           290    290    170     6.264     6.264     4.861     0.7971      0.7971      0.7971      0.7078
251     B         A           81           LEU           96.76           290    290    170     6.264     6.264     4.861     0.8115      0.8115      0.8115      0.7258
252     B         A           82           ALA           94.76           290    290    170     6.264     6.264     4.861     0.7748      0.7748      0.7748      0.6789
253     B         A           83           ALA           92.94           290    290    170     6.264     6.264     4.861     0.7629      0.7629      0.7629      0.6644
254     B         A           84           LEU           95.19           290    290    170     6.264     6.264     4.861     0.7902      0.7902      0.7902      0.6984
255     B         A           85           LYS           96.48           290    290    170     6.264     6.264     4.861     0.7873      0.7873      0.7873      0.6944
256     B         A           86           LYS           94.15           290    290    170     6.264     6.264     4.861     0.7354      0.7354      0.7354      0.6310
257     B         A           87           ARG           93.69           290    290    170     6.264     6.264     4.861     0.7134      0.7134      0.7134      0.6051
258     B         A           88           VAL           95.83           290    290    170     6.264     6.264     4.861     0.7273      0.7273      0.7273      0.6214
259     B         A           89           GLU           94.32           290    290    170     6.264     6.264     4.861     0.6580      0.6580      0.6580      0.5418
260     B         A           90           ALA           92.53           290    290    170     6.264     6.264     4.861     0.5186      0.5186      0.5186      0.3996
261     B         A           91           GLY           92.65           290    290    169     6.264     6.264     4.847     0.3366      0.3378      0.3378      0.2382
262     B         A           92           GLY           91.33           290    290    170     6.264     6.264     4.861     0.3526      0.3526      0.3526      0.2516
263     B         A           93           SER           89.79           290    290    170     6.264     6.264     4.861     0.4721      0.4721      0.4721      0.3558
264     B         A           94           GLU           92.29           290    290    170     6.264     6.264     4.861     0.5647      0.5647      0.5647      0.4440
265     B         A           95           GLU           90.49           290    290    170     6.264     6.264     4.861     0.6380      0.6380      0.6380      0.5206
266     B         A           96           ASP           93.77           290    290    170     6.264     6.264     4.861     0.6802      0.6802      0.6802      0.5671
267     B         A           97           LYS           95.26           290    290    170     6.264     6.264     4.861     0.7133      0.7133      0.7133      0.6048
268     B         A           98           LYS           94.62           290    290    170     6.264     6.264     4.861     0.7337      0.7337      0.7337      0.6282
269     B         A           99           LEU           96.09           290    290    170     6.264     6.264     4.861     0.7855      0.7855      0.7855      0.6917
270     B         A          100           VAL           97.20           290    290    170     6.264     6.264     4.861     0.7940      0.7940      0.7940      0.7026
271     B         A          101           GLU           96.74           290    290    170     6.264     6.264     4.861     0.7751      0.7751      0.7751      0.6788
272     B         A          102           ALA           97.55           290    290    170     6.264     6.264     4.861     0.8086      0.8086      0.8086      0.7214
273     B         A          103           LEU           97.58           290    290    170     6.264     6.264     4.861     0.8116      0.8116      0.8116      0.7251
274     B         A          104           GLU           97.40           290    290    170     6.264     6.264     4.861     0.8081      0.8081      0.8081      0.7208
275     B         A          105           ILE           98.04           290    290    170     6.264     6.264     4.861     0.8264      0.8264      0.8264      0.7446
276     B         A          106           ILE           97.87           290    290    170     6.264     6.264     4.861     0.8122      0.8122      0.8122      0.7261
277     B         A          107           GLU           97.17           290    290    170     6.264     6.264     4.861     0.7923      0.7923      0.7923      0.7002
278     B         A          108           GLU           97.20           290    290    170     6.264     6.264     4.861     0.7864      0.7864      0.7864      0.6932
279     B         A          109           ALA           97.90           290    290    170     6.264     6.264     4.861     0.7941      0.7941      0.7941      0.7023
280     B         A          110           ARG           97.63           290    290    170     6.264     6.264     4.861     0.7810      0.7810      0.7810      0.6858
281     B         A          111           LYS           97.15           290    290    170     6.264     6.264     4.861     0.7981      0.7981      0.7981      0.7077
282     B         A          112           ARG           96.92           290    290    170     6.264     6.264     4.861     0.7747      0.7747      0.7747      0.6780
283     B         A          113           ALA           97.62           290    290    170     6.264     6.264     4.861     0.7814      0.7814      0.7814      0.6860
284     B         A          114           ILE           97.37           290    290    170     6.264     6.264     4.861     0.7762      0.7762      0.7762      0.6794
285     B         A          115           GLU           96.22           290    290    170     6.264     6.264     4.861     0.7480      0.7480      0.7480      0.6450
286     B         A          116           GLU           95.80           290    290    170     6.264     6.264     4.861     0.7058      0.7058      0.7058      0.5946
287     B         A          117           GLN           95.61           290    290    170     6.264     6.264     4.861     0.6378      0.6378      0.6378      0.5180
288     B         A          118           LYS           92.80           290    290    170     6.264     6.264     4.861     0.4968      0.4968      0.4968      0.3757
289     B         A          119           LYS           89.33           290    290    170     6.264     6.264     4.861     0.3557      0.3557      0.3557      0.2518
290     B         A          120           LEU           83.89           290    290     63     6.264     6.264     2.706     0.1431      0.1691      0.1691      0.0367
