i   AlignChn ScoredChain  AlignResNum  AlignResType  AlignRespLDDT      n0chn  n0dom  n0res    d0chn     d0dom     d0res   ipTM_pae  ipSAE_d0chn ipSAE_d0dom    ipSAE 
1       A         B            1           LYS           93.01           294    294    124     6.303     6.303     4.123     0.2936      0.2936      0.2936      0.1527
2       A         B            2           VAL           97.51           294    294    124     6.303     6.303     4.123     0.7618      0.7618      0.7618      0.5839
3       A         B            3           CYS           97.66           294    294    124     6.303     6.303     4.123     0.8276      0.8276      0.8276      0.6778
4       A         B            4           ASN           97.25           294    294    124     6.303     6.303     4.123     0.8533      0.8533      0.8533      0.7175
5       A         B            5           GLY           98.20           294    294    124     6.303     6.303     4.123     0.8235      0.8235      0.8235      0.6742
6       A         B            6           ILE           96.41           294    294    124     6.303     6.303     4.123     0.8354      0.8354      0.8354      0.6915
7       A         B            7           GLY           92.40           294    294    124     6.303     6.303     4.123     0.7154      0.7154      0.7154      0.5289
8       A         B            8           ILE           91.03           294    294    124     6.303     6.303     4.123     0.6959      0.6959      0.6959      0.5066
9       A         B            9           GLY           93.27           294    294    124     6.303     6.303     4.123     0.6230      0.6230      0.6230      0.4224
10      A         B           10           GLU           91.68           294    294    124     6.303     6.303     4.123     0.5842      0.5842      0.5842      0.3876
11      A         B           11           PHE           94.69           294    294    124     6.303     6.303     4.123     0.7535      0.7535      0.7535      0.5765
12      A         B           12           LYS           90.08           294    294    124     6.303     6.303     4.123     0.7068      0.7068      0.7068      0.5215
13      A         B           13           ASP           87.31           294    294    124     6.303     6.303     4.123     0.6629      0.6629      0.6629      0.4752
14      A         B           14           SER           92.48           294    294    124     6.303     6.303     4.123     0.7804      0.7804      0.7804      0.6164
15      A         B           15           LEU           92.20           294    294    124     6.303     6.303     4.123     0.8200      0.8200      0.8200      0.6703
16      A         B           16           SER           95.51           294    294    124     6.303     6.303     4.123     0.8688      0.8688      0.8688      0.7450
17      A         B           17           ILE           97.36           294    294    124     6.303     6.303     4.123     0.8713      0.8713      0.8713      0.7479
18      A         B           18           ASN           96.77           294    294    124     6.303     6.303     4.123     0.8497      0.8497      0.8497      0.7126
19      A         B           19           ALA           97.48           294    294    124     6.303     6.303     4.123     0.8420      0.8420      0.8420      0.7008
20      A         B           20           THR           95.10           294    294    124     6.303     6.303     4.123     0.7354      0.7354      0.7354      0.5537
21      A         B           21           ASN           96.23           294    294    124     6.303     6.303     4.123     0.8284      0.8284      0.8284      0.6804
22      A         B           22           ILE           96.84           294    294    124     6.303     6.303     4.123     0.7910      0.7910      0.7910      0.6267
23      A         B           23           LYS           94.77           294    294    124     6.303     6.303     4.123     0.7000      0.7000      0.7000      0.5112
24      A         B           24           HIS           94.81           294    294    124     6.303     6.303     4.123     0.6784      0.6784      0.6784      0.4842
25      A         B           25           PHE           97.69           294    294    124     6.303     6.303     4.123     0.8129      0.8129      0.8129      0.6560
26      A         B           26           LYS           96.51           294    294    124     6.303     6.303     4.123     0.7670      0.7670      0.7670      0.5923
27      A         B           27           ASN           95.90           294    294    124     6.303     6.303     4.123     0.6815      0.6815      0.6815      0.4839
28      A         B           28           CYS           98.19           294    294    124     6.303     6.303     4.123     0.7936      0.7936      0.7936      0.6266
29      A         B           29           THR           98.34           294    294    124     6.303     6.303     4.123     0.7966      0.7966      0.7966      0.6302
30      A         B           30           SER           98.44           294    294    124     6.303     6.303     4.123     0.8534      0.8534      0.8534      0.7169
31      A         B           31           ILE           98.63           294    294    124     6.303     6.303     4.123     0.8872      0.8872      0.8872      0.7735
32      A         B           32           SER           97.79           294    294    124     6.303     6.303     4.123     0.8476      0.8476      0.8476      0.7081
33      A         B           33           GLY           97.85           294    294    124     6.303     6.303     4.123     0.8666      0.8666      0.8666      0.7397
34      A         B           34           ASP           97.43           294    294    124     6.303     6.303     4.123     0.8916      0.8916      0.8916      0.7822
35      A         B           35           LEU           98.19           294    294    124     6.303     6.303     4.123     0.8955      0.8955      0.8955      0.7895
36      A         B           36           HIS           95.22           294    294    124     6.303     6.303     4.123     0.8672      0.8672      0.8672      0.7427
37      A         B           37           ILE           97.45           294    294    124     6.303     6.303     4.123     0.9181      0.9181      0.9181      0.8303
38      A         B           38           LEU           94.64           294    294    124     6.303     6.303     4.123     0.9124      0.9124      0.9124      0.8202
39      A         B           39           PRO           89.05           294    294    124     6.303     6.303     4.123     0.8723      0.8723      0.8723      0.7503
40      A         B           40           VAL           90.21           294    294    124     6.303     6.303     4.123     0.8552      0.8552      0.8552      0.7230
41      A         B           41           ALA           95.63           294    294    124     6.303     6.303     4.123     0.8689      0.8689      0.8689      0.7444
42      A         B           42           PHE           94.08           294    294    124     6.303     6.303     4.123     0.8465      0.8465      0.8465      0.7094
43      A         B           43           ARG           89.08           294    294    124     6.303     6.303     4.123     0.6966      0.6966      0.6966      0.5079
44      A         B           44           GLY           92.76           294    294    124     6.303     6.303     4.123     0.6653      0.6653      0.6653      0.4737
45      A         B           45           ASP           89.79           294    294    124     6.303     6.303     4.123     0.6308      0.6308      0.6308      0.4362
46      A         B           46           SER           86.52           294    294    124     6.303     6.303     4.123     0.5461      0.5461      0.5461      0.3542
47      A         B           47           PHE           86.42           294    294    124     6.303     6.303     4.123     0.5999      0.5999      0.5999      0.4051
48      A         B           48           THR           89.90           294    294    124     6.303     6.303     4.123     0.6169      0.6169      0.6169      0.4213
49      A         B           49           HIS           93.59           294    294    124     6.303     6.303     4.123     0.6365      0.6365      0.6365      0.4419
50      A         B           50           THR           94.95           294    294    124     6.303     6.303     4.123     0.6890      0.6890      0.6890      0.5000
51      A         B           51           PRO           96.56           294    294    124     6.303     6.303     4.123     0.7197      0.7197      0.7197      0.5351
52      A         B           52           PRO           95.65           294    294    124     6.303     6.303     4.123     0.7882      0.7882      0.7882      0.6225
53      A         B           53           LEU           97.60           294    294    124     6.303     6.303     4.123     0.8380      0.8380      0.8380      0.6948
54      A         B           54           ASP           97.00           294    294    124     6.303     6.303     4.123     0.7794      0.7794      0.7794      0.6098
55      A         B           55           PRO           94.97           294    294    124     6.303     6.303     4.123     0.7262      0.7262      0.7262      0.5399
56      A         B           56           GLN           95.92           294    294    124     6.303     6.303     4.123     0.6975      0.6975      0.6975      0.5054
57      A         B           57           GLU           97.08           294    294    124     6.303     6.303     4.123     0.7828      0.7828      0.7828      0.6126
58      A         B           58           LEU           97.15           294    294    124     6.303     6.303     4.123     0.8272      0.8272      0.8272      0.6767
59      A         B           59           ASP           96.45           294    294    124     6.303     6.303     4.123     0.7947      0.7947      0.7947      0.6298
60      A         B           60           ILE           97.55           294    294    124     6.303     6.303     4.123     0.8243      0.8243      0.8243      0.6720
61      A         B           61           LEU           98.28           294    294    124     6.303     6.303     4.123     0.8684      0.8684      0.8684      0.7417
62      A         B           62           LYS           97.30           294    294    124     6.303     6.303     4.123     0.8201      0.8201      0.8201      0.6663
63      A         B           63           THR           98.03           294    294    124     6.303     6.303     4.123     0.7978      0.7978      0.7978      0.6329
64      A         B           64           VAL           98.63           294    294    124     6.303     6.303     4.123     0.8820      0.8820      0.8820      0.7643
65      A         B           65           LYS           98.63           294    294    124     6.303     6.303     4.123     0.8451      0.8451      0.8451      0.7032
66      A         B           66           GLU           98.63           294    294    124     6.303     6.303     4.123     0.8946      0.8946      0.8946      0.7862
67      A         B           67           ILE           98.87           294    294    124     6.303     6.303     4.123     0.9234      0.9234      0.9234      0.8391
68      A         B           68           THR           98.59           294    294    124     6.303     6.303     4.123     0.9030      0.9030      0.9030      0.8013
69      A         B           69           GLY           98.54           294    294    124     6.303     6.303     4.123     0.9052      0.9052      0.9052      0.8056
70      A         B           70           PHE           98.18           294    294    124     6.303     6.303     4.123     0.9254      0.9254      0.9254      0.8433
71      A         B           71           LEU           98.88           294    294    124     6.303     6.303     4.123     0.9412      0.9412      0.9412      0.8738
72      A         B           72           LEU           97.07           294    294    124     6.303     6.303     4.123     0.9335      0.9335      0.9335      0.8591
73      A         B           73           ILE           97.94           294    294    124     6.303     6.303     4.123     0.9352      0.9352      0.9352      0.8624
74      A         B           74           GLN           94.55           294    294    124     6.303     6.303     4.123     0.9134      0.9134      0.9134      0.8220
75      A         B           75           ALA           94.22           294    294    124     6.303     6.303     4.123     0.9062      0.9062      0.9062      0.8078
76      A         B           76           TRP           96.69           294    294    124     6.303     6.303     4.123     0.8916      0.8916      0.8916      0.7822
77      A         B           77           PRO           95.14           294    294    124     6.303     6.303     4.123     0.8091      0.8091      0.8091      0.6511
78      A         B           78           GLU           88.57           294    294    124     6.303     6.303     4.123     0.6100      0.6100      0.6100      0.4135
79      A         B           79           ASN           89.24           294    294    124     6.303     6.303     4.123     0.4897      0.4897      0.4897      0.3015
80      A         B           80           ARG           94.16           294    294    124     6.303     6.303     4.123     0.7005      0.7005      0.7005      0.5074
81      A         B           81           THR           93.14           294    294    124     6.303     6.303     4.123     0.6422      0.6422      0.6422      0.4414
82      A         B           82           ASP           94.87           294    294    124     6.303     6.303     4.123     0.7428      0.7428      0.7428      0.5593
83      A         B           83           LEU           97.76           294    294    124     6.303     6.303     4.123     0.8410      0.8410      0.8410      0.6975
84      A         B           84           HIS           92.02           294    294    124     6.303     6.303     4.123     0.6840      0.6840      0.6840      0.4885
85      A         B           85           ALA           96.90           294    294    124     6.303     6.303     4.123     0.7756      0.7756      0.7756      0.6018
86      A         B           86           PHE           98.61           294    294    124     6.303     6.303     4.123     0.8762      0.8762      0.8762      0.7547
87      A         B           87           GLU           96.42           294    294    124     6.303     6.303     4.123     0.7968      0.7968      0.7968      0.6329
88      A         B           88           ASN           98.38           294    294    124     6.303     6.303     4.123     0.8526      0.8526      0.8526      0.7155
89      A         B           89           LEU           98.84           294    294    124     6.303     6.303     4.123     0.9019      0.9019      0.9019      0.7992
90      A         B           90           GLU           98.70           294    294    124     6.303     6.303     4.123     0.8685      0.8685      0.8685      0.7412
91      A         B           91           ILE           98.70           294    294    124     6.303     6.303     4.123     0.8928      0.8928      0.8928      0.7829
92      A         B           92           ILE           98.91           294    294    124     6.303     6.303     4.123     0.9245      0.9245      0.9245      0.8411
93      A         B           93           ARG           98.73           294    294    124     6.303     6.303     4.123     0.8892      0.8892      0.8892      0.7767
94      A         B           94           GLY           98.54           294    294    124     6.303     6.303     4.123     0.8713      0.8713      0.8713      0.7464
95      A         B           95           ARG           97.27           294    294    124     6.303     6.303     4.123     0.8209      0.8209      0.8209      0.6670
96      A         B           96           THR           95.85           294    294    124     6.303     6.303     4.123     0.8999      0.8999      0.8999      0.7961
97      A         B           97           LYS           95.11           294    294    124     6.303     6.303     4.123     0.9108      0.9108      0.9108      0.8163
98      A         B           98           GLN           95.13           294    294    124     6.303     6.303     4.123     0.9097      0.9097      0.9097      0.8142
99      A         B           99           HIS           93.54           294    294    124     6.303     6.303     4.123     0.9234      0.9234      0.9234      0.8398
100     A         B          100           GLY           94.04           294    294    124     6.303     6.303     4.123     0.9118      0.9118      0.9118      0.8185
101     A         B          101           GLN           93.76           294    294    124     6.303     6.303     4.123     0.9059      0.9059      0.9059      0.8079
102     A         B          102           PHE           96.55           294    294    124     6.303     6.303     4.123     0.9424      0.9424      0.9424      0.8762
103     A         B          103           SER           98.05           294    294    124     6.303     6.303     4.123     0.9134      0.9134      0.9134      0.8205
104     A         B          104           LEU           98.59           294    294    124     6.303     6.303     4.123     0.9391      0.9391      0.9391      0.8698
105     A         B          105           ALA           97.01           294    294    124     6.303     6.303     4.123     0.9297      0.9297      0.9297      0.8519
106     A         B          106           VAL           97.43           294    294    124     6.303     6.303     4.123     0.9315      0.9315      0.9315      0.8553
107     A         B          107           VAL           93.77           294    294    124     6.303     6.303     4.123     0.8898      0.8898      0.8898      0.7806
108     A         B          108           SER           90.85           294    294    124     6.303     6.303     4.123     0.8754      0.8754      0.8754      0.7548
109     A         B          109           LEU           95.73           294    294    124     6.303     6.303     4.123     0.9083      0.9083      0.9083      0.8118
110     A         B          110           ASN           92.67           294    294    124     6.303     6.303     4.123     0.8675      0.8675      0.8675      0.7422
111     A         B          111           ILE           96.05           294    294    124     6.303     6.303     4.123     0.8855      0.8855      0.8855      0.7713
112     A         B          112           THR           92.76           294    294    124     6.303     6.303     4.123     0.8439      0.8439      0.8439      0.7028
113     A         B          113           SER           92.71           294    294    124     6.303     6.303     4.123     0.7526      0.7526      0.7526      0.5723
114     A         B          114           LEU           96.26           294    294    124     6.303     6.303     4.123     0.8426      0.8426      0.8426      0.6996
115     A         B          115           GLY           94.55           294    294    124     6.303     6.303     4.123     0.7338      0.7338      0.7338      0.5475
116     A         B          116           LEU           96.48           294    294    124     6.303     6.303     4.123     0.7846      0.7846      0.7846      0.6135
117     A         B          117           ARG           90.24           294    294    124     6.303     6.303     4.123     0.5663      0.5663      0.5663      0.3678
118     A         B          118           SER           97.33           294    294    124     6.303     6.303     4.123     0.7859      0.7859      0.7859      0.6146
119     A         B          119           LEU           97.15           294    294    124     6.303     6.303     4.123     0.8432      0.8432      0.8432      0.6998
120     A         B          120           LYS           94.25           294    294    124     6.303     6.303     4.123     0.5244      0.5244      0.5244      0.3258
121     A         B          121           GLU           98.05           294    294    124     6.303     6.303     4.123     0.8553      0.8553      0.8553      0.7194
122     A         B          122           ILE           98.55           294    294    124     6.303     6.303     4.123     0.9047      0.9047      0.9047      0.8042
123     A         B          123           SER           98.45           294    294    124     6.303     6.303     4.123     0.8643      0.8643      0.8643      0.7344
124     A         B          124           ASP           97.45           294    294    124     6.303     6.303     4.123     0.8903      0.8903      0.8903      0.7786
125     A         B          125           GLY           97.35           294    294    124     6.303     6.303     4.123     0.8785      0.8785      0.8785      0.7589
126     A         B          126           ASP           96.36           294    294    124     6.303     6.303     4.123     0.9177      0.9177      0.9177      0.8287
127     A         B          127           VAL           97.58           294    294    124     6.303     6.303     4.123     0.9291      0.9291      0.9291      0.8504
128     A         B          128           ILE           95.94           294    294    124     6.303     6.303     4.123     0.9328      0.9328      0.9328      0.8575
129     A         B          129           ILE           96.44           294    294    124     6.303     6.303     4.123     0.9285      0.9285      0.9285      0.8495
130     A         B          130           SER           91.48           294    294    124     6.303     6.303     4.123     0.8327      0.8327      0.8327      0.6892
131     A         B          131           GLY           92.09           294    294    124     6.303     6.303     4.123     0.8683      0.8683      0.8683      0.7430
132     A         B          132           ASN           94.60           294    294    124     6.303     6.303     4.123     0.8954      0.8954      0.8954      0.7885
133     A         B          133           LYS           89.46           294    294    124     6.303     6.303     4.123     0.8240      0.8240      0.8240      0.6747
134     A         B          134           ASN           92.12           294    294    124     6.303     6.303     4.123     0.8514      0.8514      0.8514      0.7153
135     A         B          135           LEU           95.07           294    294    124     6.303     6.303     4.123     0.8671      0.8671      0.8671      0.7397
136     A         B          136           CYS           93.06           294    294    124     6.303     6.303     4.123     0.7016      0.7016      0.7016      0.5110
137     A         B          137           TYR           84.71           294    294    124     6.303     6.303     4.123     0.4757      0.4757      0.4757      0.2855
138     A         B          138           ALA           89.65           294    294    124     6.303     6.303     4.123     0.5707      0.5707      0.5707      0.3695
139     A         B          139           ASN           80.92           294    294    124     6.303     6.303     4.123     0.5082      0.5082      0.5082      0.3138
140     A         B          140           THR           83.22           294    294    124     6.303     6.303     4.123     0.5085      0.5085      0.5085      0.3146
141     A         B          141           ILE           89.98           294    294    124     6.303     6.303     4.123     0.6583      0.6583      0.6583      0.4576
142     A         B          142           ASN           91.86           294    294    124     6.303     6.303     4.123     0.6853      0.6853      0.6853      0.4878
143     A         B          143           TRP           95.39           294    294    124     6.303     6.303     4.123     0.8085      0.8085      0.8085      0.6477
144     A         B          144           LYS           92.75           294    294    124     6.303     6.303     4.123     0.7612      0.7612      0.7612      0.5826
145     A         B          145           LYS           92.02           294    294    124     6.303     6.303     4.123     0.6445      0.6445      0.6445      0.4435
146     A         B          146           LEU           95.89           294    294    124     6.303     6.303     4.123     0.8215      0.8215      0.8215      0.6664
147     A         B          147           PHE           97.38           294    294    124     6.303     6.303     4.123     0.8400      0.8400      0.8400      0.6950
148     A         B          148           GLY           96.95           294    294    124     6.303     6.303     4.123     0.6457      0.6457      0.6457      0.4442
149     A         B          149           THR           93.80           294    294    124     6.303     6.303     4.123     0.6469      0.6469      0.6469      0.4458
150     A         B          150           SER           92.46           294    294    124     6.303     6.303     4.123     0.5810      0.5810      0.5810      0.3806
151     A         B          151           GLY           92.79           294    294    124     6.303     6.303     4.123     0.7172      0.7172      0.7172      0.5291
152     A         B          152           GLN           96.60           294    294    124     6.303     6.303     4.123     0.8402      0.8402      0.8402      0.6964
153     A         B          153           LYS           92.08           294    294    124     6.303     6.303     4.123     0.8080      0.8080      0.8080      0.6498
154     A         B          154           THR           94.12           294    294    124     6.303     6.303     4.123     0.8426      0.8426      0.8426      0.7020
155     A         B          155           LYS           92.69           294    294    124     6.303     6.303     4.123     0.8580      0.8580      0.8580      0.7264
156     A         B          156           ILE           93.18           294    294    124     6.303     6.303     4.123     0.8556      0.8556      0.8556      0.7224
157     A         B          157           ILE           88.73           294    294    124     6.303     6.303     4.123     0.7512      0.7512      0.7512      0.5765
158     A         B          158           SER           88.97           294    294    124     6.303     6.303     4.123     0.8019      0.8019      0.8019      0.6419
159     A         B          159           ASN           92.82           294    294    124     6.303     6.303     4.123     0.8541      0.8541      0.8541      0.7188
160     A         B          160           ARG           91.34           294    294    124     6.303     6.303     4.123     0.7448      0.7448      0.7448      0.5624
161     A         B          161           GLY           87.65           294    294    124     6.303     6.303     4.123     0.5677      0.5677      0.5677      0.3702
162     A         B          162           GLU           83.69           294    294    124     6.303     6.303     4.123     0.5474      0.5474      0.5474      0.3489
163     A         B          163           ASN           88.18           294    294    124     6.303     6.303     4.123     0.4852      0.4852      0.4852      0.2934
164     A         B          164           SER           88.47           294    294    124     6.303     6.303     4.123     0.5271      0.5271      0.5271      0.3292
165     A         B          165           CYS           90.66           294    294    124     6.303     6.303     4.123     0.5584      0.5584      0.5584      0.3579
166     A         B          166           LYS           88.01           294    294    124     6.303     6.303     4.123     0.5052      0.5052      0.5052      0.3098
167     A         B          167           ALA           88.39           294    294    124     6.303     6.303     4.123     0.3765      0.3765      0.3765      0.2084
168     A         B          168           THR           81.17           294    294    124     6.303     6.303     4.123     0.2761      0.2761      0.2761      0.1417
169     A         B          169           GLY           78.13           294    294     86     6.303     6.303     3.335     0.1730      0.1862      0.1862      0.0605
170     A         B          170           GLN           62.98           294    294     12     6.303     6.303     1.000     0.1222      0.1635      0.1635      0.0049
171     B         A            1           PRO           53.76           294    294    137     6.303     6.303     4.350     0.2242      0.2452      0.2452      0.1379
172     B         A            2           LEU           68.84           294    294    170     6.303     6.303     4.861     0.5598      0.5598      0.5598      0.4375
173     B         A            3           GLY           86.45           294    294    170     6.303     6.303     4.861     0.7597      0.7597      0.7597      0.6580
174     B         A            4           LEU           91.49           294    294    170     6.303     6.303     4.861     0.8889      0.8889      0.8889      0.8288
175     B         A            5           THR           91.60           294    294    170     6.303     6.303     4.861     0.8872      0.8872      0.8872      0.8261
176     B         A            6           LEU           87.81           294    294    170     6.303     6.303     4.861     0.8675      0.8675      0.8675      0.7984
177     B         A            7           ASP           93.46           294    294    170     6.303     6.303     4.861     0.9163      0.9163      0.9163      0.8685
178     B         A            8           VAL           96.68           294    294    170     6.303     6.303     4.861     0.9272      0.9272      0.9272      0.8849
179     B         A            9           ALA           95.62           294    294    170     6.303     6.303     4.861     0.9158      0.9158      0.9158      0.8678
180     B         A           10           VAL           94.66           294    294    170     6.303     6.303     4.861     0.9202      0.9202      0.9202      0.8743
181     B         A           11           ALA           96.46           294    294    170     6.303     6.303     4.861     0.9205      0.9205      0.9205      0.8749
182     B         A           12           ALA           97.67           294    294    170     6.303     6.303     4.861     0.9178      0.9178      0.9178      0.8707
183     B         A           13           ALA           96.96           294    294    170     6.303     6.303     4.861     0.9109      0.9109      0.9109      0.8603
184     B         A           14           LYS           96.11           294    294    170     6.303     6.303     4.861     0.9071      0.9071      0.9071      0.8546
185     B         A           15           ALA           97.81           294    294    170     6.303     6.303     4.861     0.9173      0.9173      0.9173      0.8698
186     B         A           16           LEU           97.89           294    294    170     6.303     6.303     4.861     0.9117      0.9117      0.9117      0.8614
187     B         A           17           VAL           97.03           294    294    170     6.303     6.303     4.861     0.8958      0.8958      0.8958      0.8381
188     B         A           18           ALA           96.90           294    294    170     6.303     6.303     4.861     0.8937      0.8937      0.8937      0.8349
189     B         A           19           ALA           97.76           294    294    170     6.303     6.303     4.861     0.8852      0.8852      0.8852      0.8227
190     B         A           20           LYS           96.66           294    294    170     6.303     6.303     4.861     0.8351      0.8351      0.8351      0.7532
191     B         A           21           LYS           94.24           294    294    170     6.303     6.303     4.861     0.7245      0.7245      0.7245      0.6139
192     B         A           22           LYS           93.74           294    294    170     6.303     6.303     4.861     0.6959      0.6959      0.6959      0.5816
193     B         A           23           GLY           95.91           294    294    170     6.303     6.303     4.861     0.5628      0.5628      0.5628      0.4393
194     B         A           24           ALA           96.44           294    294    170     6.303     6.303     4.861     0.6860      0.6860      0.6860      0.5684
195     B         A           25           SER           95.74           294    294    170     6.303     6.303     4.861     0.6635      0.6635      0.6635      0.5429
196     B         A           26           GLU           95.67           294    294    170     6.303     6.303     4.861     0.6627      0.6627      0.6627      0.5423
197     B         A           27           GLU           97.13           294    294    170     6.303     6.303     4.861     0.6791      0.6791      0.6791      0.5603
198     B         A           28           LEU           97.39           294    294    170     6.303     6.303     4.861     0.8265      0.8265      0.8265      0.7411
199     B         A           29           LEU           96.66           294    294    170     6.303     6.303     4.861     0.8282      0.8282      0.8282      0.7436
200     B         A           30           GLU           97.55           294    294    170     6.303     6.303     4.861     0.7839      0.7839      0.7839      0.6860
201     B         A           31           LYS           96.10           294    294    170     6.303     6.303     4.861     0.7840      0.7840      0.7840      0.6862
202     B         A           32           ALA           97.67           294    294    170     6.303     6.303     4.861     0.8699      0.8699      0.8699      0.8007
203     B         A           33           PHE           98.49           294    294    170     6.303     6.303     4.861     0.8832      0.8832      0.8832      0.8196
204     B         A           34           GLU           97.79           294    294    170     6.303     6.303     4.861     0.8298      0.8298      0.8298      0.7460
205     B         A           35           ARG           97.32           294    294    170     6.303     6.303     4.861     0.8556      0.8556      0.8556      0.7810
206     B         A           36           VAL           97.73           294    294    170     6.303     6.303     4.861     0.8877      0.8877      0.8877      0.8261
207     B         A           37           ALA           97.61           294    294    170     6.303     6.303     4.861     0.8672      0.8672      0.8672      0.7970
208     B         A           38           GLU           96.96           294    294    170     6.303     6.303     4.861     0.8133      0.8133      0.8133      0.7243
209     B         A           39           LEU           95.75           294    294    170     6.303     6.303     4.861     0.8478      0.8478      0.8478      0.7703
210     B         A           40           LEU           95.82           294    294    170     6.303     6.303     4.861     0.8722      0.8722      0.8722      0.8041
211     B         A           41           GLY           95.22           294    294    170     6.303     6.303     4.861     0.8029      0.8029      0.8029      0.7111
212     B         A           42           ARG           94.06           294    294    170     6.303     6.303     4.861     0.7524      0.7524      0.7524      0.6477
213     B         A           43           TYR           93.24           294    294    170     6.303     6.303     4.861     0.8264      0.8264      0.8264      0.7416
214     B         A           44           ALA           89.68           294    294    170     6.303     6.303     4.861     0.7707      0.7707      0.7707      0.6713
215     B         A           45           PRO           87.86           294    294    170     6.303     6.303     4.861     0.6740      0.6740      0.6740      0.5576
216     B         A           46           ASP           82.13           294    294    170     6.303     6.303     4.861     0.6645      0.6645      0.6645      0.5493
217     B         A           47           ILE           86.47           294    294    170     6.303     6.303     4.861     0.7264      0.7264      0.7264      0.6187
218     B         A           48           ASP           90.84           294    294    170     6.303     6.303     4.861     0.8021      0.8021      0.8021      0.7108
219     B         A           49           ALA           94.00           294    294    170     6.303     6.303     4.861     0.8075      0.8075      0.8075      0.7179
220     B         A           50           ARG           95.46           294    294    170     6.303     6.303     4.861     0.8240      0.8240      0.8240      0.7393
221     B         A           51           LYS           92.82           294    294    170     6.303     6.303     4.861     0.8627      0.8627      0.8627      0.7919
222     B         A           52           TYR           92.94           294    294    170     6.303     6.303     4.861     0.8971      0.8971      0.8971      0.8401
223     B         A           53           LEU           96.87           294    294    170     6.303     6.303     4.861     0.9082      0.9082      0.9082      0.8563
224     B         A           54           GLU           96.75           294    294    170     6.303     6.303     4.861     0.8814      0.8814      0.8814      0.8177
225     B         A           55           GLU           93.49           294    294    170     6.303     6.303     4.861     0.8918      0.8918      0.8918      0.8328
226     B         A           56           LEU           95.11           294    294    170     6.303     6.303     4.861     0.9104      0.9104      0.9104      0.8597
227     B         A           57           ILE           97.19           294    294    170     6.303     6.303     4.861     0.9117      0.9117      0.9117      0.8616
228     B         A           58           LYS           94.24           294    294    170     6.303     6.303     4.861     0.8556      0.8556      0.8556      0.7821
229     B         A           59           SER           91.11           294    294    170     6.303     6.303     4.861     0.8457      0.8457      0.8457      0.7689
230     B         A           60           ALA           94.06           294    294    170     6.303     6.303     4.861     0.8727      0.8727      0.8727      0.8055
231     B         A           61           GLU           93.87           294    294    170     6.303     6.303     4.861     0.8377      0.8377      0.8377      0.7576
232     B         A           62           GLU           88.62           294    294    170     6.303     6.303     4.861     0.7473      0.7473      0.7473      0.6438
233     B         A           63           HIS           87.53           294    294    170     6.303     6.303     4.861     0.7167      0.7167      0.7167      0.6075
234     B         A           64           GLY           86.23           294    294    170     6.303     6.303     4.861     0.5615      0.5615      0.5615      0.4414
235     B         A           65           VAL           88.16           294    294    170     6.303     6.303     4.861     0.5155      0.5155      0.5155      0.3936
236     B         A           66           GLU           81.44           294    294    170     6.303     6.303     4.861     0.4179      0.4179      0.4179      0.3051
237     B         A           67           SER           84.29           294    294    170     6.303     6.303     4.861     0.5337      0.5337      0.5337      0.4102
238     B         A           68           PRO           87.50           294    294    170     6.303     6.303     4.861     0.6216      0.6216      0.6216      0.5005
239     B         A           69           TYR           87.59           294    294    170     6.303     6.303     4.861     0.7342      0.7342      0.7342      0.6274
240     B         A           70           ASP           92.96           294    294    170     6.303     6.303     4.861     0.8334      0.8334      0.8334      0.7528
241     B         A           71           PRO           89.33           294    294    170     6.303     6.303     4.861     0.8535      0.8535      0.8535      0.7805
242     B         A           72           THR           93.09           294    294    170     6.303     6.303     4.861     0.8932      0.8932      0.8932      0.8353
243     B         A           73           ALA           94.95           294    294    170     6.303     6.303     4.861     0.8921      0.8921      0.8921      0.8334
244     B         A           74           GLU           93.22           294    294    170     6.303     6.303     4.861     0.8917      0.8917      0.8917      0.8330
245     B         A           75           PHE           93.45           294    294    170     6.303     6.303     4.861     0.9039      0.9039      0.9039      0.8511
246     B         A           76           PHE           94.83           294    294    170     6.303     6.303     4.861     0.9179      0.9179      0.9179      0.8713
247     B         A           77           ALA           94.78           294    294    170     6.303     6.303     4.861     0.8974      0.8974      0.8974      0.8407
248     B         A           78           LYS           90.53           294    294    170     6.303     6.303     4.861     0.7960      0.7960      0.7960      0.7041
249     B         A           79           SER           91.68           294    294    170     6.303     6.303     4.861     0.8012      0.8012      0.8012      0.7115
250     B         A           80           LYS           86.76           294    294    170     6.303     6.303     4.861     0.7654      0.7654      0.7654      0.6680
251     B         A           81           ASN           90.60           294    294    170     6.303     6.303     4.861     0.8321      0.8321      0.8321      0.7513
252     B         A           82           PRO           92.58           294    294    170     6.303     6.303     4.861     0.7954      0.7954      0.7954      0.7037
253     B         A           83           ALA           91.66           294    294    170     6.303     6.303     4.861     0.8676      0.8676      0.8676      0.7985
254     B         A           84           TYR           92.92           294    294    170     6.303     6.303     4.861     0.9003      0.9003      0.9003      0.8452
255     B         A           85           ALA           95.47           294    294    170     6.303     6.303     4.861     0.9035      0.9035      0.9035      0.8499
256     B         A           86           GLU           97.08           294    294    170     6.303     6.303     4.861     0.8922      0.8922      0.8922      0.8331
257     B         A           87           PHE           96.08           294    294    170     6.303     6.303     4.861     0.9203      0.9203      0.9203      0.8746
258     B         A           88           GLY           97.07           294    294    170     6.303     6.303     4.861     0.8983      0.8983      0.8983      0.8422
259     B         A           89           LYS           97.89           294    294    170     6.303     6.303     4.861     0.9066      0.9066      0.9066      0.8544
260     B         A           90           LEU           98.50           294    294    170     6.303     6.303     4.861     0.9163      0.9163      0.9163      0.8683
261     B         A           91           VAL           97.66           294    294    170     6.303     6.303     4.861     0.9199      0.9199      0.9199      0.8740
262     B         A           92           LEU           97.13           294    294    170     6.303     6.303     4.861     0.9076      0.9076      0.9076      0.8556
263     B         A           93           GLU           98.07           294    294    170     6.303     6.303     4.861     0.8892      0.8892      0.8892      0.8291
264     B         A           94           GLY           98.52           294    294    170     6.303     6.303     4.861     0.8789      0.8789      0.8789      0.8137
265     B         A           95           ALA           97.51           294    294    170     6.303     6.303     4.861     0.8838      0.8838      0.8838      0.8210
266     B         A           96           LYS           97.33           294    294    170     6.303     6.303     4.861     0.8881      0.8881      0.8881      0.8271
267     B         A           97           LYS           98.10           294    294    170     6.303     6.303     4.861     0.8791      0.8791      0.8791      0.8141
268     B         A           98           ILE           98.21           294    294    170     6.303     6.303     4.861     0.8918      0.8918      0.8918      0.8322
269     B         A           99           ALA           97.52           294    294    170     6.303     6.303     4.861     0.8331      0.8331      0.8331      0.7504
270     B         A          100           GLU           96.46           294    294    170     6.303     6.303     4.861     0.7995      0.7995      0.7995      0.7065
271     B         A          101           GLY           96.92           294    294    170     6.303     6.303     4.861     0.7169      0.7169      0.7169      0.6053
272     B         A          102           THR           97.31           294    294    170     6.303     6.303     4.861     0.7546      0.7546      0.7546      0.6494
273     B         A          103           GLU           96.30           294    294    170     6.303     6.303     4.861     0.7080      0.7080      0.7080      0.5933
274     B         A          104           GLU           97.39           294    294    170     6.303     6.303     4.861     0.7194      0.7194      0.7194      0.6078
275     B         A          105           GLY           97.93           294    294    170     6.303     6.303     4.861     0.8134      0.8134      0.8134      0.7237
276     B         A          106           VAL           97.42           294    294    170     6.303     6.303     4.861     0.8352      0.8352      0.8352      0.7528
277     B         A          107           GLU           97.22           294    294    170     6.303     6.303     4.861     0.7949      0.7949      0.7949      0.7001
278     B         A          108           GLU           98.22           294    294    170     6.303     6.303     4.861     0.8619      0.8619      0.8619      0.7900
279     B         A          109           GLY           98.52           294    294    170     6.303     6.303     4.861     0.8727      0.8727      0.8727      0.8045
280     B         A          110           VAL           97.94           294    294    170     6.303     6.303     4.861     0.8649      0.8649      0.8649      0.7938
281     B         A          111           ARG           98.26           294    294    170     6.303     6.303     4.861     0.8446      0.8446      0.8446      0.7662
282     B         A          112           LEU           98.65           294    294    170     6.303     6.303     4.861     0.9131      0.9131      0.9131      0.8634
283     B         A          113           LEU           98.22           294    294    170     6.303     6.303     4.861     0.9091      0.9091      0.9091      0.8574
284     B         A          114           GLU           97.86           294    294    170     6.303     6.303     4.861     0.8833      0.8833      0.8833      0.8200
285     B         A          115           GLU           98.28           294    294    170     6.303     6.303     4.861     0.8962      0.8962      0.8962      0.8388
286     B         A          116           ALA           97.99           294    294    170     6.303     6.303     4.861     0.9130      0.9130      0.9130      0.8632
287     B         A          117           LEU           97.30           294    294    170     6.303     6.303     4.861     0.9027      0.9027      0.9027      0.8481
288     B         A          118           GLU           96.85           294    294    170     6.303     6.303     4.861     0.8611      0.8611      0.8611      0.7889
289     B         A          119           LEU           95.81           294    294    170     6.303     6.303     4.861     0.8828      0.8828      0.8828      0.8196
290     B         A          120           ALA           94.20           294    294    170     6.303     6.303     4.861     0.8667      0.8667      0.8667      0.7970
291     B         A          121           ALA           92.35           294    294    170     6.303     6.303     4.861     0.7993      0.7993      0.7993      0.7068
292     B         A          122           ARG           90.35           294    294    170     6.303     6.303     4.861     0.7081      0.7081      0.7081      0.5973
293     B         A          123           LEU           87.78           294    294    170     6.303     6.303     4.861     0.6796      0.6796      0.6796      0.5651
294     B         A          124           ALA           76.87           294    294    156     6.303     6.303     4.654     0.2514      0.2615      0.2615      0.1664
