i   AlignChn ScoredChain  AlignResNum  AlignResType  AlignRespLDDT      n0chn  n0dom  n0res    d0chn     d0dom     d0res   ipTM_pae  ipSAE_d0chn ipSAE_d0dom    ipSAE 
1       A         B            1           LYS           93.37           294    293    124     6.303     6.293     4.123     0.3175      0.3175      0.3169      0.1680
2       A         B            2           VAL           97.58           294    293    124     6.303     6.293     4.123     0.7434      0.7434      0.7428      0.5601
3       A         B            3           CYS           97.60           294    293    124     6.303     6.293     4.123     0.8053      0.8053      0.8048      0.6450
4       A         B            4           ASN           97.10           294    293    124     6.303     6.293     4.123     0.8245      0.8245      0.8241      0.6733
5       A         B            5           GLY           98.16           294    293    124     6.303     6.293     4.123     0.7867      0.7867      0.7862      0.6224
6       A         B            6           ILE           96.47           294    293    124     6.303     6.293     4.123     0.8070      0.8070      0.8065      0.6497
7       A         B            7           GLY           92.65           294    293    124     6.303     6.293     4.123     0.6828      0.6828      0.6821      0.4909
8       A         B            8           ILE           90.86           294    293    124     6.303     6.293     4.123     0.6648      0.6648      0.6641      0.4715
9       A         B            9           GLY           93.77           294    293    124     6.303     6.293     4.123     0.5997      0.5997      0.5990      0.3992
10      A         B           10           GLU           91.34           294    293    124     6.303     6.293     4.123     0.5636      0.5636      0.5629      0.3683
11      A         B           11           PHE           94.84           294    293    124     6.303     6.293     4.123     0.7343      0.7343      0.7337      0.5524
12      A         B           12           LYS           90.60           294    293    124     6.303     6.293     4.123     0.6812      0.6812      0.6806      0.4925
13      A         B           13           ASP           87.85           294    293    124     6.303     6.293     4.123     0.6377      0.6377      0.6370      0.4482
14      A         B           14           SER           92.86           294    293    124     6.303     6.293     4.123     0.7572      0.7572      0.7567      0.5860
15      A         B           15           LEU           92.99           294    293    124     6.303     6.293     4.123     0.8032      0.8032      0.8027      0.6464
16      A         B           16           SER           95.90           294    293    124     6.303     6.293     4.123     0.8512      0.8512      0.8508      0.7169
17      A         B           17           ILE           97.42           294    293    124     6.303     6.293     4.123     0.8514      0.8514      0.8511      0.7158
18      A         B           18           ASN           96.83           294    293    124     6.303     6.293     4.123     0.8261      0.8261      0.8257      0.6763
19      A         B           19           ALA           97.47           294    293    124     6.303     6.293     4.123     0.8192      0.8192      0.8188      0.6665
20      A         B           20           THR           95.06           294    293    124     6.303     6.293     4.123     0.6980      0.6980      0.6974      0.5085
21      A         B           21           ASN           96.24           294    293    124     6.303     6.293     4.123     0.8051      0.8051      0.8047      0.6464
22      A         B           22           ILE           97.14           294    293    124     6.303     6.293     4.123     0.7881      0.7881      0.7876      0.6224
23      A         B           23           LYS           94.86           294    293    124     6.303     6.293     4.123     0.6854      0.6854      0.6848      0.4941
24      A         B           24           HIS           94.37           294    293    124     6.303     6.293     4.123     0.6283      0.6283      0.6276      0.4300
25      A         B           25           PHE           97.58           294    293    124     6.303     6.293     4.123     0.7943      0.7943      0.7938      0.6293
26      A         B           26           LYS           96.98           294    293    124     6.303     6.293     4.123     0.7387      0.7387      0.7382      0.5555
27      A         B           27           ASN           95.88           294    293    124     6.303     6.293     4.123     0.6138      0.6138      0.6131      0.4112
28      A         B           28           CYS           98.18           294    293    124     6.303     6.293     4.123     0.7729      0.7729      0.7724      0.5980
29      A         B           29           THR           98.42           294    293    124     6.303     6.293     4.123     0.7859      0.7859      0.7854      0.6149
30      A         B           30           SER           98.51           294    293    124     6.303     6.293     4.123     0.8415      0.8415      0.8411      0.6980
31      A         B           31           ILE           98.60           294    293    124     6.303     6.293     4.123     0.8721      0.8721      0.8717      0.7479
32      A         B           32           SER           97.93           294    293    124     6.303     6.293     4.123     0.8333      0.8333      0.8328      0.6858
33      A         B           33           GLY           97.93           294    293    124     6.303     6.293     4.123     0.8459      0.8459      0.8455      0.7066
34      A         B           34           ASP           97.36           294    293    124     6.303     6.293     4.123     0.8618      0.8618      0.8615      0.7323
35      A         B           35           LEU           98.20           294    293    124     6.303     6.293     4.123     0.8794      0.8794      0.8790      0.7617
36      A         B           36           HIS           95.53           294    293    124     6.303     6.293     4.123     0.8482      0.8482      0.8478      0.7125
37      A         B           37           ILE           97.67           294    293    124     6.303     6.293     4.123     0.9065      0.9065      0.9062      0.8094
38      A         B           38           LEU           95.30           294    293    124     6.303     6.293     4.123     0.9028      0.9028      0.9025      0.8031
39      A         B           39           PRO           90.86           294    293    124     6.303     6.293     4.123     0.8616      0.8616      0.8612      0.7328
40      A         B           40           VAL           91.46           294    293    124     6.303     6.293     4.123     0.8427      0.8427      0.8423      0.7036
41      A         B           41           ALA           96.05           294    293    124     6.303     6.293     4.123     0.8528      0.8528      0.8524      0.7187
42      A         B           42           PHE           94.71           294    293    124     6.303     6.293     4.123     0.8251      0.8251      0.8247      0.6772
43      A         B           43           ARG           90.09           294    293    124     6.303     6.293     4.123     0.6533      0.6533      0.6526      0.4595
44      A         B           44           GLY           93.75           294    293    124     6.303     6.293     4.123     0.6218      0.6218      0.6211      0.4276
45      A         B           45           ASP           91.00           294    293    124     6.303     6.293     4.123     0.6011      0.6011      0.6004      0.4062
46      A         B           46           SER           87.67           294    293    124     6.303     6.293     4.123     0.5235      0.5235      0.5228      0.3340
47      A         B           47           PHE           87.70           294    293    124     6.303     6.293     4.123     0.5798      0.5798      0.5791      0.3853
48      A         B           48           THR           90.78           294    293    124     6.303     6.293     4.123     0.5908      0.5908      0.5901      0.3948
49      A         B           49           HIS           94.00           294    293    124     6.303     6.293     4.123     0.6054      0.6054      0.6047      0.4100
50      A         B           50           THR           95.46           294    293    124     6.303     6.293     4.123     0.6758      0.6758      0.6752      0.4847
51      A         B           51           PRO           96.88           294    293    124     6.303     6.293     4.123     0.6997      0.6997      0.6991      0.5111
52      A         B           52           PRO           96.00           294    293    124     6.303     6.293     4.123     0.7682      0.7682      0.7676      0.5955
53      A         B           53           LEU           97.63           294    293    124     6.303     6.293     4.123     0.8148      0.8148      0.8143      0.6602
54      A         B           54           ASP           96.98           294    293    124     6.303     6.293     4.123     0.7549      0.7549      0.7544      0.5774
55      A         B           55           PRO           94.77           294    293    124     6.303     6.293     4.123     0.6973      0.6973      0.6967      0.5052
56      A         B           56           GLN           95.78           294    293    124     6.303     6.293     4.123     0.6575      0.6575      0.6568      0.4600
57      A         B           57           GLU           96.98           294    293    124     6.303     6.293     4.123     0.7676      0.7676      0.7670      0.5916
58      A         B           58           LEU           97.15           294    293    124     6.303     6.293     4.123     0.8070      0.8070      0.8065      0.6470
59      A         B           59           ASP           96.72           294    293    124     6.303     6.293     4.123     0.7752      0.7752      0.7747      0.6028
60      A         B           60           ILE           97.52           294    293    124     6.303     6.293     4.123     0.8023      0.8023      0.8019      0.6397
61      A         B           61           LEU           98.31           294    293    124     6.303     6.293     4.123     0.8540      0.8540      0.8536      0.7183
62      A         B           62           LYS           97.54           294    293    124     6.303     6.293     4.123     0.8142      0.8142      0.8138      0.6576
63      A         B           63           THR           98.06           294    293    124     6.303     6.293     4.123     0.7676      0.7676      0.7670      0.5910
64      A         B           64           VAL           98.62           294    293    124     6.303     6.293     4.123     0.8637      0.8637      0.8633      0.7334
65      A         B           65           LYS           98.63           294    293    124     6.303     6.293     4.123     0.8151      0.8151      0.8147      0.6573
66      A         B           66           GLU           98.66           294    293    124     6.303     6.293     4.123     0.8801      0.8801      0.8798      0.7611
67      A         B           67           ILE           98.88           294    293    124     6.303     6.293     4.123     0.9111      0.9111      0.9109      0.8162
68      A         B           68           THR           98.62           294    293    124     6.303     6.293     4.123     0.8901      0.8901      0.8898      0.7786
69      A         B           69           GLY           98.56           294    293    124     6.303     6.293     4.123     0.8894      0.8894      0.8891      0.7776
70      A         B           70           PHE           98.26           294    293    124     6.303     6.293     4.123     0.9138      0.9138      0.9136      0.8218
71      A         B           71           LEU           98.90           294    293    124     6.303     6.293     4.123     0.9306      0.9306      0.9304      0.8534
72      A         B           72           LEU           97.26           294    293    124     6.303     6.293     4.123     0.9192      0.9192      0.9190      0.8321
73      A         B           73           ILE           98.05           294    293    124     6.303     6.293     4.123     0.9248      0.9248      0.9246      0.8427
74      A         B           74           GLN           95.12           294    293    124     6.303     6.293     4.123     0.8993      0.8993      0.8991      0.7970
75      A         B           75           ALA           94.87           294    293    124     6.303     6.293     4.123     0.8933      0.8933      0.8930      0.7848
76      A         B           76           TRP           96.77           294    293    124     6.303     6.293     4.123     0.8779      0.8779      0.8776      0.7588
77      A         B           77           PRO           95.26           294    293    124     6.303     6.293     4.123     0.7849      0.7849      0.7844      0.6166
78      A         B           78           GLU           88.67           294    293    124     6.303     6.293     4.123     0.5655      0.5655      0.5648      0.3703
79      A         B           79           ASN           87.45           294    293    124     6.303     6.293     4.123     0.4234      0.4234      0.4227      0.2482
80      A         B           80           ARG           93.97           294    293    124     6.303     6.293     4.123     0.6347      0.6347      0.6340      0.4337
81      A         B           81           THR           93.78           294    293    124     6.303     6.293     4.123     0.6196      0.6196      0.6189      0.4173
82      A         B           82           ASP           94.96           294    293    124     6.303     6.293     4.123     0.7119      0.7119      0.7113      0.5204
83      A         B           83           LEU           97.76           294    293    124     6.303     6.293     4.123     0.8179      0.8179      0.8174      0.6621
84      A         B           84           HIS           91.85           294    293    124     6.303     6.293     4.123     0.6384      0.6384      0.6377      0.4383
85      A         B           85           ALA           96.94           294    293    124     6.303     6.293     4.123     0.7495      0.7495      0.7489      0.5671
86      A         B           86           PHE           98.61           294    293    124     6.303     6.293     4.123     0.8616      0.8616      0.8612      0.7304
87      A         B           87           GLU           96.73           294    293    124     6.303     6.293     4.123     0.7772      0.7772      0.7767      0.6058
88      A         B           88           ASN           98.43           294    293    124     6.303     6.293     4.123     0.8359      0.8359      0.8355      0.6892
89      A         B           89           LEU           98.83           294    293    124     6.303     6.293     4.123     0.8899      0.8899      0.8896      0.7778
90      A         B           90           GLU           98.73           294    293    124     6.303     6.293     4.123     0.8513      0.8513      0.8509      0.7133
91      A         B           91           ILE           98.72           294    293    124     6.303     6.293     4.123     0.8761      0.8761      0.8758      0.7541
92      A         B           92           ILE           98.91           294    293    124     6.303     6.293     4.123     0.9105      0.9105      0.9103      0.8150
93      A         B           93           ARG           98.73           294    293    124     6.303     6.293     4.123     0.8699      0.8699      0.8696      0.7438
94      A         B           94           GLY           98.54           294    293    124     6.303     6.293     4.123     0.8478      0.8478      0.8474      0.7082
95      A         B           95           ARG           97.08           294    293    124     6.303     6.293     4.123     0.7821      0.7821      0.7816      0.6115
96      A         B           96           THR           95.59           294    293    124     6.303     6.293     4.123     0.8739      0.8739      0.8735      0.7511
97      A         B           97           LYS           95.12           294    293    124     6.303     6.293     4.123     0.8942      0.8942      0.8939      0.7866
98      A         B           98           GLN           95.28           294    293    124     6.303     6.293     4.123     0.8913      0.8913      0.8910      0.7816
99      A         B           99           HIS           94.04           294    293    124     6.303     6.293     4.123     0.9089      0.9089      0.9086      0.8131
100     A         B          100           GLY           94.04           294    293    124     6.303     6.293     4.123     0.8928      0.8928      0.8925      0.7849
101     A         B          101           GLN           93.73           294    293    124     6.303     6.293     4.123     0.8831      0.8831      0.8828      0.7682
102     A         B          102           PHE           96.75           294    293    124     6.303     6.293     4.123     0.9319      0.9319      0.9317      0.8557
103     A         B          103           SER           98.03           294    293    124     6.303     6.293     4.123     0.9009      0.9009      0.9006      0.7979
104     A         B          104           LEU           98.60           294    293    124     6.303     6.293     4.123     0.9288      0.9288      0.9286      0.8498
105     A         B          105           ALA           97.05           294    293    124     6.303     6.293     4.123     0.9173      0.9173      0.9170      0.8285
106     A         B          106           VAL           97.38           294    293    124     6.303     6.293     4.123     0.9200      0.9200      0.9198      0.8335
107     A         B          107           VAL           93.85           294    293    124     6.303     6.293     4.123     0.8717      0.8717      0.8713      0.7499
108     A         B          108           SER           91.12           294    293    124     6.303     6.293     4.123     0.8516      0.8516      0.8512      0.7160
109     A         B          109           LEU           95.93           294    293    124     6.303     6.293     4.123     0.8931      0.8931      0.8928      0.7848
110     A         B          110           ASN           92.79           294    293    124     6.303     6.293     4.123     0.8468      0.8468      0.8465      0.7091
111     A         B          111           ILE           96.11           294    293    124     6.303     6.293     4.123     0.8684      0.8684      0.8681      0.7426
112     A         B          112           THR           92.93           294    293    124     6.303     6.293     4.123     0.8189      0.8189      0.8185      0.6648
113     A         B          113           SER           92.35           294    293    124     6.303     6.293     4.123     0.7054      0.7054      0.7048      0.5133
114     A         B          114           LEU           96.20           294    293    124     6.303     6.293     4.123     0.8181      0.8181      0.8176      0.6620
115     A         B          115           GLY           94.42           294    293    124     6.303     6.293     4.123     0.6990      0.6990      0.6983      0.5052
116     A         B          116           LEU           96.36           294    293    124     6.303     6.293     4.123     0.7892      0.7892      0.7887      0.6200
117     A         B          117           ARG           92.22           294    293    124     6.303     6.293     4.123     0.6386      0.6386      0.6379      0.4394
118     A         B          118           SER           97.48           294    293    124     6.303     6.293     4.123     0.7833      0.7833      0.7827      0.6112
119     A         B          119           LEU           96.95           294    293    124     6.303     6.293     4.123     0.8436      0.8436      0.8432      0.7004
120     A         B          120           LYS           95.98           294    293    124     6.303     6.293     4.123     0.6383      0.6383      0.6376      0.4361
121     A         B          121           GLU           98.16           294    293    124     6.303     6.293     4.123     0.8433      0.8433      0.8429      0.7003
122     A         B          122           ILE           98.52           294    293    124     6.303     6.293     4.123     0.8874      0.8874      0.8871      0.7734
123     A         B          123           SER           98.48           294    293    124     6.303     6.293     4.123     0.8404      0.8404      0.8400      0.6960
124     A         B          124           ASP           97.43           294    293    124     6.303     6.293     4.123     0.8697      0.8697      0.8693      0.7434
125     A         B          125           GLY           97.26           294    293    124     6.303     6.293     4.123     0.8560      0.8560      0.8556      0.7217
126     A         B          126           ASP           96.16           294    293    124     6.303     6.293     4.123     0.8990      0.8990      0.8987      0.7947
127     A         B          127           VAL           97.50           294    293    124     6.303     6.293     4.123     0.9153      0.9153      0.9151      0.8246
128     A         B          128           ILE           95.95           294    293    124     6.303     6.293     4.123     0.9206      0.9206      0.9204      0.8344
129     A         B          129           ILE           96.30           294    293    124     6.303     6.293     4.123     0.9163      0.9163      0.9161      0.8264
130     A         B          130           SER           91.46           294    293    124     6.303     6.293     4.123     0.8177      0.8177      0.8173      0.6662
131     A         B          131           GLY           91.60           294    293    124     6.303     6.293     4.123     0.8452      0.8452      0.8448      0.7055
132     A         B          132           ASN           94.71           294    293    124     6.303     6.293     4.123     0.8718      0.8718      0.8715      0.7481
133     A         B          133           LYS           88.98           294    293    124     6.303     6.293     4.123     0.7637      0.7637      0.7632      0.5917
134     A         B          134           ASN           92.61           294    293    124     6.303     6.293     4.123     0.8298      0.8298      0.8293      0.6813
135     A         B          135           LEU           95.17           294    293    124     6.303     6.293     4.123     0.8333      0.8333      0.8329      0.6859
136     A         B          136           CYS           93.17           294    293    124     6.303     6.293     4.123     0.6167      0.6167      0.6160      0.4174
137     A         B          137           TYR           84.68           294    293    124     6.303     6.293     4.123     0.3819      0.3819      0.3812      0.2134
138     A         B          138           ALA           89.76           294    293    124     6.303     6.293     4.123     0.4679      0.4679      0.4672      0.2791
139     A         B          139           ASN           79.64           294    293    124     6.303     6.293     4.123     0.3983      0.3983      0.3976      0.2262
140     A         B          140           THR           82.03           294    293    124     6.303     6.293     4.123     0.4096      0.4096      0.4089      0.2347
141     A         B          141           ILE           88.85           294    293    124     6.303     6.293     4.123     0.5584      0.5584      0.5576      0.3567
142     A         B          142           ASN           91.85           294    293    124     6.303     6.293     4.123     0.6102      0.6102      0.6095      0.4067
143     A         B          143           TRP           95.26           294    293    124     6.303     6.293     4.123     0.7638      0.7638      0.7633      0.5852
144     A         B          144           LYS           92.90           294    293    124     6.303     6.293     4.123     0.7218      0.7218      0.7212      0.5319
145     A         B          145           LYS           93.66           294    293    124     6.303     6.293     4.123     0.6586      0.6586      0.6579      0.4580
146     A         B          146           LEU           96.08           294    293    124     6.303     6.293     4.123     0.7952      0.7952      0.7947      0.6277
147     A         B          147           PHE           97.47           294    293    124     6.303     6.293     4.123     0.8103      0.8103      0.8098      0.6497
148     A         B          148           GLY           97.09           294    293    124     6.303     6.293     4.123     0.5828      0.5828      0.5820      0.3799
149     A         B          149           THR           93.11           294    293    124     6.303     6.293     4.123     0.5732      0.5732      0.5724      0.3714
150     A         B          150           SER           91.72           294    293    124     6.303     6.293     4.123     0.5108      0.5108      0.5101      0.3169
151     A         B          151           GLY           92.04           294    293    124     6.303     6.293     4.123     0.6347      0.6347      0.6340      0.4365
152     A         B          152           GLN           96.58           294    293    124     6.303     6.293     4.123     0.7906      0.7906      0.7901      0.6234
153     A         B          153           LYS           91.74           294    293    124     6.303     6.293     4.123     0.7614      0.7614      0.7609      0.5853
154     A         B          154           THR           93.86           294    293    124     6.303     6.293     4.123     0.8095      0.8095      0.8090      0.6524
155     A         B          155           LYS           92.19           294    293    124     6.303     6.293     4.123     0.8213      0.8213      0.8209      0.6696
156     A         B          156           ILE           92.45           294    293    124     6.303     6.293     4.123     0.8188      0.8188      0.8184      0.6658
157     A         B          157           ILE           87.55           294    293    124     6.303     6.293     4.123     0.6778      0.6778      0.6772      0.4880
158     A         B          158           SER           87.95           294    293    124     6.303     6.293     4.123     0.7465      0.7465      0.7459      0.5664
159     A         B          159           ASN           92.82           294    293    124     6.303     6.293     4.123     0.8142      0.8142      0.8137      0.6572
160     A         B          160           ARG           91.83           294    293    124     6.303     6.293     4.123     0.6911      0.6911      0.6905      0.4969
161     A         B          161           GLY           88.17           294    293    124     6.303     6.293     4.123     0.4778      0.4778      0.4771      0.2906
162     A         B          162           GLU           83.72           294    293    124     6.303     6.293     4.123     0.4650      0.4650      0.4642      0.2777
163     A         B          163           ASN           88.91           294    293    124     6.303     6.293     4.123     0.4043      0.4043      0.4036      0.2294
164     A         B          164           SER           88.97           294    293    124     6.303     6.293     4.123     0.4458      0.4458      0.4450      0.2608
165     A         B          165           CYS           90.94           294    293    124     6.303     6.293     4.123     0.4621      0.4621      0.4613      0.2739
166     A         B          166           LYS           87.98           294    293    124     6.303     6.293     4.123     0.4176      0.4176      0.4169      0.2391
167     A         B          167           ALA           89.44           294    293    124     6.303     6.293     4.123     0.2996      0.2996      0.2990      0.1566
168     A         B          168           THR           81.70           294    293    123     6.303     6.293     4.105     0.2069      0.2074      0.2069      0.1006
169     A         B          169           GLY           78.83           294    293     20     6.303     6.293     1.000     0.1279      0.1725      0.1721      0.0052
170     A         B          170           GLN           63.63           294    293      0     6.303     6.293     1.000     0.0935      0.0000      0.0000      0.0000
171     B         A            1           PRO           50.17           294    294     57     6.303     6.303     2.510     0.1516      0.2338      0.2338      0.0485
172     B         A            2           LEU           66.65           294    294    170     6.303     6.303     4.861     0.4163      0.4163      0.4163      0.3041
173     B         A            3           GLY           86.09           294    294    170     6.303     6.303     4.861     0.6459      0.6459      0.6459      0.5277
174     B         A            4           LEU           92.05           294    294    170     6.303     6.303     4.861     0.8505      0.8505      0.8505      0.7757
175     B         A            5           THR           91.53           294    294    170     6.303     6.303     4.861     0.8587      0.8587      0.8587      0.7867
176     B         A            6           LEU           89.93           294    294    170     6.303     6.303     4.861     0.8539      0.8539      0.8539      0.7799
177     B         A            7           ASP           94.23           294    294    170     6.303     6.303     4.861     0.8987      0.8987      0.8987      0.8430
178     B         A            8           VAL           96.79           294    294    170     6.303     6.303     4.861     0.9154      0.9154      0.9154      0.8677
179     B         A            9           ALA           95.82           294    294    170     6.303     6.303     4.861     0.9030      0.9030      0.9030      0.8492
180     B         A           10           VAL           94.99           294    294    170     6.303     6.303     4.861     0.9066      0.9066      0.9066      0.8545
181     B         A           11           ALA           96.59           294    294    170     6.303     6.303     4.861     0.9059      0.9059      0.9059      0.8535
182     B         A           12           ALA           97.72           294    294    170     6.303     6.303     4.861     0.9039      0.9039      0.9039      0.8505
183     B         A           13           ALA           96.90           294    294    170     6.303     6.303     4.861     0.8938      0.8938      0.8938      0.8357
184     B         A           14           LYS           96.18           294    294    170     6.303     6.303     4.861     0.8906      0.8906      0.8906      0.8309
185     B         A           15           ALA           97.83           294    294    170     6.303     6.303     4.861     0.9030      0.9030      0.9030      0.8490
186     B         A           16           LEU           97.93           294    294    170     6.303     6.303     4.861     0.8959      0.8959      0.8959      0.8387
187     B         A           17           VAL           96.97           294    294    170     6.303     6.303     4.861     0.8745      0.8745      0.8745      0.8077
188     B         A           18           ALA           96.82           294    294    170     6.303     6.303     4.861     0.8734      0.8734      0.8734      0.8061
189     B         A           19           ALA           97.84           294    294    170     6.303     6.303     4.861     0.8646      0.8646      0.8646      0.7938
190     B         A           20           LYS           96.49           294    294    170     6.303     6.303     4.861     0.8081      0.8081      0.8081      0.7176
191     B         A           21           LYS           93.97           294    294    170     6.303     6.303     4.861     0.6927      0.6927      0.6927      0.5768
192     B         A           22           LYS           94.03           294    294    170     6.303     6.303     4.861     0.6685      0.6685      0.6685      0.5504
193     B         A           23           GLY           96.16           294    294    170     6.303     6.303     4.861     0.5409      0.5409      0.5409      0.4175
194     B         A           24           ALA           96.78           294    294    170     6.303     6.303     4.861     0.6553      0.6553      0.6553      0.5340
195     B         A           25           SER           96.00           294    294    170     6.303     6.303     4.861     0.6301      0.6301      0.6301      0.5064
196     B         A           26           GLU           96.01           294    294    170     6.303     6.303     4.861     0.6420      0.6420      0.6420      0.5195
197     B         A           27           GLU           97.32           294    294    170     6.303     6.303     4.861     0.6614      0.6614      0.6614      0.5406
198     B         A           28           LEU           97.74           294    294    170     6.303     6.303     4.861     0.8135      0.8135      0.8135      0.7241
199     B         A           29           LEU           97.32           294    294    170     6.303     6.303     4.861     0.8149      0.8149      0.8149      0.7260
200     B         A           30           GLU           97.66           294    294    170     6.303     6.303     4.861     0.7712      0.7712      0.7712      0.6702
201     B         A           31           LYS           96.42           294    294    170     6.303     6.303     4.861     0.7688      0.7688      0.7688      0.6671
202     B         A           32           ALA           97.98           294    294    170     6.303     6.303     4.861     0.8575      0.8575      0.8575      0.7836
203     B         A           33           PHE           98.53           294    294    170     6.303     6.303     4.861     0.8681      0.8681      0.8681      0.7984
204     B         A           34           GLU           97.83           294    294    170     6.303     6.303     4.861     0.8095      0.8095      0.8095      0.7192
205     B         A           35           ARG           97.57           294    294    170     6.303     6.303     4.861     0.8375      0.8375      0.8375      0.7564
206     B         A           36           VAL           98.00           294    294    170     6.303     6.303     4.861     0.8719      0.8719      0.8719      0.8039
207     B         A           37           ALA           97.73           294    294    170     6.303     6.303     4.861     0.8489      0.8489      0.8489      0.7719
208     B         A           38           GLU           96.85           294    294    170     6.303     6.303     4.861     0.7867      0.7867      0.7867      0.6902
209     B         A           39           LEU           96.48           294    294    170     6.303     6.303     4.861     0.8407      0.8407      0.8407      0.7608
210     B         A           40           LEU           95.83           294    294    170     6.303     6.303     4.861     0.8555      0.8555      0.8555      0.7810
211     B         A           41           GLY           95.06           294    294    170     6.303     6.303     4.861     0.7678      0.7678      0.7678      0.6667
212     B         A           42           ARG           93.86           294    294    170     6.303     6.303     4.861     0.7214      0.7214      0.7214      0.6107
213     B         A           43           TYR           93.01           294    294    170     6.303     6.303     4.861     0.7826      0.7826      0.7826      0.6850
214     B         A           44           ALA           89.31           294    294    170     6.303     6.303     4.861     0.7016      0.7016      0.7016      0.5888
215     B         A           45           PRO           86.90           294    294    170     6.303     6.303     4.861     0.5943      0.5943      0.5943      0.4720
216     B         A           46           ASP           81.59           294    294    170     6.303     6.303     4.861     0.5779      0.5779      0.5779      0.4573
217     B         A           47           ILE           85.50           294    294    170     6.303     6.303     4.861     0.6436      0.6436      0.6436      0.5254
218     B         A           48           ASP           90.23           294    294    170     6.303     6.303     4.861     0.7479      0.7479      0.7479      0.6433
219     B         A           49           ALA           93.68           294    294    170     6.303     6.303     4.861     0.7642      0.7642      0.7642      0.6633
220     B         A           50           ARG           95.20           294    294    170     6.303     6.303     4.861     0.7865      0.7865      0.7865      0.6910
221     B         A           51           LYS           92.29           294    294    170     6.303     6.303     4.861     0.8335      0.8335      0.8335      0.7522
222     B         A           52           TYR           92.08           294    294    170     6.303     6.303     4.861     0.8687      0.8687      0.8687      0.7999
223     B         A           53           LEU           96.85           294    294    170     6.303     6.303     4.861     0.8848      0.8848      0.8848      0.8225
224     B         A           54           GLU           96.41           294    294    170     6.303     6.303     4.861     0.8563      0.8563      0.8563      0.7829
225     B         A           55           GLU           92.64           294    294    170     6.303     6.303     4.861     0.8634      0.8634      0.8634      0.7929
226     B         A           56           LEU           94.77           294    294    170     6.303     6.303     4.861     0.8899      0.8899      0.8899      0.8300
227     B         A           57           ILE           97.06           294    294    170     6.303     6.303     4.861     0.8917      0.8917      0.8917      0.8326
228     B         A           58           LYS           93.90           294    294    170     6.303     6.303     4.861     0.8319      0.8319      0.8319      0.7503
229     B         A           59           SER           90.71           294    294    170     6.303     6.303     4.861     0.8153      0.8153      0.8153      0.7286
230     B         A           60           ALA           93.87           294    294    170     6.303     6.303     4.861     0.8459      0.8459      0.8459      0.7687
231     B         A           61           GLU           93.63           294    294    170     6.303     6.303     4.861     0.8060      0.8060      0.8060      0.7159
232     B         A           62           GLU           88.27           294    294    170     6.303     6.303     4.861     0.6980      0.6980      0.6980      0.5861
233     B         A           63           HIS           87.24           294    294    170     6.303     6.303     4.861     0.6574      0.6574      0.6574      0.5407
234     B         A           64           GLY           85.72           294    294    170     6.303     6.303     4.861     0.4841      0.4841      0.4841      0.3668
235     B         A           65           VAL           87.31           294    294    170     6.303     6.303     4.861     0.4312      0.4312      0.4312      0.3163
236     B         A           66           GLU           81.97           294    294    170     6.303     6.303     4.861     0.3573      0.3573      0.3573      0.2533
237     B         A           67           SER           84.94           294    294    170     6.303     6.303     4.861     0.4747      0.4747      0.4747      0.3543
238     B         A           68           PRO           87.46           294    294    170     6.303     6.303     4.861     0.5652      0.5652      0.5652      0.4425
239     B         A           69           TYR           88.03           294    294    170     6.303     6.303     4.861     0.6873      0.6873      0.6873      0.5730
240     B         A           70           ASP           93.12           294    294    170     6.303     6.303     4.861     0.7991      0.7991      0.7991      0.7081
241     B         A           71           PRO           89.92           294    294    170     6.303     6.303     4.861     0.8264      0.8264      0.8264      0.7444
242     B         A           72           THR           92.94           294    294    170     6.303     6.303     4.861     0.8690      0.8690      0.8690      0.8014
243     B         A           73           ALA           95.20           294    294    170     6.303     6.303     4.861     0.8722      0.8722      0.8722      0.8052
244     B         A           74           GLU           93.29           294    294    170     6.303     6.303     4.861     0.8750      0.8750      0.8750      0.8096
245     B         A           75           PHE           93.75           294    294    170     6.303     6.303     4.861     0.8864      0.8864      0.8864      0.8264
246     B         A           76           PHE           95.18           294    294    170     6.303     6.303     4.861     0.9045      0.9045      0.9045      0.8520
247     B         A           77           ALA           95.12           294    294    170     6.303     6.303     4.861     0.8830      0.8830      0.8830      0.8202
248     B         A           78           LYS           91.38           294    294    170     6.303     6.303     4.861     0.7969      0.7969      0.7969      0.7055
249     B         A           79           SER           92.38           294    294    170     6.303     6.303     4.861     0.7751      0.7751      0.7751      0.6792
250     B         A           80           LYS           87.26           294    294    170     6.303     6.303     4.861     0.7007      0.7007      0.7007      0.5928
251     B         A           81           ASN           91.45           294    294    170     6.303     6.303     4.861     0.8076      0.8076      0.8076      0.7198
252     B         A           82           PRO           93.58           294    294    170     6.303     6.303     4.861     0.7687      0.7687      0.7687      0.6709
253     B         A           83           ALA           92.52           294    294    170     6.303     6.303     4.861     0.8508      0.8508      0.8508      0.7757
254     B         A           84           TYR           93.72           294    294    170     6.303     6.303     4.861     0.8868      0.8868      0.8868      0.8263
255     B         A           85           ALA           95.92           294    294    170     6.303     6.303     4.861     0.8905      0.8905      0.8905      0.8315
256     B         A           86           GLU           97.35           294    294    170     6.303     6.303     4.861     0.8788      0.8788      0.8788      0.8144
257     B         A           87           PHE           96.51           294    294    170     6.303     6.303     4.861     0.9104      0.9104      0.9104      0.8603
258     B         A           88           GLY           97.27           294    294    170     6.303     6.303     4.861     0.8883      0.8883      0.8883      0.8282
259     B         A           89           LYS           97.93           294    294    170     6.303     6.303     4.861     0.8929      0.8929      0.8929      0.8350
260     B         A           90           LEU           98.48           294    294    170     6.303     6.303     4.861     0.9062      0.9062      0.9062      0.8536
261     B         A           91           VAL           97.66           294    294    170     6.303     6.303     4.861     0.9059      0.9059      0.9059      0.8537
262     B         A           92           LEU           96.83           294    294    170     6.303     6.303     4.861     0.8871      0.8871      0.8871      0.8263
263     B         A           93           GLU           97.94           294    294    170     6.303     6.303     4.861     0.8686      0.8686      0.8686      0.8005
264     B         A           94           GLY           98.55           294    294    170     6.303     6.303     4.861     0.8602      0.8602      0.8602      0.7878
265     B         A           95           ALA           97.47           294    294    170     6.303     6.303     4.861     0.8682      0.8682      0.8682      0.7993
266     B         A           96           LYS           97.31           294    294    170     6.303     6.303     4.861     0.8706      0.8706      0.8706      0.8026
267     B         A           97           LYS           98.10           294    294    170     6.303     6.303     4.861     0.8625      0.8625      0.8625      0.7911
268     B         A           98           ILE           98.33           294    294    170     6.303     6.303     4.861     0.8768      0.8768      0.8768      0.8110
269     B         A           99           ALA           97.57           294    294    170     6.303     6.303     4.861     0.8158      0.8158      0.8158      0.7277
270     B         A          100           GLU           96.63           294    294    170     6.303     6.303     4.861     0.7772      0.7772      0.7772      0.6783
271     B         A          101           GLY           97.11           294    294    170     6.303     6.303     4.861     0.6943      0.6943      0.6943      0.5793
272     B         A          102           THR           97.43           294    294    170     6.303     6.303     4.861     0.7333      0.7333      0.7333      0.6237
273     B         A          103           GLU           96.75           294    294    170     6.303     6.303     4.861     0.6991      0.6991      0.6991      0.5830
274     B         A          104           GLU           97.55           294    294    170     6.303     6.303     4.861     0.7047      0.7047      0.7047      0.5907
275     B         A          105           GLY           98.06           294    294    170     6.303     6.303     4.861     0.7925      0.7925      0.7925      0.6968
276     B         A          106           VAL           97.74           294    294    170     6.303     6.303     4.861     0.8124      0.8124      0.8124      0.7227
277     B         A          107           GLU           97.38           294    294    170     6.303     6.303     4.861     0.7577      0.7577      0.7577      0.6536
278     B         A          108           GLU           98.24           294    294    170     6.303     6.303     4.861     0.8404      0.8404      0.8404      0.7608
279     B         A          109           GLY           98.57           294    294    170     6.303     6.303     4.861     0.8534      0.8534      0.8534      0.7779
280     B         A          110           VAL           98.10           294    294    170     6.303     6.303     4.861     0.8448      0.8448      0.8448      0.7664
281     B         A          111           ARG           98.37           294    294    170     6.303     6.303     4.861     0.8271      0.8271      0.8271      0.7429
282     B         A          112           LEU           98.64           294    294    170     6.303     6.303     4.861     0.9029      0.9029      0.9029      0.8485
283     B         A          113           LEU           98.31           294    294    170     6.303     6.303     4.861     0.8982      0.8982      0.8982      0.8417
284     B         A          114           GLU           97.94           294    294    170     6.303     6.303     4.861     0.8693      0.8693      0.8693      0.8005
285     B         A          115           GLU           98.36           294    294    170     6.303     6.303     4.861     0.8831      0.8831      0.8831      0.8204
286     B         A          116           ALA           97.97           294    294    170     6.303     6.303     4.861     0.9038      0.9038      0.9038      0.8500
287     B         A          117           LEU           97.29           294    294    170     6.303     6.303     4.861     0.8911      0.8911      0.8911      0.8316
288     B         A          118           GLU           96.90           294    294    170     6.303     6.303     4.861     0.8488      0.8488      0.8488      0.7723
289     B         A          119           LEU           96.03           294    294    170     6.303     6.303     4.861     0.8686      0.8686      0.8686      0.8000
290     B         A          120           ALA           94.54           294    294    170     6.303     6.303     4.861     0.8547      0.8547      0.8547      0.7807
291     B         A          121           ALA           92.68           294    294    170     6.303     6.303     4.861     0.7778      0.7778      0.7778      0.6799
292     B         A          122           ARG           91.02           294    294    170     6.303     6.303     4.861     0.6772      0.6772      0.6772      0.5624
293     B         A          123           LEU           89.26           294    294    170     6.303     6.303     4.861     0.6554      0.6554      0.6554      0.5385
294     B         A          124           ALA           78.27           294    294    149     6.303     6.303     4.545     0.2376      0.2519      0.2519      0.1530
