i   AlignChn ScoredChain  AlignResNum  AlignResType  AlignRespLDDT      n0chn  n0dom  n0res    d0chn     d0dom     d0res   ipTM_pae  ipSAE_d0chn ipSAE_d0dom    ipSAE 
1       A         B            1           LYS           91.20           294    292    124     6.303     6.283     4.123     0.2906      0.2906      0.2894      0.1509
2       A         B            2           VAL           97.03           294    292    124     6.303     6.283     4.123     0.7006      0.7006      0.6993      0.5075
3       A         B            3           CYS           96.94           294    292    124     6.303     6.283     4.123     0.7941      0.7941      0.7931      0.6290
4       A         B            4           ASN           96.53           294    292    124     6.303     6.283     4.123     0.8252      0.8252      0.8244      0.6742
5       A         B            5           GLY           97.77           294    292    124     6.303     6.283     4.123     0.7944      0.7944      0.7934      0.6321
6       A         B            6           ILE           95.33           294    292    124     6.303     6.283     4.123     0.7958      0.7958      0.7948      0.6337
7       A         B            7           GLY           91.55           294    292    124     6.303     6.283     4.123     0.6409      0.6409      0.6396      0.4451
8       A         B            8           ILE           89.28           294    292    124     6.303     6.283     4.123     0.6173      0.6173      0.6159      0.4213
9       A         B            9           GLY           92.16           294    292    124     6.303     6.283     4.123     0.5569      0.5569      0.5555      0.3583
10      A         B           10           GLU           88.69           294    292    124     6.303     6.283     4.123     0.5479      0.5479      0.5465      0.3542
11      A         B           11           PHE           93.22           294    292    124     6.303     6.283     4.123     0.7198      0.7198      0.7186      0.5343
12      A         B           12           LYS           88.97           294    292    124     6.303     6.283     4.123     0.6418      0.6418      0.6405      0.4494
13      A         B           13           ASP           82.00           294    292    124     6.303     6.283     4.123     0.5733      0.5733      0.5719      0.3856
14      A         B           14           THR           90.99           294    292    124     6.303     6.283     4.123     0.7475      0.7475      0.7464      0.5734
15      A         B           15           LEU           90.83           294    292    124     6.303     6.283     4.123     0.7937      0.7937      0.7927      0.6326
16      A         B           16           SER           94.35           294    292    124     6.303     6.283     4.123     0.8500      0.8500      0.8492      0.7145
17      A         B           17           ILE           96.33           294    292    124     6.303     6.283     4.123     0.8497      0.8497      0.8489      0.7130
18      A         B           18           ASN           93.61           294    292    124     6.303     6.283     4.123     0.8298      0.8298      0.8289      0.6816
19      A         B           19           ALA           96.06           294    292    124     6.303     6.283     4.123     0.8234      0.8234      0.8225      0.6724
20      A         B           20           THR           93.15           294    292    124     6.303     6.283     4.123     0.7099      0.7099      0.7087      0.5224
21      A         B           21           ASN           94.50           294    292    124     6.303     6.283     4.123     0.8065      0.8065      0.8056      0.6480
22      A         B           22           ILE           96.48           294    292    124     6.303     6.283     4.123     0.8020      0.8020      0.8011      0.6412
23      A         B           23           LYS           93.96           294    292    124     6.303     6.283     4.123     0.6964      0.6964      0.6951      0.5063
24      A         B           24           HIS           93.73           294    292    124     6.303     6.283     4.123     0.6288      0.6288      0.6274      0.4304
25      A         B           25           PHE           97.05           294    292    124     6.303     6.283     4.123     0.7866      0.7866      0.7856      0.6185
26      A         B           26           LYS           95.02           294    292    124     6.303     6.283     4.123     0.7119      0.7119      0.7107      0.5223
27      A         B           27           TYR           96.49           294    292    124     6.303     6.283     4.123     0.5953      0.5953      0.5938      0.3922
28      A         B           28           CYS           97.48           294    292    124     6.303     6.283     4.123     0.7572      0.7572      0.7561      0.5771
29      A         B           29           THR           97.58           294    292    124     6.303     6.283     4.123     0.7674      0.7674      0.7663      0.5897
30      A         B           30           ALA           98.22           294    292    124     6.303     6.283     4.123     0.8463      0.8463      0.8455      0.7056
31      A         B           31           ILE           98.38           294    292    124     6.303     6.283     4.123     0.8706      0.8706      0.8699      0.7453
32      A         B           32           SER           97.53           294    292    124     6.303     6.283     4.123     0.8313      0.8313      0.8305      0.6829
33      A         B           33           GLY           97.59           294    292    124     6.303     6.283     4.123     0.8409      0.8409      0.8401      0.6988
34      A         B           34           ASP           97.31           294    292    124     6.303     6.283     4.123     0.8654      0.8654      0.8646      0.7378
35      A         B           35           LEU           97.89           294    292    124     6.303     6.283     4.123     0.8736      0.8736      0.8730      0.7521
36      A         B           36           HIS           95.25           294    292    124     6.303     6.283     4.123     0.8414      0.8414      0.8406      0.7017
37      A         B           37           ILE           97.25           294    292    124     6.303     6.283     4.123     0.9003      0.9003      0.8997      0.7982
38      A         B           38           LEU           93.53           294    292    124     6.303     6.283     4.123     0.8906      0.8906      0.8900      0.7814
39      A         B           39           PRO           88.30           294    292    124     6.303     6.283     4.123     0.8504      0.8504      0.8497      0.7148
40      A         B           40           VAL           88.66           294    292    124     6.303     6.283     4.123     0.8392      0.8392      0.8384      0.6975
41      A         B           41           ALA           94.45           294    292    124     6.303     6.283     4.123     0.8484      0.8484      0.8476      0.7113
42      A         B           42           PHE           93.67           294    292    124     6.303     6.283     4.123     0.8318      0.8318      0.8310      0.6867
43      A         B           43           LYS           88.59           294    292    124     6.303     6.283     4.123     0.6596      0.6596      0.6583      0.4664
44      A         B           44           GLY           91.34           294    292    124     6.303     6.283     4.123     0.6218      0.6218      0.6204      0.4274
45      A         B           45           ASP           86.22           294    292    124     6.303     6.283     4.123     0.6014      0.6014      0.6000      0.4066
46      A         B           46           SER           83.49           294    292    124     6.303     6.283     4.123     0.5130      0.5130      0.5116      0.3249
47      A         B           47           PHE           82.37           294    292    124     6.303     6.283     4.123     0.5722      0.5722      0.5708      0.3785
48      A         B           48           THR           85.27           294    292    124     6.303     6.283     4.123     0.5848      0.5848      0.5834      0.3894
49      A         B           49           ARG           91.24           294    292    124     6.303     6.283     4.123     0.5822      0.5822      0.5808      0.3877
50      A         B           50           THR           92.35           294    292    124     6.303     6.283     4.123     0.6817      0.6817      0.6805      0.4912
51      A         B           51           PRO           94.97           294    292    124     6.303     6.283     4.123     0.7013      0.7013      0.7001      0.5127
52      A         B           52           PRO           94.67           294    292    124     6.303     6.283     4.123     0.7704      0.7704      0.7693      0.5980
53      A         B           53           LEU           96.67           294    292    124     6.303     6.283     4.123     0.8230      0.8230      0.8221      0.6720
54      A         B           54           ASP           95.54           294    292    124     6.303     6.283     4.123     0.7627      0.7627      0.7616      0.5872
55      A         B           55           PRO           94.96           294    292    124     6.303     6.283     4.123     0.7049      0.7049      0.7037      0.5143
56      A         B           56           ARG           95.43           294    292    124     6.303     6.283     4.123     0.6764      0.6764      0.6751      0.4813
57      A         B           57           GLU           96.46           294    292    124     6.303     6.283     4.123     0.7687      0.7687      0.7676      0.5934
58      A         B           58           LEU           97.29           294    292    124     6.303     6.283     4.123     0.8210      0.8210      0.8201      0.6675
59      A         B           59           GLU           96.13           294    292    124     6.303     6.283     4.123     0.7619      0.7619      0.7609      0.5852
60      A         B           60           ILE           96.55           294    292    124     6.303     6.283     4.123     0.7847      0.7847      0.7837      0.6146
61      A         B           61           LEU           97.92           294    292    124     6.303     6.283     4.123     0.8485      0.8485      0.8477      0.7095
62      A         B           62           LYS           97.09           294    292    124     6.303     6.283     4.123     0.8086      0.8086      0.8077      0.6492
63      A         B           63           THR           97.41           294    292    124     6.303     6.283     4.123     0.7533      0.7533      0.7522      0.5721
64      A         B           64           VAL           98.37           294    292    124     6.303     6.283     4.123     0.8577      0.8577      0.8570      0.7237
65      A         B           65           LYS           98.39           294    292    124     6.303     6.283     4.123     0.8186      0.8186      0.8177      0.6626
66      A         B           66           GLU           98.41           294    292    124     6.303     6.283     4.123     0.8786      0.8786      0.8780      0.7585
67      A         B           67           ILE           98.78           294    292    124     6.303     6.283     4.123     0.9095      0.9095      0.9090      0.8132
68      A         B           68           THR           98.34           294    292    124     6.303     6.283     4.123     0.8868      0.8868      0.8862      0.7727
69      A         B           69           GLY           98.44           294    292    124     6.303     6.283     4.123     0.8884      0.8884      0.8878      0.7758
70      A         B           70           PHE           98.43           294    292    124     6.303     6.283     4.123     0.9120      0.9120      0.9116      0.8185
71      A         B           71           LEU           98.83           294    292    124     6.303     6.283     4.123     0.9285      0.9285      0.9281      0.8492
72      A         B           72           LEU           97.31           294    292    124     6.303     6.283     4.123     0.9178      0.9178      0.9173      0.8293
73      A         B           73           ILE           98.04           294    292    124     6.303     6.283     4.123     0.9218      0.9218      0.9213      0.8369
74      A         B           74           GLN           94.90           294    292    124     6.303     6.283     4.123     0.8946      0.8946      0.8940      0.7883
75      A         B           75           ALA           94.19           294    292    124     6.303     6.283     4.123     0.8917      0.8917      0.8911      0.7821
76      A         B           76           TRP           96.75           294    292    124     6.303     6.283     4.123     0.8821      0.8821      0.8815      0.7657
77      A         B           77           PRO           95.18           294    292    124     6.303     6.283     4.123     0.7955      0.7955      0.7945      0.6319
78      A         B           78           ASP           87.28           294    292    124     6.303     6.283     4.123     0.5996      0.5996      0.5982      0.4033
79      A         B           79           ASN           89.13           294    292    124     6.303     6.283     4.123     0.5063      0.5063      0.5049      0.3149
80      A         B           80           TRP           95.83           294    292    124     6.303     6.283     4.123     0.7784      0.7784      0.7773      0.6063
81      A         B           81           THR           93.81           294    292    124     6.303     6.283     4.123     0.6826      0.6826      0.6813      0.4858
82      A         B           82           ASP           95.67           294    292    124     6.303     6.283     4.123     0.7671      0.7671      0.7660      0.5908
83      A         B           83           LEU           97.96           294    292    124     6.303     6.283     4.123     0.8595      0.8595      0.8588      0.7271
84      A         B           84           HIS           95.31           294    292    124     6.303     6.283     4.123     0.7637      0.7637      0.7626      0.5863
85      A         B           85           ALA           96.83           294    292    124     6.303     6.283     4.123     0.7888      0.7888      0.7878      0.6201
86      A         B           86           PHE           98.53           294    292    124     6.303     6.283     4.123     0.8692      0.8692      0.8685      0.7430
87      A         B           87           GLU           96.69           294    292    124     6.303     6.283     4.123     0.7868      0.7868      0.7858      0.6188
88      A         B           88           ASN           98.07           294    292    124     6.303     6.283     4.123     0.8349      0.8349      0.8340      0.6877
89      A         B           89           LEU           98.72           294    292    124     6.303     6.283     4.123     0.8872      0.8872      0.8866      0.7732
90      A         B           90           GLU           98.54           294    292    124     6.303     6.283     4.123     0.8473      0.8473      0.8466      0.7070
91      A         B           91           ILE           98.55           294    292    124     6.303     6.283     4.123     0.8756      0.8756      0.8749      0.7533
92      A         B           92           ILE           98.86           294    292    124     6.303     6.283     4.123     0.9102      0.9102      0.9097      0.8145
93      A         B           93           ARG           98.57           294    292    124     6.303     6.283     4.123     0.8714      0.8714      0.8707      0.7463
94      A         B           94           GLY           98.37           294    292    124     6.303     6.283     4.123     0.8536      0.8536      0.8529      0.7175
95      A         B           95           ARG           96.97           294    292    124     6.303     6.283     4.123     0.8032      0.8032      0.8022      0.6411
96      A         B           96           THR           95.81           294    292    124     6.303     6.283     4.123     0.8776      0.8776      0.8769      0.7574
97      A         B           97           LYS           95.62           294    292    124     6.303     6.283     4.123     0.8947      0.8947      0.8941      0.7874
98      A         B           98           GLN           96.33           294    292    124     6.303     6.283     4.123     0.8822      0.8822      0.8816      0.7656
99      A         B           99           HIS           95.48           294    292    124     6.303     6.283     4.123     0.9077      0.9077      0.9071      0.8105
100     A         B          100           GLY           95.19           294    292    124     6.303     6.283     4.123     0.8931      0.8931      0.8925      0.7852
101     A         B          101           GLN           94.63           294    292    124     6.303     6.283     4.123     0.8815      0.8815      0.8808      0.7655
102     A         B          102           PHE           97.30           294    292    124     6.303     6.283     4.123     0.9307      0.9307      0.9303      0.8535
103     A         B          103           SER           97.80           294    292    124     6.303     6.283     4.123     0.8970      0.8970      0.8964      0.7910
104     A         B          104           LEU           98.55           294    292    124     6.303     6.283     4.123     0.9265      0.9265      0.9260      0.8453
105     A         B          105           ALA           97.47           294    292    124     6.303     6.283     4.123     0.9111      0.9111      0.9106      0.8172
106     A         B          106           VAL           97.91           294    292    124     6.303     6.283     4.123     0.9188      0.9188      0.9184      0.8313
107     A         B          107           VAL           95.10           294    292    124     6.303     6.283     4.123     0.8830      0.8830      0.8823      0.7684
108     A         B          108           GLY           94.37           294    292    124     6.303     6.283     4.123     0.8667      0.8667      0.8660      0.7402
109     A         B          109           LEU           96.59           294    292    124     6.303     6.283     4.123     0.8987      0.8987      0.8981      0.7944
110     A         B          110           ASN           93.68           294    292    124     6.303     6.283     4.123     0.8597      0.8597      0.8589      0.7291
111     A         B          111           ILE           96.83           294    292    124     6.303     6.283     4.123     0.8774      0.8774      0.8767      0.7574
112     A         B          112           THR           93.10           294    292    124     6.303     6.283     4.123     0.8321      0.8321      0.8313      0.6845
113     A         B          113           SER           93.18           294    292    124     6.303     6.283     4.123     0.7444      0.7444      0.7432      0.5612
114     A         B          114           LEU           96.57           294    292    124     6.303     6.283     4.123     0.8249      0.8249      0.8240      0.6723
115     A         B          115           GLY           95.00           294    292    124     6.303     6.283     4.123     0.7035      0.7035      0.7023      0.5105
116     A         B          116           LEU           96.73           294    292    124     6.303     6.283     4.123     0.7771      0.7771      0.7761      0.6032
117     A         B          117           ARG           91.46           294    292    124     6.303     6.283     4.123     0.5755      0.5755      0.5740      0.3763
118     A         B          118           SER           97.21           294    292    124     6.303     6.283     4.123     0.7728      0.7728      0.7717      0.5967
119     A         B          119           LEU           97.21           294    292    124     6.303     6.283     4.123     0.8414      0.8414      0.8406      0.6970
120     A         B          120           LYS           96.04           294    292    124     6.303     6.283     4.123     0.6717      0.6717      0.6704      0.4724
121     A         B          121           GLU           97.98           294    292    124     6.303     6.283     4.123     0.8455      0.8455      0.8447      0.7038
122     A         B          122           ILE           98.47           294    292    124     6.303     6.283     4.123     0.8887      0.8887      0.8881      0.7758
123     A         B          123           SER           98.11           294    292    124     6.303     6.283     4.123     0.8410      0.8410      0.8402      0.6969
124     A         B          124           ASP           97.01           294    292    124     6.303     6.283     4.123     0.8727      0.8727      0.8720      0.7485
125     A         B          125           GLY           97.37           294    292    124     6.303     6.283     4.123     0.8608      0.8608      0.8601      0.7297
126     A         B          126           ASP           96.75           294    292    124     6.303     6.283     4.123     0.9037      0.9037      0.9032      0.8031
127     A         B          127           VAL           97.70           294    292    124     6.303     6.283     4.123     0.9171      0.9171      0.9167      0.8280
128     A         B          128           ILE           96.79           294    292    124     6.303     6.283     4.123     0.9182      0.9182      0.9177      0.8299
129     A         B          129           ILE           97.19           294    292    124     6.303     6.283     4.123     0.9170      0.9170      0.9166      0.8278
130     A         B          130           SER           94.10           294    292    124     6.303     6.283     4.123     0.8240      0.8240      0.8232      0.6754
131     A         B          131           GLY           94.28           294    292    124     6.303     6.283     4.123     0.8514      0.8514      0.8507      0.7156
132     A         B          132           ASN           95.86           294    292    124     6.303     6.283     4.123     0.8846      0.8846      0.8839      0.7697
133     A         B          133           ARG           91.03           294    292    124     6.303     6.283     4.123     0.8009      0.8009      0.7999      0.6416
134     A         B          134           ASN           93.02           294    292    124     6.303     6.283     4.123     0.8398      0.8398      0.8390      0.6968
135     A         B          135           LEU           95.89           294    292    124     6.303     6.283     4.123     0.8525      0.8525      0.8518      0.7160
136     A         B          136           CYS           92.95           294    292    124     6.303     6.283     4.123     0.6669      0.6669      0.6656      0.4709
137     A         B          137           TYR           86.98           294    292    124     6.303     6.283     4.123     0.4199      0.4199      0.4185      0.2409
138     A         B          138           ALA           90.45           294    292    124     6.303     6.283     4.123     0.5184      0.5184      0.5169      0.3215
139     A         B          139           ASN           80.71           294    292    124     6.303     6.283     4.123     0.4357      0.4357      0.4342      0.2542
140     A         B          140           THR           83.41           294    292    124     6.303     6.283     4.123     0.4267      0.4267      0.4252      0.2475
141     A         B          141           ILE           90.54           294    292    124     6.303     6.283     4.123     0.5875      0.5875      0.5860      0.3842
142     A         B          142           ASN           92.54           294    292    124     6.303     6.283     4.123     0.6363      0.6363      0.6349      0.4339
143     A         B          143           TRP           95.70           294    292    124     6.303     6.283     4.123     0.7839      0.7839      0.7829      0.6127
144     A         B          144           LYS           93.21           294    292    124     6.303     6.283     4.123     0.7299      0.7299      0.7287      0.5422
145     A         B          145           LYS           93.62           294    292    124     6.303     6.283     4.123     0.6725      0.6725      0.6712      0.4735
146     A         B          146           LEU           95.91           294    292    124     6.303     6.283     4.123     0.7985      0.7985      0.7975      0.6326
147     A         B          147           PHE           97.34           294    292    124     6.303     6.283     4.123     0.8165      0.8165      0.8156      0.6590
148     A         B          148           GLY           96.59           294    292    124     6.303     6.283     4.123     0.5985      0.5985      0.5971      0.3954
149     A         B          149           THR           90.94           294    292    124     6.303     6.283     4.123     0.6006      0.6006      0.5992      0.3987
150     A         B          150           PRO           92.88           294    292    124     6.303     6.283     4.123     0.5806      0.5806      0.5791      0.3809
151     A         B          151           ASN           88.88           294    292    124     6.303     6.283     4.123     0.6712      0.6712      0.6699      0.4765
152     A         B          152           GLN           95.78           294    292    124     6.303     6.283     4.123     0.8131      0.8131      0.8122      0.6556
153     A         B          153           LYS           93.32           294    292    124     6.303     6.283     4.123     0.7771      0.7771      0.7761      0.6063
154     A         B          154           THR           94.42           294    292    124     6.303     6.283     4.123     0.8129      0.8129      0.8119      0.6575
155     A         B          155           LYS           93.75           294    292    124     6.303     6.283     4.123     0.8289      0.8289      0.8280      0.6809
156     A         B          156           ILE           94.44           294    292    124     6.303     6.283     4.123     0.8377      0.8377      0.8369      0.6942
157     A         B          157           MET           90.75           294    292    124     6.303     6.283     4.123     0.6630      0.6630      0.6617      0.4717
158     A         B          158           ASN           91.03           294    292    124     6.303     6.283     4.123     0.7786      0.7786      0.7776      0.6086
159     A         B          159           ASN           94.75           294    292    124     6.303     6.283     4.123     0.8404      0.8404      0.8396      0.6969
160     A         B          160           ARG           92.07           294    292    124     6.303     6.283     4.123     0.7589      0.7589      0.7578      0.5805
161     A         B          161           ALA           89.74           294    292    124     6.303     6.283     4.123     0.5948      0.5948      0.5934      0.3953
162     A         B          162           GLU           86.01           294    292    124     6.303     6.283     4.123     0.5242      0.5242      0.5227      0.3277
163     A         B          163           LYS           89.92           294    292    124     6.303     6.283     4.123     0.4720      0.4720      0.4705      0.2819
164     A         B          164           ASP           88.79           294    292    124     6.303     6.283     4.123     0.4886      0.4886      0.4871      0.2951
165     A         B          165           CYS           90.20           294    292    124     6.303     6.283     4.123     0.4876      0.4876      0.4861      0.2945
166     A         B          166           LYS           85.33           294    292    124     6.303     6.283     4.123     0.3763      0.3763      0.3749      0.2083
167     A         B          167           ALA           81.38           294    292    124     6.303     6.283     4.123     0.2159      0.2159      0.2149      0.1061
168     A         B          168           VAL           73.06           294    292     20     6.303     6.283     1.000     0.1240      0.1689      0.1681      0.0051
169     A         B          169           ASN           62.44           294    292      0     6.303     6.283     1.000     0.0657      0.0000      0.0000      0.0000
170     A         B          170           HIS           54.39           294    292      0     6.303     6.283     1.000     0.0509      0.0000      0.0000      0.0000
171     B         A            1           PRO           63.48           294    294     99     6.303     6.303     3.631     0.1951      0.2491      0.2491      0.1038
172     B         A            2           LEU           83.60           294    294    170     6.303     6.303     4.861     0.6428      0.6428      0.6428      0.5247
173     B         A            3           GLY           90.51           294    294    170     6.303     6.303     4.861     0.7484      0.7484      0.7484      0.6449
174     B         A            4           LEU           92.68           294    294    170     6.303     6.303     4.861     0.8609      0.8609      0.8609      0.7906
175     B         A            5           THR           93.93           294    294    170     6.303     6.303     4.861     0.8665      0.8665      0.8665      0.7982
176     B         A            6           LEU           92.69           294    294    170     6.303     6.303     4.861     0.8550      0.8550      0.8550      0.7821
177     B         A            7           ASP           95.41           294    294    170     6.303     6.303     4.861     0.8933      0.8933      0.8933      0.8361
178     B         A            8           VAL           97.56           294    294    170     6.303     6.303     4.861     0.9098      0.9098      0.9098      0.8602
179     B         A            9           ALA           97.06           294    294    170     6.303     6.303     4.861     0.8999      0.8999      0.8999      0.8457
180     B         A           10           VAL           96.34           294    294    170     6.303     6.303     4.861     0.9032      0.9032      0.9032      0.8505
181     B         A           11           ALA           97.13           294    294    170     6.303     6.303     4.861     0.9018      0.9018      0.9018      0.8485
182     B         A           12           ALA           97.90           294    294    170     6.303     6.303     4.861     0.8994      0.8994      0.8994      0.8448
183     B         A           13           ALA           97.40           294    294    170     6.303     6.303     4.861     0.8928      0.8928      0.8928      0.8351
184     B         A           14           LYS           96.62           294    294    170     6.303     6.303     4.861     0.8882      0.8882      0.8882      0.8284
185     B         A           15           ALA           97.89           294    294    170     6.303     6.303     4.861     0.8980      0.8980      0.8980      0.8427
186     B         A           16           LEU           97.94           294    294    170     6.303     6.303     4.861     0.8908      0.8908      0.8908      0.8321
187     B         A           17           VAL           97.14           294    294    170     6.303     6.303     4.861     0.8710      0.8710      0.8710      0.8037
188     B         A           18           ALA           96.86           294    294    170     6.303     6.303     4.861     0.8689      0.8689      0.8689      0.8009
189     B         A           19           ALA           97.67           294    294    170     6.303     6.303     4.861     0.8590      0.8590      0.8590      0.7870
190     B         A           20           LYS           96.45           294    294    170     6.303     6.303     4.861     0.8029      0.8029      0.8029      0.7115
191     B         A           21           LYS           94.01           294    294    170     6.303     6.303     4.861     0.6770      0.6770      0.6770      0.5595
192     B         A           22           LYS           93.70           294    294    170     6.303     6.303     4.861     0.6640      0.6640      0.6640      0.5459
193     B         A           23           GLY           95.94           294    294    170     6.303     6.303     4.861     0.5359      0.5359      0.5359      0.4126
194     B         A           24           ALA           96.12           294    294    170     6.303     6.303     4.861     0.6523      0.6523      0.6523      0.5311
195     B         A           25           SER           95.78           294    294    170     6.303     6.303     4.861     0.6261      0.6261      0.6261      0.5025
196     B         A           26           GLU           95.49           294    294    170     6.303     6.303     4.861     0.6314      0.6314      0.6314      0.5086
197     B         A           27           GLU           96.89           294    294    170     6.303     6.303     4.861     0.6596      0.6596      0.6596      0.5389
198     B         A           28           LEU           97.49           294    294    170     6.303     6.303     4.861     0.8135      0.8135      0.8135      0.7249
199     B         A           29           LEU           97.53           294    294    170     6.303     6.303     4.861     0.8178      0.8178      0.8178      0.7306
200     B         A           30           GLU           97.55           294    294    170     6.303     6.303     4.861     0.7693      0.7693      0.7693      0.6686
201     B         A           31           LYS           96.35           294    294    170     6.303     6.303     4.861     0.7717      0.7717      0.7717      0.6715
202     B         A           32           ALA           97.92           294    294    170     6.303     6.303     4.861     0.8565      0.8565      0.8565      0.7831
203     B         A           33           PHE           98.43           294    294    170     6.303     6.303     4.861     0.8641      0.8641      0.8641      0.7938
204     B         A           34           GLU           97.75           294    294    170     6.303     6.303     4.861     0.8094      0.8094      0.8094      0.7199
205     B         A           35           ARG           97.45           294    294    170     6.303     6.303     4.861     0.8354      0.8354      0.8354      0.7543
206     B         A           36           VAL           98.24           294    294    170     6.303     6.303     4.861     0.8704      0.8704      0.8704      0.8027
207     B         A           37           ALA           98.05           294    294    170     6.303     6.303     4.861     0.8430      0.8430      0.8430      0.7647
208     B         A           38           GLU           97.26           294    294    170     6.303     6.303     4.861     0.7793      0.7793      0.7793      0.6816
209     B         A           39           LEU           97.22           294    294    170     6.303     6.303     4.861     0.8351      0.8351      0.8351      0.7538
210     B         A           40           LEU           97.15           294    294    170     6.303     6.303     4.861     0.8520      0.8520      0.8520      0.7771
211     B         A           41           GLY           96.52           294    294    170     6.303     6.303     4.861     0.7580      0.7580      0.7580      0.6553
212     B         A           42           ARG           94.61           294    294    170     6.303     6.303     4.861     0.7103      0.7103      0.7103      0.5983
213     B         A           43           TYR           94.53           294    294    170     6.303     6.303     4.861     0.7684      0.7684      0.7684      0.6679
214     B         A           44           ALA           91.98           294    294    170     6.303     6.303     4.861     0.6595      0.6595      0.6595      0.5419
215     B         A           45           PRO           90.61           294    294    170     6.303     6.303     4.861     0.5725      0.5725      0.5725      0.4500
216     B         A           46           ASP           85.23           294    294    170     6.303     6.303     4.861     0.5648      0.5648      0.5648      0.4448
217     B         A           47           ILE           90.10           294    294    170     6.303     6.303     4.861     0.6364      0.6364      0.6364      0.5178
218     B         A           48           ASP           91.84           294    294    170     6.303     6.303     4.861     0.7294      0.7294      0.7294      0.6218
219     B         A           49           ALA           95.45           294    294    170     6.303     6.303     4.861     0.7515      0.7515      0.7515      0.6485
220     B         A           50           ARG           96.30           294    294    170     6.303     6.303     4.861     0.7880      0.7880      0.7880      0.6937
221     B         A           51           LYS           94.57           294    294    170     6.303     6.303     4.861     0.8289      0.8289      0.8289      0.7474
222     B         A           52           TYR           94.82           294    294    170     6.303     6.303     4.861     0.8607      0.8607      0.8607      0.7897
223     B         A           53           LEU           97.68           294    294    170     6.303     6.303     4.861     0.8824      0.8824      0.8824      0.8201
224     B         A           54           GLU           96.99           294    294    170     6.303     6.303     4.861     0.8528      0.8528      0.8528      0.7791
225     B         A           55           GLU           94.82           294    294    170     6.303     6.303     4.861     0.8610      0.8610      0.8610      0.7905
226     B         A           56           LEU           96.10           294    294    170     6.303     6.303     4.861     0.8866      0.8866      0.8866      0.8262
227     B         A           57           ILE           97.43           294    294    170     6.303     6.303     4.861     0.8892      0.8892      0.8892      0.8300
228     B         A           58           LYS           95.00           294    294    170     6.303     6.303     4.861     0.8313      0.8313      0.8313      0.7504
229     B         A           59           SER           93.09           294    294    170     6.303     6.303     4.861     0.8154      0.8154      0.8154      0.7295
230     B         A           60           ALA           95.07           294    294    170     6.303     6.303     4.861     0.8460      0.8460      0.8460      0.7698
231     B         A           61           GLU           94.38           294    294    170     6.303     6.303     4.861     0.8066      0.8066      0.8066      0.7175
232     B         A           62           GLU           90.39           294    294    170     6.303     6.303     4.861     0.7091      0.7091      0.7091      0.5992
233     B         A           63           HIS           89.70           294    294    170     6.303     6.303     4.861     0.6684      0.6684      0.6684      0.5530
234     B         A           64           GLY           89.30           294    294    170     6.303     6.303     4.861     0.5072      0.5072      0.5072      0.3885
235     B         A           65           VAL           89.83           294    294    170     6.303     6.303     4.861     0.4436      0.4436      0.4436      0.3271
236     B         A           66           GLU           85.06           294    294    170     6.303     6.303     4.861     0.3565      0.3565      0.3565      0.2524
237     B         A           67           SER           88.51           294    294    170     6.303     6.303     4.861     0.4769      0.4769      0.4769      0.3565
238     B         A           68           PRO           89.04           294    294    170     6.303     6.303     4.861     0.5696      0.5696      0.5696      0.4469
239     B         A           69           TYR           91.86           294    294    170     6.303     6.303     4.861     0.6851      0.6851      0.6851      0.5707
240     B         A           70           ASP           94.53           294    294    170     6.303     6.303     4.861     0.7957      0.7957      0.7957      0.7041
241     B         A           71           PRO           92.75           294    294    170     6.303     6.303     4.861     0.8215      0.8215      0.8215      0.7385
242     B         A           72           THR           95.13           294    294    170     6.303     6.303     4.861     0.8643      0.8643      0.8643      0.7956
243     B         A           73           ALA           96.10           294    294    170     6.303     6.303     4.861     0.8663      0.8663      0.8663      0.7979
244     B         A           74           GLU           94.46           294    294    170     6.303     6.303     4.861     0.8647      0.8647      0.8647      0.7961
245     B         A           75           PHE           94.32           294    294    170     6.303     6.303     4.861     0.8768      0.8768      0.8768      0.8135
246     B         A           76           PHE           94.96           294    294    170     6.303     6.303     4.861     0.8918      0.8918      0.8918      0.8344
247     B         A           77           ALA           95.62           294    294    170     6.303     6.303     4.861     0.8681      0.8681      0.8681      0.8001
248     B         A           78           LYS           90.50           294    294    170     6.303     6.303     4.861     0.7709      0.7709      0.7709      0.6731
249     B         A           79           SER           89.70           294    294    170     6.303     6.303     4.861     0.7480      0.7480      0.7480      0.6466
250     B         A           80           LYS           84.59           294    294    170     6.303     6.303     4.861     0.6718      0.6718      0.6718      0.5604
251     B         A           81           ASN           87.39           294    294    170     6.303     6.303     4.861     0.7770      0.7770      0.7770      0.6811
252     B         A           82           PRO           90.85           294    294    170     6.303     6.303     4.861     0.7437      0.7437      0.7437      0.6402
253     B         A           83           ALA           89.81           294    294    170     6.303     6.303     4.861     0.8319      0.8319      0.8319      0.7507
254     B         A           84           TYR           91.25           294    294    170     6.303     6.303     4.861     0.8691      0.8691      0.8691      0.8019
255     B         A           85           ALA           94.38           294    294    170     6.303     6.303     4.861     0.8721      0.8721      0.8721      0.8062
256     B         A           86           GLU           96.59           294    294    170     6.303     6.303     4.861     0.8630      0.8630      0.8630      0.7930
257     B         A           87           PHE           95.68           294    294    170     6.303     6.303     4.861     0.8983      0.8983      0.8983      0.8434
258     B         A           88           GLY           97.18           294    294    170     6.303     6.303     4.861     0.8739      0.8739      0.8739      0.8085
259     B         A           89           LYS           97.77           294    294    170     6.303     6.303     4.861     0.8792      0.8792      0.8792      0.8162
260     B         A           90           LEU           98.46           294    294    170     6.303     6.303     4.861     0.8934      0.8934      0.8934      0.8359
261     B         A           91           VAL           97.99           294    294    170     6.303     6.303     4.861     0.8951      0.8951      0.8951      0.8388
262     B         A           92           LEU           96.25           294    294    170     6.303     6.303     4.861     0.8480      0.8480      0.8480      0.7726
263     B         A           93           GLU           97.64           294    294    170     6.303     6.303     4.861     0.8500      0.8500      0.8500      0.7756
264     B         A           94           GLY           98.49           294    294    170     6.303     6.303     4.861     0.8466      0.8466      0.8466      0.7699
265     B         A           95           ALA           97.64           294    294    170     6.303     6.303     4.861     0.8574      0.8574      0.8574      0.7849
266     B         A           96           LYS           97.33           294    294    170     6.303     6.303     4.861     0.8651      0.8651      0.8651      0.7957
267     B         A           97           LYS           98.09           294    294    170     6.303     6.303     4.861     0.8543      0.8543      0.8543      0.7805
268     B         A           98           ILE           98.25           294    294    170     6.303     6.303     4.861     0.8694      0.8694      0.8694      0.8015
269     B         A           99           ALA           97.48           294    294    170     6.303     6.303     4.861     0.8072      0.8072      0.8072      0.7170
270     B         A          100           GLU           96.26           294    294    170     6.303     6.303     4.861     0.7716      0.7716      0.7716      0.6718
271     B         A          101           GLY           96.78           294    294    170     6.303     6.303     4.861     0.6873      0.6873      0.6873      0.5715
272     B         A          102           THR           96.98           294    294    170     6.303     6.303     4.861     0.7264      0.7264      0.7264      0.6160
273     B         A          103           GLU           96.16           294    294    170     6.303     6.303     4.861     0.6889      0.6889      0.6889      0.5717
274     B         A          104           GLU           96.95           294    294    170     6.303     6.303     4.861     0.6626      0.6626      0.6626      0.5436
275     B         A          105           GLY           97.90           294    294    170     6.303     6.303     4.861     0.7818      0.7818      0.7818      0.6838
276     B         A          106           VAL           97.69           294    294    170     6.303     6.303     4.861     0.8147      0.8147      0.8147      0.7265
277     B         A          107           GLU           97.18           294    294    170     6.303     6.303     4.861     0.7661      0.7661      0.7661      0.6645
278     B         A          108           GLU           98.07           294    294    170     6.303     6.303     4.861     0.8397      0.8397      0.8397      0.7605
279     B         A          109           GLY           98.53           294    294    170     6.303     6.303     4.861     0.8494      0.8494      0.8494      0.7733
280     B         A          110           VAL           98.08           294    294    170     6.303     6.303     4.861     0.8435      0.8435      0.8435      0.7654
281     B         A          111           ARG           98.28           294    294    170     6.303     6.303     4.861     0.8211      0.8211      0.8211      0.7356
282     B         A          112           LEU           98.61           294    294    170     6.303     6.303     4.861     0.8932      0.8932      0.8932      0.8354
283     B         A          113           LEU           98.46           294    294    170     6.303     6.303     4.861     0.8898      0.8898      0.8898      0.8304
284     B         A          114           GLU           98.12           294    294    170     6.303     6.303     4.861     0.8598      0.8598      0.8598      0.7879
285     B         A          115           GLU           98.33           294    294    170     6.303     6.303     4.861     0.8688      0.8688      0.8688      0.8009
286     B         A          116           ALA           98.09           294    294    170     6.303     6.303     4.861     0.8902      0.8902      0.8902      0.8310
287     B         A          117           LEU           97.70           294    294    170     6.303     6.303     4.861     0.8766      0.8766      0.8766      0.8118
288     B         A          118           GLU           97.10           294    294    170     6.303     6.303     4.861     0.8281      0.8281      0.8281      0.7451
289     B         A          119           LEU           95.45           294    294    170     6.303     6.303     4.861     0.8470      0.8470      0.8470      0.7707
290     B         A          120           ALA           93.35           294    294    170     6.303     6.303     4.861     0.8223      0.8223      0.8223      0.7376
291     B         A          121           ALA           92.54           294    294    170     6.303     6.303     4.861     0.7528      0.7528      0.7528      0.6495
292     B         A          122           ARG           88.81           294    294    170     6.303     6.303     4.861     0.6454      0.6454      0.6454      0.5276
293     B         A          123           LEU           85.31           294    294    170     6.303     6.303     4.861     0.5956      0.5956      0.5956      0.4753
294     B         A          124           ALA           72.52           294    294    131     6.303     6.303     4.247     0.2249      0.2517      0.2517      0.1366
