i   AlignChn ScoredChain  AlignResNum  AlignResType  AlignRespLDDT      n0chn  n0dom  n0res    d0chn     d0dom     d0res   ipTM_pae  ipSAE_d0chn ipSAE_d0dom    ipSAE 
1       A         B            1           LYS           92.13           274    273    104     6.104     6.094     3.736     0.3003      0.3003      0.2997      0.1402
2       A         B            2           VAL           96.81           274    273    104     6.104     6.094     3.736     0.7075      0.7075      0.7068      0.4819
3       A         B            3           CYS           97.02           274    273    104     6.104     6.094     3.736     0.7651      0.7651      0.7645      0.5573
4       A         B            4           ASN           96.36           274    273    104     6.104     6.094     3.736     0.7860      0.7860      0.7854      0.5867
5       A         B            5           GLY           97.62           274    273    104     6.104     6.094     3.736     0.7531      0.7531      0.7525      0.5420
6       A         B            6           ILE           94.24           274    273    104     6.104     6.094     3.736     0.7623      0.7623      0.7618      0.5556
7       A         B            7           GLY           89.72           274    273    104     6.104     6.094     3.736     0.6023      0.6023      0.6016      0.3718
8       A         B            8           ILE           88.83           274    273    104     6.104     6.094     3.736     0.5857      0.5857      0.5849      0.3568
9       A         B            9           GLY           92.67           274    273    104     6.104     6.094     3.736     0.5199      0.5199      0.5190      0.2952
10      A         B           10           GLU           91.34           274    273    104     6.104     6.094     3.736     0.5199      0.5199      0.5191      0.2968
11      A         B           11           PHE           93.37           274    273    104     6.104     6.094     3.736     0.6634      0.6634      0.6626      0.4338
12      A         B           12           LYS           88.80           274    273    104     6.104     6.094     3.736     0.6180      0.6180      0.6173      0.3878
13      A         B           13           ASP           83.41           274    273    104     6.104     6.094     3.736     0.5728      0.5728      0.5720      0.3486
14      A         B           14           SER           87.64           274    273    104     6.104     6.094     3.736     0.6802      0.6802      0.6795      0.4578
15      A         B           15           LEU           83.60           274    273    104     6.104     6.094     3.736     0.7092      0.7092      0.7085      0.4896
16      A         B           16           SER           91.36           274    273    104     6.104     6.094     3.736     0.7951      0.7951      0.7946      0.6025
17      A         B           17           ILE           95.83           274    273    104     6.104     6.094     3.736     0.8028      0.8028      0.8023      0.6143
18      A         B           18           ASN           94.27           274    273    104     6.104     6.094     3.736     0.7686      0.7686      0.7680      0.5646
19      A         B           19           ALA           96.52           274    273    104     6.104     6.094     3.736     0.7608      0.7608      0.7603      0.5526
20      A         B           20           THR           94.21           274    273    104     6.104     6.094     3.736     0.6584      0.6584      0.6577      0.4286
21      A         B           21           ASN           95.15           274    273    104     6.104     6.094     3.736     0.7602      0.7602      0.7596      0.5517
22      A         B           22           ILE           96.82           274    273    104     6.104     6.094     3.736     0.7593      0.7593      0.7587      0.5495
23      A         B           23           LYS           94.43           274    273    104     6.104     6.094     3.736     0.6566      0.6566      0.6559      0.4264
24      A         B           24           HIS           93.09           274    273    104     6.104     6.094     3.736     0.6151      0.6151      0.6143      0.3823
25      A         B           25           PHE           97.15           274    273    104     6.104     6.094     3.736     0.7539      0.7539      0.7533      0.5423
26      A         B           26           LYS           95.35           274    273    104     6.104     6.094     3.736     0.7048      0.7048      0.7042      0.4795
27      A         B           27           ASN           95.11           274    273    104     6.104     6.094     3.736     0.6227      0.6227      0.6219      0.3889
28      A         B           28           CYS           97.86           274    273    104     6.104     6.094     3.736     0.7326      0.7326      0.7319      0.5146
29      A         B           29           THR           98.29           274    273    104     6.104     6.094     3.736     0.7457      0.7457      0.7451      0.5317
30      A         B           30           SER           98.25           274    273    104     6.104     6.094     3.736     0.7969      0.7969      0.7964      0.6018
31      A         B           31           ILE           98.38           274    273    104     6.104     6.094     3.736     0.8278      0.8278      0.8273      0.6510
32      A         B           32           SER           97.48           274    273    104     6.104     6.094     3.736     0.7889      0.7889      0.7884      0.5917
33      A         B           33           GLY           97.30           274    273    104     6.104     6.094     3.736     0.7970      0.7970      0.7965      0.6050
34      A         B           34           ASP           96.18           274    273    104     6.104     6.094     3.736     0.8215      0.8215      0.8211      0.6431
35      A         B           35           LEU           97.54           274    273    104     6.104     6.094     3.736     0.8301      0.8301      0.8297      0.6569
36      A         B           36           HIS           90.25           274    273    104     6.104     6.094     3.736     0.7517      0.7517      0.7511      0.5445
37      A         B           37           ILE           96.50           274    273    104     6.104     6.094     3.736     0.8569      0.8569      0.8565      0.7014
38      A         B           38           LEU           90.27           274    273    104     6.104     6.094     3.736     0.8577      0.8577      0.8573      0.7019
39      A         B           39           PRO           87.88           274    273    104     6.104     6.094     3.736     0.8225      0.8225      0.8220      0.6445
40      A         B           40           VAL           85.14           274    273    104     6.104     6.094     3.736     0.7839      0.7839      0.7834      0.5875
41      A         B           41           ALA           93.68           274    273    104     6.104     6.094     3.736     0.8011      0.8011      0.8006      0.6110
42      A         B           42           PHE           93.31           274    273    104     6.104     6.094     3.736     0.7724      0.7724      0.7718      0.5704
43      A         B           43           ARG           86.66           274    273    104     6.104     6.094     3.736     0.5940      0.5940      0.5933      0.3646
44      A         B           44           GLY           89.75           274    273    104     6.104     6.094     3.736     0.4850      0.4850      0.4842      0.2710
45      A         B           45           ASP           81.90           274    273    104     6.104     6.094     3.736     0.3993      0.3993      0.3986      0.2076
46      A         B           46           SER           81.33           274    273    104     6.104     6.094     3.736     0.3355      0.3355      0.3348      0.1658
47      A         B           47           PHE           74.36           274    273    104     6.104     6.094     3.736     0.3573      0.3573      0.3566      0.1794
48      A         B           48           THR           80.60           274    273    104     6.104     6.094     3.736     0.3889      0.3889      0.3881      0.1994
49      A         B           49           HIS           86.62           274    273    104     6.104     6.094     3.736     0.4044      0.4044      0.4036      0.2102
50      A         B           50           THR           88.22           274    273    104     6.104     6.094     3.736     0.4604      0.4604      0.4596      0.2510
51      A         B           51           PRO           94.94           274    273    104     6.104     6.094     3.736     0.5451      0.5451      0.5444      0.3198
52      A         B           52           PRO           94.47           274    273    104     6.104     6.094     3.736     0.6764      0.6764      0.6757      0.4490
53      A         B           53           LEU           96.89           274    273    104     6.104     6.094     3.736     0.7568      0.7568      0.7562      0.5465
54      A         B           54           ASP           96.54           274    273    104     6.104     6.094     3.736     0.7123      0.7123      0.7116      0.4895
55      A         B           55           PRO           94.94           274    273    104     6.104     6.094     3.736     0.6604      0.6604      0.6596      0.4293
56      A         B           56           GLN           95.55           274    273    104     6.104     6.094     3.736     0.6370      0.6370      0.6362      0.4043
57      A         B           57           GLU           96.49           274    273    104     6.104     6.094     3.736     0.7266      0.7266      0.7260      0.5060
58      A         B           58           LEU           96.97           274    273    104     6.104     6.094     3.736     0.7637      0.7637      0.7632      0.5555
59      A         B           59           ASP           96.09           274    273    104     6.104     6.094     3.736     0.7408      0.7408      0.7402      0.5249
60      A         B           60           ILE           97.01           274    273    104     6.104     6.094     3.736     0.7536      0.7536      0.7530      0.5415
61      A         B           61           LEU           97.84           274    273    104     6.104     6.094     3.736     0.8101      0.8101      0.8096      0.6227
62      A         B           62           LYS           96.96           274    273    104     6.104     6.094     3.736     0.7817      0.7817      0.7811      0.5798
63      A         B           63           THR           97.49           274    273    104     6.104     6.094     3.736     0.7354      0.7354      0.7348      0.5180
64      A         B           64           VAL           98.39           274    273    104     6.104     6.094     3.736     0.8200      0.8200      0.8195      0.6386
65      A         B           65           LYS           98.57           274    273    104     6.104     6.094     3.736     0.7860      0.7860      0.7854      0.5877
66      A         B           66           GLU           98.51           274    273    104     6.104     6.094     3.736     0.8381      0.8381      0.8377      0.6667
67      A         B           67           ILE           98.76           274    273    104     6.104     6.094     3.736     0.8647      0.8647      0.8644      0.7139
68      A         B           68           THR           98.38           274    273    104     6.104     6.094     3.736     0.8414      0.8414      0.8410      0.6735
69      A         B           69           GLY           98.10           274    273    104     6.104     6.094     3.736     0.8443      0.8443      0.8439      0.6794
70      A         B           70           PHE           96.65           274    273    104     6.104     6.094     3.736     0.8707      0.8707      0.8704      0.7244
71      A         B           71           LEU           98.68           274    273    104     6.104     6.094     3.736     0.8895      0.8895      0.8892      0.7587
72      A         B           72           LEU           94.91           274    273    104     6.104     6.094     3.736     0.8813      0.8813      0.8810      0.7442
73      A         B           73           ILE           97.71           274    273    104     6.104     6.094     3.736     0.8838      0.8838      0.8835      0.7488
74      A         B           74           GLN           91.88           274    273    104     6.104     6.094     3.736     0.8553      0.8553      0.8549      0.6984
75      A         B           75           ALA           93.55           274    273    104     6.104     6.094     3.736     0.8491      0.8491      0.8486      0.6876
76      A         B           76           TRP           97.25           274    273    104     6.104     6.094     3.736     0.8322      0.8322      0.8318      0.6585
77      A         B           77           PRO           94.96           274    273    104     6.104     6.094     3.736     0.7383      0.7383      0.7377      0.5240
78      A         B           78           GLU           88.67           274    273    104     6.104     6.094     3.736     0.5390      0.5390      0.5382      0.3144
79      A         B           79           ASN           88.92           274    273    104     6.104     6.094     3.736     0.4628      0.4628      0.4620      0.2520
80      A         B           80           ARG           94.44           274    273    104     6.104     6.094     3.736     0.6345      0.6345      0.6337      0.4015
81      A         B           81           THR           93.06           274    273    104     6.104     6.094     3.736     0.5994      0.5994      0.5987      0.3674
82      A         B           82           ASP           94.47           274    273    104     6.104     6.094     3.736     0.6892      0.6892      0.6885      0.4627
83      A         B           83           LEU           97.80           274    273    104     6.104     6.094     3.736     0.7884      0.7884      0.7879      0.5908
84      A         B           84           HIS           93.00           274    273    104     6.104     6.094     3.736     0.6243      0.6243      0.6235      0.3917
85      A         B           85           ALA           96.75           274    273    104     6.104     6.094     3.736     0.7311      0.7311      0.7304      0.5125
86      A         B           86           PHE           98.48           274    273    104     6.104     6.094     3.736     0.8161      0.8161      0.8156      0.6327
87      A         B           87           GLU           95.71           274    273    104     6.104     6.094     3.736     0.7383      0.7383      0.7376      0.5215
88      A         B           88           ASN           98.16           274    273    104     6.104     6.094     3.736     0.7943      0.7943      0.7938      0.5992
89      A         B           89           LEU           98.71           274    273    104     6.104     6.094     3.736     0.8410      0.8410      0.8406      0.6728
90      A         B           90           GLU           98.59           274    273    104     6.104     6.094     3.736     0.8115      0.8115      0.8110      0.6255
91      A         B           91           ILE           98.54           274    273    104     6.104     6.094     3.736     0.8334      0.8334      0.8329      0.6594
92      A         B           92           ILE           98.80           274    273    104     6.104     6.094     3.736     0.8629      0.8629      0.8625      0.7109
93      A         B           93           ARG           98.44           274    273    104     6.104     6.094     3.736     0.8249      0.8249      0.8244      0.6471
94      A         B           94           GLY           97.99           274    273    104     6.104     6.094     3.736     0.8080      0.8080      0.8075      0.6216
95      A         B           95           ARG           96.22           274    273    104     6.104     6.094     3.736     0.7653      0.7653      0.7647      0.5597
96      A         B           96           THR           93.23           274    273    104     6.104     6.094     3.736     0.8225      0.8225      0.8220      0.6440
97      A         B           97           LYS           92.12           274    273    104     6.104     6.094     3.736     0.8395      0.8395      0.8390      0.6727
98      A         B           98           GLN           91.19           274    273    104     6.104     6.094     3.736     0.8252      0.8252      0.8248      0.6502
99      A         B           99           HIS           87.57           274    273    104     6.104     6.094     3.736     0.8250      0.8250      0.8245      0.6500
100     A         B          100           GLY           89.58           274    273    104     6.104     6.094     3.736     0.8190      0.8190      0.8185      0.6408
101     A         B          101           GLN           90.59           274    273    104     6.104     6.094     3.736     0.8152      0.8152      0.8147      0.6380
102     A         B          102           PHE           95.03           274    273    104     6.104     6.094     3.736     0.8835      0.8835      0.8832      0.7504
103     A         B          103           SER           97.31           274    273    104     6.104     6.094     3.736     0.8528      0.8528      0.8524      0.6962
104     A         B          104           LEU           98.14           274    273    104     6.104     6.094     3.736     0.8853      0.8853      0.8850      0.7517
105     A         B          105           ALA           95.61           274    273    104     6.104     6.094     3.736     0.8730      0.8730      0.8726      0.7302
106     A         B          106           VAL           97.17           274    273    104     6.104     6.094     3.736     0.8786      0.8786      0.8782      0.7395
107     A         B          107           VAL           92.18           274    273    104     6.104     6.094     3.736     0.8480      0.8480      0.8476      0.6862
108     A         B          108           SER           90.47           274    273    104     6.104     6.094     3.736     0.8252      0.8252      0.8247      0.6508
109     A         B          109           LEU           96.83           274    273    104     6.104     6.094     3.736     0.8556      0.8556      0.8552      0.6981
110     A         B          110           ASN           94.41           274    273    104     6.104     6.094     3.736     0.8075      0.8075      0.8070      0.6204
111     A         B          111           ILE           96.29           274    273    104     6.104     6.094     3.736     0.8223      0.8223      0.8218      0.6423
112     A         B          112           THR           92.27           274    273    104     6.104     6.094     3.736     0.7800      0.7800      0.7795      0.5789
113     A         B          113           SER           91.01           274    273    104     6.104     6.094     3.736     0.6589      0.6589      0.6582      0.4291
114     A         B          114           LEU           95.49           274    273    104     6.104     6.094     3.736     0.7734      0.7734      0.7728      0.5700
115     A         B          115           GLY           93.48           274    273    104     6.104     6.094     3.736     0.6611      0.6611      0.6604      0.4307
116     A         B          116           LEU           95.52           274    273    104     6.104     6.094     3.736     0.7273      0.7273      0.7267      0.5082
117     A         B          117           ARG           87.94           274    273    104     6.104     6.094     3.736     0.5021      0.5021      0.5013      0.2812
118     A         B          118           SER           96.46           274    273    104     6.104     6.094     3.736     0.7293      0.7293      0.7286      0.5101
119     A         B          119           LEU           95.86           274    273    104     6.104     6.094     3.736     0.7967      0.7967      0.7961      0.6034
120     A         B          120           LYS           95.20           274    273    104     6.104     6.094     3.736     0.6397      0.6397      0.6389      0.4080
121     A         B          121           GLU           97.19           274    273    104     6.104     6.094     3.736     0.7972      0.7972      0.7967      0.6047
122     A         B          122           ILE           98.11           274    273    104     6.104     6.094     3.736     0.8432      0.8432      0.8427      0.6774
123     A         B          123           SER           98.25           274    273    104     6.104     6.094     3.736     0.8006      0.8006      0.8001      0.6105
124     A         B          124           ASP           95.91           274    273    104     6.104     6.094     3.736     0.8279      0.8279      0.8275      0.6537
125     A         B          125           GLY           95.80           274    273    104     6.104     6.094     3.736     0.8124      0.8124      0.8119      0.6314
126     A         B          126           ASP           94.52           274    273    104     6.104     6.094     3.736     0.8553      0.8553      0.8549      0.7005
127     A         B          127           VAL           96.58           274    273    104     6.104     6.094     3.736     0.8716      0.8716      0.8712      0.7280
128     A         B          128           ILE           94.38           274    273    104     6.104     6.094     3.736     0.8691      0.8691      0.8687      0.7236
129     A         B          129           ILE           95.88           274    273    104     6.104     6.094     3.736     0.8697      0.8697      0.8694      0.7247
130     A         B          130           SER           91.21           274    273    104     6.104     6.094     3.736     0.7918      0.7918      0.7913      0.5998
131     A         B          131           GLY           91.41           274    273    104     6.104     6.094     3.736     0.8024      0.8024      0.8019      0.6164
132     A         B          132           ASN           95.36           274    273    104     6.104     6.094     3.736     0.8283      0.8283      0.8279      0.6537
133     A         B          133           LYS           90.51           274    273    104     6.104     6.094     3.736     0.7555      0.7555      0.7549      0.5488
134     A         B          134           ASN           92.95           274    273    104     6.104     6.094     3.736     0.7835      0.7835      0.7830      0.5837
135     A         B          135           LEU           95.24           274    273    104     6.104     6.094     3.736     0.7956      0.7956      0.7951      0.6018
136     A         B          136           CYS           92.03           274    273    104     6.104     6.094     3.736     0.6102      0.6102      0.6095      0.3791
137     A         B          137           TYR           78.53           274    273    104     6.104     6.094     3.736     0.3998      0.3998      0.3990      0.2042
138     A         B          138           ALA           85.81           274    273    104     6.104     6.094     3.736     0.4934      0.4934      0.4926      0.2742
139     A         B          139           ASN           77.45           274    273    104     6.104     6.094     3.736     0.4491      0.4491      0.4483      0.2400
140     A         B          140           THR           79.01           274    273    104     6.104     6.094     3.736     0.4513      0.4513      0.4505      0.2415
141     A         B          141           ILE           86.44           274    273    104     6.104     6.094     3.736     0.5899      0.5899      0.5892      0.3584
142     A         B          142           ASN           87.46           274    273    104     6.104     6.094     3.736     0.6066      0.6066      0.6058      0.3755
143     A         B          143           TRP           93.08           274    273    104     6.104     6.094     3.736     0.7386      0.7386      0.7380      0.5249
144     A         B          144           LYS           89.10           274    273    104     6.104     6.094     3.736     0.6894      0.6894      0.6888      0.4636
145     A         B          145           LYS           91.14           274    273    104     6.104     6.094     3.736     0.6689      0.6689      0.6682      0.4408
146     A         B          146           LEU           95.01           274    273    104     6.104     6.094     3.736     0.7602      0.7602      0.7596      0.5526
147     A         B          147           PHE           96.18           274    273    104     6.104     6.094     3.736     0.7767      0.7767      0.7762      0.5757
148     A         B          148           GLY           96.81           274    273    104     6.104     6.094     3.736     0.5717      0.5717      0.5709      0.3433
149     A         B          149           THR           91.27           274    273    104     6.104     6.094     3.736     0.5557      0.5557      0.5549      0.3308
150     A         B          150           SER           88.35           274    273    104     6.104     6.094     3.736     0.4919      0.4919      0.4911      0.2783
151     A         B          151           GLY           88.58           274    273    104     6.104     6.094     3.736     0.6283      0.6283      0.6275      0.4028
152     A         B          152           GLN           95.08           274    273    104     6.104     6.094     3.736     0.7560      0.7560      0.7555      0.5508
153     A         B          153           LYS           87.55           274    273    104     6.104     6.094     3.736     0.6710      0.6710      0.6704      0.4513
154     A         B          154           THR           91.57           274    273    104     6.104     6.094     3.736     0.7708      0.7708      0.7702      0.5722
155     A         B          155           LYS           89.42           274    273    104     6.104     6.094     3.736     0.7997      0.7997      0.7992      0.6136
156     A         B          156           ILE           91.29           274    273    104     6.104     6.094     3.736     0.7945      0.7945      0.7940      0.6060
157     A         B          157           ILE           85.12           274    273    104     6.104     6.094     3.736     0.6510      0.6510      0.6503      0.4269
158     A         B          158           SER           87.72           274    273    104     6.104     6.094     3.736     0.7245      0.7245      0.7238      0.5107
159     A         B          159           ASN           92.44           274    273    104     6.104     6.094     3.736     0.7768      0.7768      0.7762      0.5759
160     A         B          160           ARG           91.93           274    273    104     6.104     6.094     3.736     0.6567      0.6567      0.6559      0.4275
161     A         B          161           GLY           86.60           274    273    104     6.104     6.094     3.736     0.4672      0.4672      0.4664      0.2547
162     A         B          162           GLU           80.69           274    273    104     6.104     6.094     3.736     0.4462      0.4462      0.4454      0.2378
163     A         B          163           ASN           86.15           274    273    104     6.104     6.094     3.736     0.3896      0.3896      0.3889      0.1971
164     A         B          164           SER           87.47           274    273    104     6.104     6.094     3.736     0.4321      0.4321      0.4313      0.2263
165     A         B          165           CYS           89.78           274    273    104     6.104     6.094     3.736     0.4578      0.4578      0.4570      0.2447
166     A         B          166           LYS           84.81           274    273    104     6.104     6.094     3.736     0.4069      0.4069      0.4062      0.2084
167     A         B          167           ALA           85.48           274    273    104     6.104     6.094     3.736     0.2821      0.2821      0.2814      0.1298
168     A         B          168           THR           78.39           274    273     99     6.104     6.094     3.631     0.1894      0.1920      0.1915      0.0780
169     A         B          169           GLY           75.97           274    273      4     6.104     6.094     1.000     0.1131      0.1594      0.1590      0.0051
170     A         B          170           GLN           62.79           274    273      0     6.104     6.094     1.000     0.0863      0.0000      0.0000      0.0000
171     B         A            1           MET           74.93           274    273      0     6.104     6.094     1.000     0.0663      0.0000      0.0000      0.0000
172     B         A            2           PRO           83.99           274    273     46     6.104     6.094     2.095     0.1322      0.1684      0.1679      0.0234
173     B         A            3           SER           90.08           274    273    170     6.104     6.094     4.861     0.3515      0.3515      0.3508      0.2589
174     B         A            4           GLU           91.84           274    273    170     6.104     6.094     4.861     0.5607      0.5607      0.5599      0.4512
175     B         A            5           GLU           92.51           274    273    170     6.104     6.094     4.861     0.6389      0.6389      0.6382      0.5323
176     B         A            6           VAL           93.73           274    273    170     6.104     6.094     4.861     0.7459      0.7459      0.7453      0.6534
177     B         A            7           LEU           95.22           274    273    170     6.104     6.094     4.861     0.8264      0.8264      0.8260      0.7536
178     B         A            8           SER           95.41           274    273    170     6.104     6.094     4.861     0.8149      0.8149      0.8144      0.7387
179     B         A            9           LYS           95.70           274    273    170     6.104     6.094     4.861     0.8432      0.8432      0.8428      0.7754
180     B         A           10           SER           95.25           274    273    170     6.104     6.094     4.861     0.8395      0.8395      0.8391      0.7706
181     B         A           11           ARG           93.68           274    273    170     6.104     6.094     4.861     0.8561      0.8561      0.8557      0.7927
182     B         A           12           ALA           95.00           274    273    170     6.104     6.094     4.861     0.8615      0.8615      0.8611      0.7999
183     B         A           13           SER           95.40           274    273    170     6.104     6.094     4.861     0.8612      0.8612      0.8608      0.7995
184     B         A           14           LEU           94.22           274    273    170     6.104     6.094     4.861     0.8837      0.8837      0.8833      0.8302
185     B         A           15           GLN           91.06           274    273    170     6.104     6.094     4.861     0.8859      0.8859      0.8856      0.8334
186     B         A           16           LEU           92.73           274    273    170     6.104     6.094     4.861     0.8813      0.8813      0.8809      0.8269
187     B         A           17           ALA           91.92           274    273    170     6.104     6.094     4.861     0.8807      0.8807      0.8804      0.8262
188     B         A           18           PHE           85.87           274    273    170     6.104     6.094     4.861     0.8960      0.8960      0.8957      0.8474
189     B         A           19           LEU           86.32           274    273    170     6.104     6.094     4.861     0.8868      0.8868      0.8865      0.8346
190     B         A           20           ASP           83.99           274    273    170     6.104     6.094     4.861     0.8538      0.8538      0.8534      0.7901
191     B         A           21           ILE           85.54           274    273    170     6.104     6.094     4.861     0.8483      0.8483      0.8479      0.7827
192     B         A           22           PRO           87.03           274    273    170     6.104     6.094     4.861     0.7932      0.7932      0.7926      0.7123
193     B         A           23           LEU           89.28           274    273    170     6.104     6.094     4.861     0.7312      0.7312      0.7306      0.6377
194     B         A           24           THR           90.06           274    273    170     6.104     6.094     4.861     0.7690      0.7690      0.7684      0.6819
195     B         A           25           LYS           91.53           274    273    170     6.104     6.094     4.861     0.7400      0.7400      0.7394      0.6475
196     B         A           26           GLU           91.44           274    273    170     6.104     6.094     4.861     0.7737      0.7737      0.7731      0.6887
197     B         A           27           ASN           89.98           274    273    170     6.104     6.094     4.861     0.8244      0.8244      0.8239      0.7515
198     B         A           28           ILE           94.75           274    273    170     6.104     6.094     4.861     0.8491      0.8491      0.8487      0.7836
199     B         A           29           ASP           93.14           274    273    170     6.104     6.094     4.861     0.8179      0.8179      0.8174      0.7431
200     B         A           30           ASP           89.27           274    273    170     6.104     6.094     4.861     0.8233      0.8233      0.8229      0.7505
201     B         A           31           LEU           90.29           274    273    170     6.104     6.094     4.861     0.8434      0.8434      0.8429      0.7762
202     B         A           32           ILE           95.34           274    273    170     6.104     6.094     4.861     0.8583      0.8583      0.8579      0.7960
203     B         A           33           ALA           92.14           274    273    170     6.104     6.094     4.861     0.8115      0.8115      0.8110      0.7353
204     B         A           34           ASP           85.03           274    273    170     6.104     6.094     4.861     0.8072      0.8072      0.8067      0.7303
205     B         A           35           THR           89.39           274    273    170     6.104     6.094     4.861     0.8208      0.8208      0.8204      0.7473
206     B         A           36           LYS           91.43           274    273    170     6.104     6.094     4.861     0.8008      0.8008      0.8003      0.7217
207     B         A           37           ALA           83.49           274    273    170     6.104     6.094     4.861     0.7450      0.7450      0.7444      0.6544
208     B         A           38           HIS           80.69           274    273    170     6.104     6.094     4.861     0.7483      0.7483      0.7477      0.6584
209     B         A           39           GLY           84.81           274    273    170     6.104     6.094     4.861     0.6721      0.6721      0.6714      0.5721
210     B         A           40           LEU           85.16           274    273    170     6.104     6.094     4.861     0.7389      0.7389      0.7383      0.6470
211     B         A           41           ASP           90.42           274    273    170     6.104     6.094     4.861     0.7311      0.7311      0.7305      0.6375
212     B         A           42           PRO           90.95           274    273    170     6.104     6.094     4.861     0.6961      0.6961      0.6955      0.5971
213     B         A           43           THR           91.65           274    273    170     6.104     6.094     4.861     0.7099      0.7099      0.7092      0.6121
214     B         A           44           SER           87.16           274    273    170     6.104     6.094     4.861     0.6827      0.6827      0.6820      0.5817
215     B         A           45           PRO           85.23           274    273    170     6.104     6.094     4.861     0.7177      0.7177      0.7170      0.6216
216     B         A           46           ASP           80.26           274    273    170     6.104     6.094     4.861     0.7168      0.7168      0.7162      0.6208
217     B         A           47           PRO           73.53           274    273    170     6.104     6.094     4.861     0.6794      0.6794      0.6788      0.5801
218     B         A           48           ASP           77.37           274    273    170     6.104     6.094     4.861     0.7440      0.7440      0.7434      0.6528
219     B         A           49           LEU           82.54           274    273    170     6.104     6.094     4.861     0.7581      0.7581      0.7575      0.6693
220     B         A           50           PRO           75.45           274    273    170     6.104     6.094     4.861     0.7251      0.7251      0.7244      0.6302
221     B         A           51           LEU           71.77           274    273    170     6.104     6.094     4.861     0.7437      0.7437      0.7431      0.6518
222     B         A           52           LEU           78.67           274    273    170     6.104     6.094     4.861     0.6998      0.6998      0.6991      0.6015
223     B         A           53           ASP           72.18           274    273    170     6.104     6.094     4.861     0.5889      0.5889      0.5881      0.4820
224     B         A           54           GLY           65.05           274    273    170     6.104     6.094     4.861     0.4614      0.4614      0.4607      0.3594
225     B         A           55           ASP           74.17           274    273    170     6.104     6.094     4.861     0.5616      0.5616      0.5608      0.4552
226     B         A           56           PRO           79.03           274    273    170     6.104     6.094     4.861     0.6402      0.6402      0.6395      0.5355
227     B         A           57           GLU           79.81           274    273    170     6.104     6.094     4.861     0.6635      0.6635      0.6628      0.5602
228     B         A           58           THR           82.10           274    273    170     6.104     6.094     4.861     0.7014      0.7014      0.7007      0.6025
229     B         A           59           ALA           88.96           274    273    170     6.104     6.094     4.861     0.7554      0.7554      0.7548      0.6650
230     B         A           60           GLU           92.36           274    273    170     6.104     6.094     4.861     0.7567      0.7567      0.7561      0.6663
231     B         A           61           ARG           89.90           274    273    170     6.104     6.094     4.861     0.7371      0.7371      0.7365      0.6425
232     B         A           62           VAL           92.59           274    273    170     6.104     6.094     4.861     0.7624      0.7624      0.7618      0.6732
233     B         A           63           VAL           95.33           274    273    170     6.104     6.094     4.861     0.7740      0.7740      0.7734      0.6871
234     B         A           64           SER           95.03           274    273    170     6.104     6.094     4.861     0.7089      0.7089      0.7082      0.6096
235     B         A           65           GLU           93.19           274    273    170     6.104     6.094     4.861     0.7121      0.7121      0.7114      0.6133
236     B         A           66           SER           95.18           274    273    170     6.104     6.094     4.861     0.7115      0.7115      0.7108      0.6126
237     B         A           67           LEU           96.40           274    273    170     6.104     6.094     4.861     0.7312      0.7312      0.7306      0.6355
238     B         A           68           LYS           92.64           274    273    170     6.104     6.094     4.861     0.6552      0.6552      0.6544      0.5494
239     B         A           69           GLY           93.56           274    273    170     6.104     6.094     4.861     0.6330      0.6330      0.6322      0.5252
240     B         A           70           LEU           94.72           274    273    170     6.104     6.094     4.861     0.6866      0.6866      0.6859      0.5838
241     B         A           71           GLU           93.32           274    273    170     6.104     6.094     4.861     0.6150      0.6150      0.6142      0.5062
242     B         A           72           GLU           88.65           274    273    170     6.104     6.094     4.861     0.5143      0.5143      0.5135      0.4044
243     B         A           73           SER           89.85           274    273    170     6.104     6.094     4.861     0.5303      0.5303      0.5295      0.4202
244     B         A           74           GLY           93.17           274    273    170     6.104     6.094     4.861     0.5109      0.5109      0.5101      0.4011
245     B         A           75           VAL           94.23           274    273    170     6.104     6.094     4.861     0.5900      0.5900      0.5892      0.4792
246     B         A           76           PRO           95.46           274    273    170     6.104     6.094     4.861     0.5415      0.5415      0.5407      0.4303
247     B         A           77           ARG           95.68           274    273    170     6.104     6.094     4.861     0.5813      0.5813      0.5805      0.4703
248     B         A           78           ARG           96.02           274    273    170     6.104     6.094     4.861     0.5794      0.5794      0.5786      0.4684
249     B         A           79           GLU           95.19           274    273    170     6.104     6.094     4.861     0.6687      0.6687      0.6680      0.5637
250     B         A           80           SER           96.09           274    273    170     6.104     6.094     4.861     0.6842      0.6842      0.6835      0.5810
251     B         A           81           LEU           97.33           274    273    170     6.104     6.094     4.861     0.7200      0.7200      0.7194      0.6216
252     B         A           82           GLU           96.26           274    273    170     6.104     6.094     4.861     0.6816      0.6816      0.6809      0.5779
253     B         A           83           LEU           95.40           274    273    170     6.104     6.094     4.861     0.7407      0.7407      0.7400      0.6463
254     B         A           84           LEU           96.60           274    273    170     6.104     6.094     4.861     0.7567      0.7567      0.7561      0.6655
255     B         A           85           VAL           96.89           274    273    170     6.104     6.094     4.861     0.7478      0.7478      0.7472      0.6546
256     B         A           86           ARG           93.70           274    273    170     6.104     6.094     4.861     0.7105      0.7105      0.7099      0.6113
257     B         A           87           VAL           94.24           274    273    170     6.104     6.094     4.861     0.7494      0.7494      0.7487      0.6571
258     B         A           88           SER           94.08           274    273    170     6.104     6.094     4.861     0.7338      0.7338      0.7331      0.6385
259     B         A           89           ARG           92.48           274    273    170     6.104     6.094     4.861     0.6965      0.6965      0.6959      0.5951
260     B         A           90           GLU           90.98           274    273    170     6.104     6.094     4.861     0.6942      0.6942      0.6935      0.5928
261     B         A           91           SER           89.71           274    273    170     6.104     6.094     4.861     0.6978      0.6978      0.6972      0.5974
262     B         A           92           GLY           87.09           274    273    170     6.104     6.094     4.861     0.6441      0.6441      0.6434      0.5379
263     B         A           93           SER           88.10           274    273    170     6.104     6.094     4.861     0.6938      0.6938      0.6931      0.5927
264     B         A           94           PRO           84.40           274    273    170     6.104     6.094     4.861     0.6580      0.6580      0.6572      0.5531
265     B         A           95           ARG           86.33           274    273    170     6.104     6.094     4.861     0.6929      0.6929      0.6922      0.5913
266     B         A           96           LEU           91.97           274    273    170     6.104     6.094     4.861     0.7479      0.7479      0.7473      0.6554
267     B         A           97           GLU           93.81           274    273    170     6.104     6.094     4.861     0.7526      0.7526      0.7520      0.6607
268     B         A           98           GLU           90.47           274    273    170     6.104     6.094     4.861     0.7038      0.7038      0.7031      0.6037
269     B         A           99           LEU           94.05           274    273    170     6.104     6.094     4.861     0.7400      0.7400      0.7394      0.6456
270     B         A          100           PHE           96.38           274    273    170     6.104     6.094     4.861     0.7502      0.7502      0.7496      0.6578
271     B         A          101           ARG           95.42           274    273    170     6.104     6.094     4.861     0.6905      0.6905      0.6898      0.5880
272     B         A          102           ARG           93.68           274    273    170     6.104     6.094     4.861     0.5618      0.5618      0.5610      0.4509
273     B         A          103           ARG           94.80           274    273    170     6.104     6.094     4.861     0.5385      0.5385      0.5377      0.4276
274     B         A          104           LEU           93.00           274    273    170     6.104     6.094     4.861     0.2634      0.2634      0.2627      0.1860
