i   AlignChn ScoredChain  AlignResNum  AlignResType  AlignRespLDDT      n0chn  n0dom  n0res    d0chn     d0dom     d0res   ipTM_pae  ipSAE_d0chn ipSAE_d0dom    ipSAE 
1       A         B            1           LYS           92.55           274    273    104     6.104     6.094     3.736     0.2615      0.2615      0.2608      0.1184
2       A         B            2           VAL           97.02           274    273    104     6.104     6.094     3.736     0.6778      0.6778      0.6771      0.4472
3       A         B            3           CYS           97.12           274    273    104     6.104     6.094     3.736     0.7384      0.7384      0.7378      0.5217
4       A         B            4           ASN           96.66           274    273    104     6.104     6.094     3.736     0.7549      0.7549      0.7543      0.5434
5       A         B            5           GLY           97.76           274    273    104     6.104     6.094     3.736     0.7202      0.7202      0.7195      0.4998
6       A         B            6           ILE           94.48           274    273    104     6.104     6.094     3.736     0.7157      0.7157      0.7150      0.4956
7       A         B            7           GLY           90.23           274    273    104     6.104     6.094     3.736     0.5665      0.5665      0.5657      0.3378
8       A         B            8           ILE           89.80           274    273    104     6.104     6.094     3.736     0.5687      0.5687      0.5679      0.3403
9       A         B            9           GLY           93.09           274    273    104     6.104     6.094     3.736     0.5021      0.5021      0.5013      0.2803
10      A         B           10           GLU           91.36           274    273    104     6.104     6.094     3.736     0.4762      0.4762      0.4754      0.2615
11      A         B           11           PHE           93.75           274    273    104     6.104     6.094     3.736     0.6238      0.6238      0.6230      0.3920
12      A         B           12           LYS           89.52           274    273    104     6.104     6.094     3.736     0.5798      0.5798      0.5790      0.3507
13      A         B           13           ASP           84.25           274    273    104     6.104     6.094     3.736     0.5414      0.5414      0.5406      0.3203
14      A         B           14           SER           88.46           274    273    104     6.104     6.094     3.736     0.6465      0.6465      0.6458      0.4212
15      A         B           15           LEU           85.04           274    273    104     6.104     6.094     3.736     0.6631      0.6631      0.6624      0.4371
16      A         B           16           SER           92.21           274    273    104     6.104     6.094     3.736     0.7593      0.7593      0.7587      0.5524
17      A         B           17           ILE           96.01           274    273    104     6.104     6.094     3.736     0.7666      0.7666      0.7660      0.5628
18      A         B           18           ASN           94.75           274    273    104     6.104     6.094     3.736     0.7306      0.7306      0.7300      0.5146
19      A         B           19           ALA           96.59           274    273    104     6.104     6.094     3.736     0.7283      0.7283      0.7276      0.5101
20      A         B           20           THR           94.27           274    273    104     6.104     6.094     3.736     0.6175      0.6175      0.6167      0.3860
21      A         B           21           ASN           95.09           274    273    104     6.104     6.094     3.736     0.7181      0.7181      0.7175      0.4977
22      A         B           22           ILE           96.37           274    273    104     6.104     6.094     3.736     0.6919      0.6919      0.6912      0.4654
23      A         B           23           LYS           94.51           274    273    104     6.104     6.094     3.736     0.6343      0.6343      0.6336      0.4028
24      A         B           24           HIS           93.46           274    273    104     6.104     6.094     3.736     0.5874      0.5874      0.5866      0.3555
25      A         B           25           PHE           97.22           274    273    104     6.104     6.094     3.736     0.7216      0.7216      0.7210      0.5008
26      A         B           26           LYS           95.79           274    273    104     6.104     6.094     3.736     0.6859      0.6859      0.6852      0.4570
27      A         B           27           ASN           95.35           274    273    104     6.104     6.094     3.736     0.6009      0.6009      0.6001      0.3672
28      A         B           28           CYS           97.99           274    273    104     6.104     6.094     3.736     0.7032      0.7032      0.7025      0.4782
29      A         B           29           THR           98.37           274    273    104     6.104     6.094     3.736     0.7185      0.7185      0.7178      0.4970
30      A         B           30           SER           98.39           274    273    104     6.104     6.094     3.736     0.7748      0.7748      0.7742      0.5697
31      A         B           31           ILE           98.49           274    273    104     6.104     6.094     3.736     0.8022      0.8022      0.8017      0.6115
32      A         B           32           SER           97.68           274    273    104     6.104     6.094     3.736     0.7631      0.7631      0.7625      0.5553
33      A         B           33           GLY           97.63           274    273    104     6.104     6.094     3.736     0.7737      0.7737      0.7732      0.5719
34      A         B           34           ASP           96.48           274    273    104     6.104     6.094     3.736     0.7939      0.7939      0.7934      0.6014
35      A         B           35           LEU           97.60           274    273    104     6.104     6.094     3.736     0.7902      0.7902      0.7897      0.5968
36      A         B           36           HIS           91.75           274    273    104     6.104     6.094     3.736     0.7285      0.7285      0.7278      0.5145
37      A         B           37           ILE           96.79           274    273    104     6.104     6.094     3.736     0.8336      0.8336      0.8331      0.6633
38      A         B           38           LEU           91.06           274    273    104     6.104     6.094     3.736     0.8353      0.8353      0.8349      0.6651
39      A         B           39           PRO           88.60           274    273    104     6.104     6.094     3.736     0.7927      0.7927      0.7922      0.6000
40      A         B           40           VAL           86.64           274    273    104     6.104     6.094     3.736     0.7517      0.7517      0.7511      0.5440
41      A         B           41           ALA           94.19           274    273    104     6.104     6.094     3.736     0.7691      0.7691      0.7686      0.5654
42      A         B           42           PHE           93.56           274    273    104     6.104     6.094     3.736     0.7311      0.7311      0.7305      0.5163
43      A         B           43           ARG           87.37           274    273    104     6.104     6.094     3.736     0.5414      0.5414      0.5407      0.3167
44      A         B           44           GLY           90.44           274    273    104     6.104     6.094     3.736     0.4247      0.4247      0.4239      0.2255
45      A         B           45           ASP           83.69           274    273    104     6.104     6.094     3.736     0.3284      0.3284      0.3277      0.1614
46      A         B           46           SER           83.30           274    273    104     6.104     6.094     3.736     0.2753      0.2753      0.2746      0.1294
47      A         B           47           PHE           77.00           274    273    104     6.104     6.094     3.736     0.2808      0.2808      0.2802      0.1326
48      A         B           48           THR           83.05           274    273    104     6.104     6.094     3.736     0.3190      0.3190      0.3183      0.1541
49      A         B           49           HIS           89.35           274    273    104     6.104     6.094     3.736     0.3347      0.3347      0.3340      0.1636
50      A         B           50           THR           90.13           274    273    104     6.104     6.094     3.736     0.4198      0.4198      0.4190      0.2205
51      A         B           51           PRO           95.47           274    273    104     6.104     6.094     3.736     0.5145      0.5145      0.5137      0.2931
52      A         B           52           PRO           94.90           274    273    104     6.104     6.094     3.736     0.6380      0.6380      0.6372      0.4071
53      A         B           53           LEU           97.00           274    273    104     6.104     6.094     3.736     0.7172      0.7172      0.7165      0.4959
54      A         B           54           ASP           96.58           274    273    104     6.104     6.094     3.736     0.6737      0.6737      0.6730      0.4444
55      A         B           55           PRO           95.11           274    273    104     6.104     6.094     3.736     0.6187      0.6187      0.6179      0.3856
56      A         B           56           GLN           95.70           274    273    104     6.104     6.094     3.736     0.5968      0.5968      0.5960      0.3640
57      A         B           57           GLU           96.54           274    273    104     6.104     6.094     3.736     0.6895      0.6895      0.6888      0.4612
58      A         B           58           LEU           97.03           274    273    104     6.104     6.094     3.736     0.7262      0.7262      0.7255      0.5062
59      A         B           59           ASP           96.28           274    273    104     6.104     6.094     3.736     0.7049      0.7049      0.7042      0.4800
60      A         B           60           ILE           97.09           274    273    104     6.104     6.094     3.736     0.7217      0.7217      0.7211      0.5001
61      A         B           61           LEU           97.95           274    273    104     6.104     6.094     3.736     0.7830      0.7830      0.7824      0.5827
62      A         B           62           LYS           97.12           274    273    104     6.104     6.094     3.736     0.7462      0.7462      0.7456      0.5313
63      A         B           63           THR           97.62           274    273    104     6.104     6.094     3.736     0.7080      0.7080      0.7074      0.4840
64      A         B           64           VAL           98.45           274    273    104     6.104     6.094     3.736     0.7961      0.7961      0.7955      0.6024
65      A         B           65           LYS           98.62           274    273    104     6.104     6.094     3.736     0.7597      0.7597      0.7591      0.5509
66      A         B           66           GLU           98.54           274    273    104     6.104     6.094     3.736     0.8157      0.8157      0.8153      0.6311
67      A         B           67           ILE           98.78           274    273    104     6.104     6.094     3.736     0.8403      0.8403      0.8398      0.6730
68      A         B           68           THR           98.47           274    273    104     6.104     6.094     3.736     0.8204      0.8204      0.8199      0.6398
69      A         B           69           GLY           98.24           274    273    104     6.104     6.094     3.736     0.8205      0.8205      0.8200      0.6412
70      A         B           70           PHE           97.15           274    273    104     6.104     6.094     3.736     0.8457      0.8457      0.8452      0.6816
71      A         B           71           LEU           98.73           274    273    104     6.104     6.094     3.736     0.8695      0.8695      0.8692      0.7227
72      A         B           72           LEU           95.50           274    273    104     6.104     6.094     3.736     0.8652      0.8652      0.8648      0.7156
73      A         B           73           ILE           97.89           274    273    104     6.104     6.094     3.736     0.8655      0.8655      0.8652      0.7165
74      A         B           74           GLN           92.69           274    273    104     6.104     6.094     3.736     0.8335      0.8335      0.8330      0.6628
75      A         B           75           ALA           93.95           274    273    104     6.104     6.094     3.736     0.8246      0.8246      0.8241      0.6485
76      A         B           76           TRP           97.44           274    273    104     6.104     6.094     3.736     0.8078      0.8078      0.8073      0.6205
77      A         B           77           PRO           95.50           274    273    104     6.104     6.094     3.736     0.7100      0.7100      0.7094      0.4887
78      A         B           78           GLU           89.17           274    273    104     6.104     6.094     3.736     0.4787      0.4787      0.4780      0.2648
79      A         B           79           ASN           89.44           274    273    104     6.104     6.094     3.736     0.4007      0.4007      0.3999      0.2069
80      A         B           80           ARG           94.70           274    273    104     6.104     6.094     3.736     0.5768      0.5768      0.5761      0.3447
81      A         B           81           THR           94.05           274    273    104     6.104     6.094     3.736     0.5641      0.5641      0.5633      0.3337
82      A         B           82           ASP           95.14           274    273    104     6.104     6.094     3.736     0.6485      0.6485      0.6477      0.4170
83      A         B           83           LEU           97.90           274    273    104     6.104     6.094     3.736     0.7535      0.7535      0.7529      0.5424
84      A         B           84           HIS           93.00           274    273    104     6.104     6.094     3.736     0.5636      0.5636      0.5628      0.3338
85      A         B           85           ALA           96.79           274    273    104     6.104     6.094     3.736     0.6887      0.6887      0.6880      0.4612
86      A         B           86           PHE           98.58           274    273    104     6.104     6.094     3.736     0.7906      0.7906      0.7901      0.5945
87      A         B           87           GLU           95.86           274    273    104     6.104     6.094     3.736     0.7050      0.7050      0.7043      0.4800
88      A         B           88           ASN           98.20           274    273    104     6.104     6.094     3.736     0.7679      0.7679      0.7673      0.5614
89      A         B           89           LEU           98.74           274    273    104     6.104     6.094     3.736     0.8211      0.8211      0.8207      0.6408
90      A         B           90           GLU           98.63           274    273    104     6.104     6.094     3.736     0.7870      0.7870      0.7865      0.5894
91      A         B           91           ILE           98.60           274    273    104     6.104     6.094     3.736     0.8055      0.8055      0.8049      0.6160
92      A         B           92           ILE           98.83           274    273    104     6.104     6.094     3.736     0.8380      0.8380      0.8375      0.6690
93      A         B           93           ARG           98.52           274    273    104     6.104     6.094     3.736     0.7973      0.7973      0.7968      0.6048
94      A         B           94           GLY           98.24           274    273    104     6.104     6.094     3.736     0.7746      0.7746      0.7741      0.5730
95      A         B           95           ARG           96.12           274    273    104     6.104     6.094     3.736     0.7073      0.7073      0.7067      0.4853
96      A         B           96           THR           94.24           274    273    104     6.104     6.094     3.736     0.7980      0.7980      0.7975      0.6075
97      A         B           97           LYS           93.02           274    273    104     6.104     6.094     3.736     0.8126      0.8126      0.8121      0.6302
98      A         B           98           GLN           92.01           274    273    104     6.104     6.094     3.736     0.7949      0.7949      0.7944      0.6034
99      A         B           99           HIS           88.37           274    273    104     6.104     6.094     3.736     0.7920      0.7920      0.7915      0.6000
100     A         B          100           GLY           90.41           274    273    104     6.104     6.094     3.736     0.7885      0.7885      0.7880      0.5949
101     A         B          101           GLN           91.28           274    273    104     6.104     6.094     3.736     0.7870      0.7870      0.7865      0.5958
102     A         B          102           PHE           95.57           274    273    104     6.104     6.094     3.736     0.8635      0.8635      0.8631      0.7153
103     A         B          103           SER           97.60           274    273    104     6.104     6.094     3.736     0.8280      0.8280      0.8276      0.6560
104     A         B          104           LEU           98.31           274    273    104     6.104     6.094     3.736     0.8647      0.8647      0.8644      0.7151
105     A         B          105           ALA           96.23           274    273    104     6.104     6.094     3.736     0.8588      0.8588      0.8584      0.7061
106     A         B          106           VAL           97.46           274    273    104     6.104     6.094     3.736     0.8613      0.8613      0.8609      0.7094
107     A         B          107           VAL           93.06           274    273    104     6.104     6.094     3.736     0.8280      0.8280      0.8275      0.6539
108     A         B          108           SER           91.34           274    273    104     6.104     6.094     3.736     0.8050      0.8050      0.8045      0.6199
109     A         B          109           LEU           97.00           274    273    104     6.104     6.094     3.736     0.8349      0.8349      0.8345      0.6645
110     A         B          110           ASN           94.67           274    273    104     6.104     6.094     3.736     0.7835      0.7835      0.7829      0.5855
111     A         B          111           ILE           96.52           274    273    104     6.104     6.094     3.736     0.8015      0.8015      0.8010      0.6106
112     A         B          112           THR           92.88           274    273    104     6.104     6.094     3.736     0.7607      0.7607      0.7601      0.5522
113     A         B          113           SER           92.64           274    273    104     6.104     6.094     3.736     0.6870      0.6870      0.6863      0.4601
114     A         B          114           LEU           95.93           274    273    104     6.104     6.094     3.736     0.7494      0.7494      0.7488      0.5373
115     A         B          115           GLY           94.23           274    273    104     6.104     6.094     3.736     0.6324      0.6324      0.6317      0.4001
116     A         B          116           LEU           95.85           274    273    104     6.104     6.094     3.736     0.6922      0.6922      0.6915      0.4653
117     A         B          117           ARG           89.42           274    273    104     6.104     6.094     3.736     0.4823      0.4823      0.4815      0.2654
118     A         B          118           SER           96.78           274    273    104     6.104     6.094     3.736     0.7020      0.7020      0.7013      0.4765
119     A         B          119           LEU           96.27           274    273    104     6.104     6.094     3.736     0.7695      0.7695      0.7689      0.5644
120     A         B          120           LYS           95.51           274    273    104     6.104     6.094     3.736     0.5977      0.5977      0.5969      0.3656
121     A         B          121           GLU           97.60           274    273    104     6.104     6.094     3.736     0.7783      0.7783      0.7778      0.5773
122     A         B          122           ILE           98.28           274    273    104     6.104     6.094     3.736     0.8173      0.8173      0.8168      0.6362
123     A         B          123           SER           98.40           274    273    104     6.104     6.094     3.736     0.7725      0.7725      0.7719      0.5695
124     A         B          124           ASP           96.49           274    273    104     6.104     6.094     3.736     0.7992      0.7992      0.7987      0.6096
125     A         B          125           GLY           96.35           274    273    104     6.104     6.094     3.736     0.7869      0.7869      0.7864      0.5935
126     A         B          126           ASP           95.05           274    273    104     6.104     6.094     3.736     0.8337      0.8337      0.8332      0.6650
127     A         B          127           VAL           96.96           274    273    104     6.104     6.094     3.736     0.8504      0.8504      0.8500      0.6919
128     A         B          128           ILE           94.96           274    273    104     6.104     6.094     3.736     0.8478      0.8478      0.8474      0.6875
129     A         B          129           ILE           96.37           274    273    104     6.104     6.094     3.736     0.8512      0.8512      0.8508      0.6932
130     A         B          130           SER           92.02           274    273    104     6.104     6.094     3.736     0.7622      0.7622      0.7616      0.5588
131     A         B          131           GLY           92.36           274    273    104     6.104     6.094     3.736     0.7839      0.7839      0.7834      0.5898
132     A         B          132           ASN           95.80           274    273    104     6.104     6.094     3.736     0.8112      0.8112      0.8107      0.6270
133     A         B          133           LYS           91.64           274    273    104     6.104     6.094     3.736     0.7394      0.7394      0.7388      0.5278
134     A         B          134           ASN           93.35           274    273    104     6.104     6.094     3.736     0.7643      0.7643      0.7637      0.5570
135     A         B          135           LEU           95.63           274    273    104     6.104     6.094     3.736     0.7688      0.7688      0.7682      0.5635
136     A         B          136           CYS           92.71           274    273    104     6.104     6.094     3.736     0.5533      0.5533      0.5525      0.3251
137     A         B          137           TYR           80.11           274    273    104     6.104     6.094     3.736     0.3423      0.3423      0.3416      0.1663
138     A         B          138           ALA           87.59           274    273    104     6.104     6.094     3.736     0.4262      0.4262      0.4255      0.2229
139     A         B          139           ASN           77.94           274    273    104     6.104     6.094     3.736     0.3704      0.3704      0.3697      0.1853
140     A         B          140           THR           80.38           274    273    104     6.104     6.094     3.736     0.3785      0.3785      0.3778      0.1903
141     A         B          141           ILE           87.81           274    273    104     6.104     6.094     3.736     0.5175      0.5175      0.5167      0.2935
142     A         B          142           ASN           89.80           274    273    104     6.104     6.094     3.736     0.5820      0.5820      0.5812      0.3516
143     A         B          143           TRP           94.29           274    273    104     6.104     6.094     3.736     0.7107      0.7107      0.7101      0.4897
144     A         B          144           LYS           91.19           274    273    104     6.104     6.094     3.736     0.6749      0.6749      0.6742      0.4469
145     A         B          145           LYS           92.50           274    273    104     6.104     6.094     3.736     0.6499      0.6499      0.6492      0.4201
146     A         B          146           LEU           95.79           274    273    104     6.104     6.094     3.736     0.7316      0.7316      0.7310      0.5145
147     A         B          147           PHE           96.71           274    273    104     6.104     6.094     3.736     0.7451      0.7451      0.7445      0.5326
148     A         B          148           GLY           97.18           274    273    104     6.104     6.094     3.736     0.5380      0.5380      0.5372      0.3125
149     A         B          149           THR           92.56           274    273    104     6.104     6.094     3.736     0.5238      0.5238      0.5230      0.3022
150     A         B          150           SER           90.58           274    273    104     6.104     6.094     3.736     0.4655      0.4655      0.4647      0.2568
151     A         B          151           GLY           89.46           274    273    104     6.104     6.094     3.736     0.5866      0.5866      0.5859      0.3617
152     A         B          152           GLN           95.65           274    273    104     6.104     6.094     3.736     0.7279      0.7279      0.7273      0.5141
153     A         B          153           LYS           90.10           274    273    104     6.104     6.094     3.736     0.7146      0.7146      0.7139      0.4998
154     A         B          154           THR           92.86           274    273    104     6.104     6.094     3.736     0.7587      0.7587      0.7581      0.5558
155     A         B          155           LYS           90.57           274    273    104     6.104     6.094     3.736     0.7823      0.7823      0.7818      0.5884
156     A         B          156           ILE           92.39           274    273    104     6.104     6.094     3.736     0.7755      0.7755      0.7750      0.5793
157     A         B          157           ILE           87.34           274    273    104     6.104     6.094     3.736     0.6518      0.6518      0.6511      0.4277
158     A         B          158           SER           88.98           274    273    104     6.104     6.094     3.736     0.7064      0.7064      0.7057      0.4886
159     A         B          159           ASN           93.19           274    273    104     6.104     6.094     3.736     0.7473      0.7473      0.7467      0.5358
160     A         B          160           ARG           92.49           274    273    104     6.104     6.094     3.736     0.6079      0.6079      0.6071      0.3772
161     A         B          161           GLY           87.26           274    273    104     6.104     6.094     3.736     0.4130      0.4130      0.4122      0.2150
162     A         B          162           GLU           81.51           274    273    104     6.104     6.094     3.736     0.3942      0.3942      0.3934      0.2010
163     A         B          163           ASN           86.59           274    273    104     6.104     6.094     3.736     0.3388      0.3388      0.3381      0.1644
164     A         B          164           SER           88.19           274    273    104     6.104     6.094     3.736     0.3872      0.3872      0.3864      0.1952
165     A         B          165           CYS           90.36           274    273    104     6.104     6.094     3.736     0.4073      0.4073      0.4065      0.2083
166     A         B          166           LYS           86.32           274    273    104     6.104     6.094     3.736     0.3643      0.3643      0.3635      0.1802
167     A         B          167           ALA           85.91           274    273    104     6.104     6.094     3.736     0.2477      0.2477      0.2471      0.1110
168     A         B          168           THR           79.71           274    273     74     6.104     6.094     3.027     0.1645      0.1784      0.1780      0.0510
169     A         B          169           GLY           77.73           274    273      2     6.104     6.094     1.000     0.1015      0.1470      0.1466      0.0046
170     A         B          170           GLN           63.39           274    273      0     6.104     6.094     1.000     0.0734      0.0000      0.0000      0.0000
171     B         A            1           MET           74.45           274    273      0     6.104     6.094     1.000     0.0625      0.0000      0.0000      0.0000
172     B         A            2           PRO           83.75           274    273     19     6.104     6.094     1.000     0.1144      0.1626      0.1621      0.0052
173     B         A            3           SER           89.69           274    273    170     6.104     6.094     4.861     0.3012      0.3012      0.3005      0.2171
174     B         A            4           GLU           91.43           274    273    170     6.104     6.094     4.861     0.4961      0.4961      0.4953      0.3882
175     B         A            5           GLU           90.35           274    273    170     6.104     6.094     4.861     0.5566      0.5566      0.5558      0.4469
176     B         A            6           VAL           92.95           274    273    170     6.104     6.094     4.861     0.7017      0.7017      0.7010      0.6020
177     B         A            7           LEU           94.68           274    273    170     6.104     6.094     4.861     0.7877      0.7877      0.7871      0.7047
178     B         A            8           SER           94.65           274    273    170     6.104     6.094     4.861     0.7654      0.7654      0.7648      0.6775
179     B         A            9           LYS           94.56           274    273    170     6.104     6.094     4.861     0.8124      0.8124      0.8119      0.7357
180     B         A           10           SER           94.66           274    273    170     6.104     6.094     4.861     0.8143      0.8143      0.8138      0.7382
181     B         A           11           ARG           93.50           274    273    170     6.104     6.094     4.861     0.8361      0.8361      0.8357      0.7667
182     B         A           12           ALA           94.58           274    273    170     6.104     6.094     4.861     0.8400      0.8400      0.8395      0.7716
183     B         A           13           SER           95.05           274    273    170     6.104     6.094     4.861     0.8402      0.8402      0.8397      0.7719
184     B         A           14           LEU           94.49           274    273    170     6.104     6.094     4.861     0.8705      0.8705      0.8702      0.8125
185     B         A           15           GLN           91.52           274    273    170     6.104     6.094     4.861     0.8702      0.8702      0.8698      0.8122
186     B         A           16           LEU           92.62           274    273    170     6.104     6.094     4.861     0.8697      0.8697      0.8693      0.8116
187     B         A           17           ALA           92.30           274    273    170     6.104     6.094     4.861     0.8687      0.8687      0.8684      0.8102
188     B         A           18           PHE           86.73           274    273    170     6.104     6.094     4.861     0.8835      0.8835      0.8832      0.8305
189     B         A           19           LEU           87.39           274    273    170     6.104     6.094     4.861     0.8731      0.8731      0.8727      0.8162
190     B         A           20           ASP           84.91           274    273    170     6.104     6.094     4.861     0.8375      0.8375      0.8370      0.7689
191     B         A           21           ILE           86.36           274    273    170     6.104     6.094     4.861     0.8371      0.8371      0.8367      0.7682
192     B         A           22           PRO           87.72           274    273    170     6.104     6.094     4.861     0.7803      0.7803      0.7797      0.6966
193     B         A           23           LEU           89.97           274    273    170     6.104     6.094     4.861     0.7586      0.7586      0.7580      0.6698
194     B         A           24           THR           89.94           274    273    170     6.104     6.094     4.861     0.7564      0.7564      0.7558      0.6669
195     B         A           25           LYS           89.95           274    273    170     6.104     6.094     4.861     0.7250      0.7250      0.7244      0.6301
196     B         A           26           GLU           90.47           274    273    170     6.104     6.094     4.861     0.7427      0.7427      0.7421      0.6516
197     B         A           27           ASN           90.03           274    273    170     6.104     6.094     4.861     0.7951      0.7951      0.7946      0.7146
198     B         A           28           ILE           93.43           274    273    170     6.104     6.094     4.861     0.8238      0.8238      0.8233      0.7509
199     B         A           29           ASP           92.02           274    273    170     6.104     6.094     4.861     0.7881      0.7881      0.7876      0.7059
200     B         A           30           ASP           89.59           274    273    170     6.104     6.094     4.861     0.7937      0.7937      0.7932      0.7132
201     B         A           31           LEU           90.34           274    273    170     6.104     6.094     4.861     0.8196      0.8196      0.8192      0.7457
202     B         A           32           ILE           94.89           274    273    170     6.104     6.094     4.861     0.8324      0.8324      0.8319      0.7622
203     B         A           33           ALA           92.23           274    273    170     6.104     6.094     4.861     0.7804      0.7804      0.7799      0.6967
204     B         A           34           ASP           85.94           274    273    170     6.104     6.094     4.861     0.7774      0.7774      0.7768      0.6932
205     B         A           35           THR           89.21           274    273    170     6.104     6.094     4.861     0.7863      0.7863      0.7857      0.7041
206     B         A           36           LYS           91.23           274    273    170     6.104     6.094     4.861     0.7605      0.7605      0.7599      0.6722
207     B         A           37           ALA           84.76           274    273    170     6.104     6.094     4.861     0.7033      0.7033      0.7026      0.6059
208     B         A           38           HIS           82.09           274    273    170     6.104     6.094     4.861     0.7078      0.7078      0.7072      0.6111
209     B         A           39           GLY           85.76           274    273    170     6.104     6.094     4.861     0.6251      0.6251      0.6244      0.5212
210     B         A           40           LEU           85.51           274    273    170     6.104     6.094     4.861     0.6990      0.6990      0.6983      0.6010
211     B         A           41           ASP           90.82           274    273    170     6.104     6.094     4.861     0.6874      0.6874      0.6867      0.5875
212     B         A           42           PRO           90.32           274    273    170     6.104     6.094     4.861     0.6481      0.6481      0.6474      0.5445
213     B         A           43           THR           91.63           274    273    170     6.104     6.094     4.861     0.6664      0.6664      0.6656      0.5634
214     B         A           44           SER           87.66           274    273    170     6.104     6.094     4.861     0.6534      0.6534      0.6527      0.5493
215     B         A           45           PRO           85.87           274    273    170     6.104     6.094     4.861     0.6915      0.6915      0.6908      0.5918
216     B         A           46           ASP           81.19           274    273    170     6.104     6.094     4.861     0.7022      0.7022      0.7015      0.6041
217     B         A           47           PRO           76.15           274    273    170     6.104     6.094     4.861     0.6730      0.6730      0.6723      0.5727
218     B         A           48           ASP           78.94           274    273    170     6.104     6.094     4.861     0.7359      0.7359      0.7353      0.6433
219     B         A           49           LEU           83.58           274    273    170     6.104     6.094     4.861     0.7426      0.7426      0.7420      0.6510
220     B         A           50           PRO           77.98           274    273    170     6.104     6.094     4.861     0.7135      0.7135      0.7129      0.6169
221     B         A           51           LEU           74.94           274    273    170     6.104     6.094     4.861     0.7389      0.7389      0.7383      0.6463
222     B         A           52           LEU           80.85           274    273    170     6.104     6.094     4.861     0.6796      0.6796      0.6789      0.5789
223     B         A           53           ASP           74.24           274    273    170     6.104     6.094     4.861     0.5788      0.5788      0.5781      0.4720
224     B         A           54           GLY           67.99           274    273    170     6.104     6.094     4.861     0.4598      0.4598      0.4591      0.3578
225     B         A           55           ASP           76.61           274    273    170     6.104     6.094     4.861     0.5621      0.5621      0.5613      0.4554
226     B         A           56           PRO           81.36           274    273    170     6.104     6.094     4.861     0.6234      0.6234      0.6227      0.5176
227     B         A           57           GLU           81.94           274    273    170     6.104     6.094     4.861     0.6583      0.6583      0.6576      0.5542
228     B         A           58           THR           83.70           274    273    170     6.104     6.094     4.861     0.6945      0.6945      0.6938      0.5946
229     B         A           59           ALA           89.97           274    273    170     6.104     6.094     4.861     0.7376      0.7376      0.7370      0.6440
230     B         A           60           GLU           92.61           274    273    170     6.104     6.094     4.861     0.7411      0.7411      0.7405      0.6477
231     B         A           61           ARG           90.49           274    273    170     6.104     6.094     4.861     0.7256      0.7256      0.7250      0.6291
232     B         A           62           VAL           93.22           274    273    170     6.104     6.094     4.861     0.7496      0.7496      0.7489      0.6579
233     B         A           63           VAL           95.51           274    273    170     6.104     6.094     4.861     0.7604      0.7604      0.7598      0.6706
234     B         A           64           SER           95.09           274    273    170     6.104     6.094     4.861     0.6979      0.6979      0.6972      0.5971
235     B         A           65           GLU           93.12           274    273    170     6.104     6.094     4.861     0.6998      0.6998      0.6991      0.5994
236     B         A           66           SER           94.77           274    273    170     6.104     6.094     4.861     0.6782      0.6782      0.6775      0.5753
237     B         A           67           LEU           95.92           274    273    170     6.104     6.094     4.861     0.7112      0.7112      0.7105      0.6123
238     B         A           68           LYS           92.81           274    273    170     6.104     6.094     4.861     0.6481      0.6481      0.6473      0.5416
239     B         A           69           GLY           92.69           274    273    170     6.104     6.094     4.861     0.6209      0.6209      0.6201      0.5124
240     B         A           70           LEU           93.91           274    273    170     6.104     6.094     4.861     0.6607      0.6607      0.6600      0.5551
241     B         A           71           GLU           92.80           274    273    170     6.104     6.094     4.861     0.6082      0.6082      0.6075      0.4990
242     B         A           72           GLU           88.89           274    273    170     6.104     6.094     4.861     0.5209      0.5209      0.5200      0.4106
243     B         A           73           SER           87.52           274    273    170     6.104     6.094     4.861     0.4853      0.4853      0.4845      0.3768
244     B         A           74           GLY           91.49           274    273    170     6.104     6.094     4.861     0.4691      0.4691      0.4683      0.3617
245     B         A           75           VAL           92.85           274    273    170     6.104     6.094     4.861     0.5525      0.5525      0.5517      0.4412
246     B         A           76           PRO           94.97           274    273    170     6.104     6.094     4.861     0.5059      0.5059      0.5051      0.3956
247     B         A           77           ARG           95.66           274    273    170     6.104     6.094     4.861     0.5546      0.5546      0.5538      0.4434
248     B         A           78           ARG           96.18           274    273    170     6.104     6.094     4.861     0.5543      0.5543      0.5535      0.4429
249     B         A           79           GLU           94.87           274    273    170     6.104     6.094     4.861     0.6452      0.6452      0.6444      0.5379
250     B         A           80           SER           95.94           274    273    170     6.104     6.094     4.861     0.6569      0.6569      0.6562      0.5509
251     B         A           81           LEU           97.25           274    273    170     6.104     6.094     4.861     0.6958      0.6958      0.6951      0.5938
252     B         A           82           GLU           96.34           274    273    170     6.104     6.094     4.861     0.6728      0.6728      0.6721      0.5683
253     B         A           83           LEU           95.35           274    273    170     6.104     6.094     4.861     0.7190      0.7190      0.7183      0.6209
254     B         A           84           LEU           96.74           274    273    170     6.104     6.094     4.861     0.7318      0.7318      0.7312      0.6359
255     B         A           85           VAL           97.06           274    273    170     6.104     6.094     4.861     0.7239      0.7239      0.7232      0.6263
256     B         A           86           ARG           93.97           274    273    170     6.104     6.094     4.861     0.6867      0.6867      0.6860      0.5842
257     B         A           87           VAL           94.24           274    273    170     6.104     6.094     4.861     0.7259      0.7259      0.7252      0.6295
258     B         A           88           SER           94.58           274    273    170     6.104     6.094     4.861     0.7117      0.7117      0.7110      0.6129
259     B         A           89           ARG           93.03           274    273    170     6.104     6.094     4.861     0.6709      0.6709      0.6702      0.5663
260     B         A           90           GLU           91.33           274    273    170     6.104     6.094     4.861     0.6722      0.6722      0.6715      0.5682
261     B         A           91           SER           90.38           274    273    170     6.104     6.094     4.861     0.6762      0.6762      0.6755      0.5732
262     B         A           92           GLY           87.81           274    273    170     6.104     6.094     4.861     0.6282      0.6282      0.6274      0.5209
263     B         A           93           SER           89.11           274    273    170     6.104     6.094     4.861     0.6682      0.6682      0.6675      0.5642
264     B         A           94           PRO           85.91           274    273    170     6.104     6.094     4.861     0.6400      0.6400      0.6393      0.5337
265     B         A           95           ARG           87.26           274    273    170     6.104     6.094     4.861     0.6657      0.6657      0.6650      0.5610
266     B         A           96           LEU           92.68           274    273    170     6.104     6.094     4.861     0.7216      0.7216      0.7209      0.6245
267     B         A           97           GLU           94.34           274    273    170     6.104     6.094     4.861     0.7317      0.7317      0.7311      0.6359
268     B         A           98           GLU           91.74           274    273    170     6.104     6.094     4.861     0.6868      0.6868      0.6861      0.5845
269     B         A           99           LEU           94.34           274    273    170     6.104     6.094     4.861     0.7178      0.7178      0.7171      0.6196
270     B         A          100           PHE           96.46           274    273    170     6.104     6.094     4.861     0.7271      0.7271      0.7264      0.6304
271     B         A          101           ARG           95.22           274    273    170     6.104     6.094     4.861     0.6608      0.6608      0.6601      0.5549
272     B         A          102           ARG           93.44           274    273    170     6.104     6.094     4.861     0.5328      0.5328      0.5320      0.4223
273     B         A          103           ARG           94.42           274    273    170     6.104     6.094     4.861     0.4978      0.4978      0.4970      0.3882
274     B         A          104           LEU           92.47           274    273    170     6.104     6.094     4.861     0.2377      0.2377      0.2371      0.1661
