i   AlignChn ScoredChain  AlignResNum  AlignResType  AlignRespLDDT      n0chn  n0dom  n0res    d0chn     d0dom     d0res   ipTM_pae  ipSAE_d0chn ipSAE_d0dom    ipSAE 
1       A         B            1           LYS           92.32           280    279    110     6.165     6.155     3.858     0.2819      0.2819      0.2812      0.1344
2       A         B            2           VAL           97.74           280    279    110     6.165     6.155     3.858     0.6630      0.6630      0.6623      0.4407
3       A         B            3           CYS           97.59           280    279    110     6.165     6.155     3.858     0.7480      0.7480      0.7474      0.5431
4       A         B            4           ASN           97.39           280    279    110     6.165     6.155     3.858     0.7823      0.7823      0.7818      0.5904
5       A         B            5           GLY           98.34           280    279    110     6.165     6.155     3.858     0.7339      0.7339      0.7333      0.5285
6       A         B            6           ILE           96.79           280    279    110     6.165     6.155     3.858     0.7373      0.7373      0.7367      0.5317
7       A         B            7           GLY           93.86           280    279    110     6.165     6.155     3.858     0.5853      0.5853      0.5845      0.3639
8       A         B            8           ILE           91.68           280    279    110     6.165     6.155     3.858     0.5570      0.5570      0.5562      0.3392
9       A         B            9           GLY           94.59           280    279    110     6.165     6.155     3.858     0.4793      0.4793      0.4785      0.2693
10      A         B           10           GLU           91.14           280    279    110     6.165     6.155     3.858     0.4444      0.4444      0.4436      0.2449
11      A         B           11           PHE           95.69           280    279    110     6.165     6.155     3.858     0.6259      0.6259      0.6252      0.4032
12      A         B           12           LYS           94.25           280    279    110     6.165     6.155     3.858     0.5544      0.5544      0.5537      0.3362
13      A         B           13           ASP           88.48           280    279    110     6.165     6.155     3.858     0.5039      0.5039      0.5032      0.2970
14      A         B           14           THR           92.51           280    279    110     6.165     6.155     3.858     0.6426      0.6426      0.6419      0.4265
15      A         B           15           LEU           90.79           280    279    110     6.165     6.155     3.858     0.6828      0.6828      0.6821      0.4685
16      A         B           16           SER           95.09           280    279    110     6.165     6.155     3.858     0.7785      0.7785      0.7780      0.5883
17      A         B           17           ILE           96.75           280    279    110     6.165     6.155     3.858     0.8070      0.8070      0.8065      0.6272
18      A         B           18           ASN           94.97           280    279    110     6.165     6.155     3.858     0.7823      0.7823      0.7818      0.5910
19      A         B           19           ALA           97.23           280    279    110     6.165     6.155     3.858     0.7631      0.7631      0.7625      0.5660
20      A         B           20           THR           94.66           280    279    110     6.165     6.155     3.858     0.6325      0.6325      0.6318      0.4117
21      A         B           21           ASN           95.97           280    279    110     6.165     6.155     3.858     0.7414      0.7414      0.7408      0.5368
22      A         B           22           ILE           97.45           280    279    110     6.165     6.155     3.858     0.7410      0.7410      0.7404      0.5354
23      A         B           23           LYS           95.49           280    279    110     6.165     6.155     3.858     0.6276      0.6276      0.6269      0.4080
24      A         B           24           HIS           94.44           280    279    110     6.165     6.155     3.858     0.5665      0.5665      0.5658      0.3451
25      A         B           25           PHE           97.75           280    279    110     6.165     6.155     3.858     0.7307      0.7307      0.7301      0.5214
26      A         B           26           LYS           96.54           280    279    110     6.165     6.155     3.858     0.6405      0.6405      0.6398      0.4182
27      A         B           27           TYR           97.27           280    279    110     6.165     6.155     3.858     0.5605      0.5605      0.5597      0.3372
28      A         B           28           CYS           98.01           280    279    110     6.165     6.155     3.858     0.7213      0.7213      0.7207      0.5081
29      A         B           29           THR           98.18           280    279    110     6.165     6.155     3.858     0.7477      0.7477      0.7471      0.5416
30      A         B           30           ALA           98.56           280    279    110     6.165     6.155     3.858     0.8206      0.8206      0.8201      0.6454
31      A         B           31           ILE           98.66           280    279    110     6.165     6.155     3.858     0.8480      0.8480      0.8476      0.6895
32      A         B           32           SER           98.03           280    279    110     6.165     6.155     3.858     0.8022      0.8022      0.8017      0.6180
33      A         B           33           GLY           98.18           280    279    110     6.165     6.155     3.858     0.8123      0.8123      0.8118      0.6364
34      A         B           34           ASP           97.63           280    279    110     6.165     6.155     3.858     0.8418      0.8418      0.8414      0.6812
35      A         B           35           LEU           98.32           280    279    110     6.165     6.155     3.858     0.8435      0.8435      0.8431      0.6851
36      A         B           36           HIS           95.86           280    279    110     6.165     6.155     3.858     0.8013      0.8013      0.8008      0.6222
37      A         B           37           ILE           97.91           280    279    110     6.165     6.155     3.858     0.8703      0.8703      0.8700      0.7309
38      A         B           38           LEU           93.96           280    279    110     6.165     6.155     3.858     0.8606      0.8606      0.8602      0.7146
39      A         B           39           PRO           90.59           280    279    110     6.165     6.155     3.858     0.8242      0.8242      0.8237      0.6558
40      A         B           40           VAL           89.69           280    279    110     6.165     6.155     3.858     0.7778      0.7778      0.7773      0.5903
41      A         B           41           ALA           95.51           280    279    110     6.165     6.155     3.858     0.7752      0.7752      0.7747      0.5845
42      A         B           42           PHE           95.39           280    279    110     6.165     6.155     3.858     0.7439      0.7439      0.7433      0.5427
43      A         B           43           LYS           91.17           280    279    110     6.165     6.155     3.858     0.5207      0.5207      0.5199      0.3095
44      A         B           44           GLY           93.35           280    279    110     6.165     6.155     3.858     0.3807      0.3807      0.3800      0.2017
45      A         B           45           ASP           85.54           280    279    110     6.165     6.155     3.858     0.3066      0.3066      0.3060      0.1526
46      A         B           46           SER           87.56           280    279    107     6.165     6.155     3.798     0.2561      0.2593      0.2587      0.1213
47      A         B           47           PHE           81.48           280    279    110     6.165     6.155     3.858     0.2655      0.2655      0.2649      0.1282
48      A         B           48           THR           85.59           280    279    110     6.165     6.155     3.858     0.2913      0.2913      0.2907      0.1424
49      A         B           49           ARG           93.48           280    279    110     6.165     6.155     3.858     0.2995      0.2995      0.2988      0.1472
50      A         B           50           THR           93.74           280    279    110     6.165     6.155     3.858     0.4090      0.4090      0.4083      0.2194
51      A         B           51           PRO           96.22           280    279    110     6.165     6.155     3.858     0.5144      0.5144      0.5136      0.3025
52      A         B           52           PRO           96.28           280    279    110     6.165     6.155     3.858     0.6542      0.6542      0.6534      0.4350
53      A         B           53           LEU           97.54           280    279    110     6.165     6.155     3.858     0.7418      0.7418      0.7412      0.5381
54      A         B           54           ASP           96.84           280    279    110     6.165     6.155     3.858     0.6948      0.6948      0.6941      0.4797
55      A         B           55           PRO           95.90           280    279    110     6.165     6.155     3.858     0.6458      0.6458      0.6450      0.4245
56      A         B           56           ARG           96.35           280    279    110     6.165     6.155     3.858     0.6094      0.6094      0.6086      0.3878
57      A         B           57           GLU           97.11           280    279    110     6.165     6.155     3.858     0.7226      0.7226      0.7220      0.5113
58      A         B           58           LEU           97.85           280    279    110     6.165     6.155     3.858     0.7885      0.7885      0.7879      0.5994
59      A         B           59           GLU           96.90           280    279    110     6.165     6.155     3.858     0.7225      0.7225      0.7219      0.5132
60      A         B           60           ILE           97.26           280    279    110     6.165     6.155     3.858     0.7468      0.7468      0.7462      0.5414
61      A         B           61           LEU           98.41           280    279    110     6.165     6.155     3.858     0.8215      0.8215      0.8210      0.6480
62      A         B           62           LYS           97.82           280    279    110     6.165     6.155     3.858     0.7770      0.7770      0.7764      0.5830
63      A         B           63           THR           98.00           280    279    110     6.165     6.155     3.858     0.7262      0.7262      0.7256      0.5148
64      A         B           64           VAL           98.63           280    279    110     6.165     6.155     3.858     0.8355      0.8355      0.8350      0.6692
65      A         B           65           LYS           98.64           280    279    110     6.165     6.155     3.858     0.7995      0.7995      0.7990      0.6138
66      A         B           66           GLU           98.36           280    279    110     6.165     6.155     3.858     0.8549      0.8549      0.8545      0.7007
67      A         B           67           ILE           98.90           280    279    110     6.165     6.155     3.858     0.8924      0.8924      0.8921      0.7673
68      A         B           68           THR           98.66           280    279    110     6.165     6.155     3.858     0.8662      0.8662      0.8658      0.7204
69      A         B           69           GLY           98.38           280    279    110     6.165     6.155     3.858     0.8698      0.8698      0.8694      0.7281
70      A         B           70           PHE           98.18           280    279    110     6.165     6.155     3.858     0.8968      0.8968      0.8965      0.7766
71      A         B           71           LEU           98.92           280    279    110     6.165     6.155     3.858     0.9133      0.9133      0.9131      0.8083
72      A         B           72           LEU           97.53           280    279    110     6.165     6.155     3.858     0.9054      0.9054      0.9051      0.7935
73      A         B           73           ILE           98.58           280    279    110     6.165     6.155     3.858     0.9077      0.9077      0.9074      0.7981
74      A         B           74           GLN           95.54           280    279    110     6.165     6.155     3.858     0.8676      0.8676      0.8672      0.7269
75      A         B           75           ALA           95.69           280    279    110     6.165     6.155     3.858     0.8732      0.8732      0.8729      0.7352
76      A         B           76           TRP           97.94           280    279    110     6.165     6.155     3.858     0.8547      0.8547      0.8543      0.7039
77      A         B           77           PRO           96.87           280    279    110     6.165     6.155     3.858     0.7661      0.7661      0.7655      0.5701
78      A         B           78           ASP           89.85           280    279    110     6.165     6.155     3.858     0.5235      0.5235      0.5227      0.3114
79      A         B           79           ASN           91.31           280    279    110     6.165     6.155     3.858     0.4577      0.4577      0.4570      0.2578
80      A         B           80           TRP           97.12           280    279    110     6.165     6.155     3.858     0.7441      0.7441      0.7435      0.5405
81      A         B           81           THR           95.29           280    279    110     6.165     6.155     3.858     0.6603      0.6603      0.6596      0.4397
82      A         B           82           ASP           96.57           280    279    110     6.165     6.155     3.858     0.7412      0.7412      0.7406      0.5355
83      A         B           83           LEU           98.39           280    279    110     6.165     6.155     3.858     0.8373      0.8373      0.8368      0.6737
84      A         B           84           HIS           96.28           280    279    110     6.165     6.155     3.858     0.7387      0.7387      0.7381      0.5334
85      A         B           85           ALA           97.61           280    279    110     6.165     6.155     3.858     0.7695      0.7695      0.7690      0.5725
86      A         B           86           PHE           98.77           280    279    110     6.165     6.155     3.858     0.8518      0.8518      0.8514      0.6968
87      A         B           87           GLU           97.55           280    279    110     6.165     6.155     3.858     0.7488      0.7488      0.7482      0.5459
88      A         B           88           ASN           98.51           280    279    110     6.165     6.155     3.858     0.8120      0.8120      0.8115      0.6330
89      A         B           89           LEU           98.87           280    279    110     6.165     6.155     3.858     0.8703      0.8703      0.8700      0.7277
90      A         B           90           GLU           98.77           280    279    110     6.165     6.155     3.858     0.8277      0.8277      0.8273      0.6570
91      A         B           91           ILE           98.66           280    279    110     6.165     6.155     3.858     0.8575      0.8575      0.8571      0.7051
92      A         B           92           ILE           98.94           280    279    110     6.165     6.155     3.858     0.8951      0.8951      0.8948      0.7725
93      A         B           93           ARG           98.69           280    279    110     6.165     6.155     3.858     0.8524      0.8524      0.8520      0.6969
94      A         B           94           GLY           97.93           280    279    110     6.165     6.155     3.858     0.8384      0.8384      0.8380      0.6741
95      A         B           95           ARG           96.25           280    279    110     6.165     6.155     3.858     0.7710      0.7710      0.7704      0.5746
96      A         B           96           THR           95.33           280    279    110     6.165     6.155     3.858     0.8659      0.8659      0.8656      0.7215
97      A         B           97           LYS           95.50           280    279    110     6.165     6.155     3.858     0.8898      0.8898      0.8895      0.7641
98      A         B           98           GLN           96.29           280    279    110     6.165     6.155     3.858     0.8917      0.8917      0.8914      0.7676
99      A         B           99           HIS           95.21           280    279    110     6.165     6.155     3.858     0.8860      0.8860      0.8856      0.7567
100     A         B          100           GLY           94.16           280    279    110     6.165     6.155     3.858     0.8703      0.8703      0.8699      0.7291
101     A         B          101           GLN           95.15           280    279    110     6.165     6.155     3.858     0.8776      0.8776      0.8773      0.7423
102     A         B          102           PHE           97.63           280    279    110     6.165     6.155     3.858     0.9241      0.9241      0.9239      0.8293
103     A         B          103           SER           97.99           280    279    110     6.165     6.155     3.858     0.8974      0.8974      0.8971      0.7773
104     A         B          104           LEU           98.77           280    279    110     6.165     6.155     3.858     0.9174      0.9174      0.9171      0.8162
105     A         B          105           ALA           98.03           280    279    110     6.165     6.155     3.858     0.9046      0.9046      0.9043      0.7922
106     A         B          106           VAL           98.47           280    279    110     6.165     6.155     3.858     0.9084      0.9084      0.9081      0.7995
107     A         B          107           VAL           96.09           280    279    110     6.165     6.155     3.858     0.8537      0.8537      0.8533      0.7042
108     A         B          108           GLY           95.92           280    279    110     6.165     6.155     3.858     0.8592      0.8592      0.8588      0.7117
109     A         B          109           LEU           97.84           280    279    110     6.165     6.155     3.858     0.8819      0.8819      0.8816      0.7507
110     A         B          110           ASN           95.42           280    279    110     6.165     6.155     3.858     0.8303      0.8303      0.8298      0.6663
111     A         B          111           ILE           97.70           280    279    110     6.165     6.155     3.858     0.8510      0.8510      0.8506      0.6977
112     A         B          112           THR           93.79           280    279    110     6.165     6.155     3.858     0.8026      0.8026      0.8021      0.6219
113     A         B          113           SER           93.53           280    279    110     6.165     6.155     3.858     0.7114      0.7114      0.7107      0.4989
114     A         B          114           LEU           97.08           280    279    110     6.165     6.155     3.858     0.8070      0.8070      0.8065      0.6268
115     A         B          115           GLY           95.92           280    279    110     6.165     6.155     3.858     0.6871      0.6871      0.6864      0.4706
116     A         B          116           LEU           97.03           280    279    110     6.165     6.155     3.858     0.7576      0.7576      0.7570      0.5562
117     A         B          117           ARG           92.21           280    279    110     6.165     6.155     3.858     0.5526      0.5526      0.5518      0.3366
118     A         B          118           SER           97.81           280    279    110     6.165     6.155     3.858     0.7491      0.7491      0.7485      0.5434
119     A         B          119           LEU           97.38           280    279    110     6.165     6.155     3.858     0.7960      0.7960      0.7954      0.6086
120     A         B          120           LYS           91.95           280    279    110     6.165     6.155     3.858     0.4100      0.4100      0.4092      0.2174
121     A         B          121           GLU           98.09           280    279    110     6.165     6.155     3.858     0.8188      0.8188      0.8183      0.6427
122     A         B          122           ILE           98.67           280    279    110     6.165     6.155     3.858     0.8759      0.8759      0.8756      0.7376
123     A         B          123           SER           98.38           280    279    110     6.165     6.155     3.858     0.8289      0.8289      0.8284      0.6588
124     A         B          124           ASP           96.41           280    279    110     6.165     6.155     3.858     0.8631      0.8631      0.8627      0.7152
125     A         B          125           GLY           97.09           280    279    110     6.165     6.155     3.858     0.8558      0.8558      0.8555      0.7047
126     A         B          126           ASP           96.86           280    279    110     6.165     6.155     3.858     0.8998      0.8998      0.8995      0.7820
127     A         B          127           VAL           98.15           280    279    110     6.165     6.155     3.858     0.9079      0.9079      0.9076      0.7980
128     A         B          128           ILE           97.64           280    279    110     6.165     6.155     3.858     0.9125      0.9125      0.9122      0.8070
129     A         B          129           ILE           97.90           280    279    110     6.165     6.155     3.858     0.9063      0.9063      0.9060      0.7952
130     A         B          130           SER           95.08           280    279    110     6.165     6.155     3.858     0.7925      0.7925      0.7920      0.6108
131     A         B          131           GLY           95.62           280    279    110     6.165     6.155     3.858     0.8294      0.8294      0.8290      0.6641
132     A         B          132           ASN           97.32           280    279    110     6.165     6.155     3.858     0.8644      0.8644      0.8640      0.7204
133     A         B          133           ARG           93.71           280    279    110     6.165     6.155     3.858     0.7894      0.7894      0.7889      0.6057
134     A         B          134           ASN           94.72           280    279    110     6.165     6.155     3.858     0.8137      0.8137      0.8133      0.6402
135     A         B          135           LEU           96.89           280    279    110     6.165     6.155     3.858     0.8307      0.8307      0.8303      0.6641
136     A         B          136           CYS           93.67           280    279    110     6.165     6.155     3.858     0.6325      0.6325      0.6318      0.4139
137     A         B          137           TYR           86.07           280    279    110     6.165     6.155     3.858     0.3945      0.3945      0.3937      0.2072
138     A         B          138           ALA           90.14           280    279    110     6.165     6.155     3.858     0.5018      0.5018      0.5010      0.2892
139     A         B          139           ASN           80.60           280    279    110     6.165     6.155     3.858     0.4321      0.4321      0.4313      0.2356
140     A         B          140           THR           82.07           280    279    110     6.165     6.155     3.858     0.4163      0.4163      0.4155      0.2242
141     A         B          141           ILE           89.98           280    279    110     6.165     6.155     3.858     0.5916      0.5916      0.5909      0.3683
142     A         B          142           ASN           93.41           280    279    110     6.165     6.155     3.858     0.6425      0.6425      0.6418      0.4192
143     A         B          143           TRP           96.37           280    279    110     6.165     6.155     3.858     0.7800      0.7800      0.7794      0.5868
144     A         B          144           LYS           94.10           280    279    110     6.165     6.155     3.858     0.7267      0.7267      0.7261      0.5170
145     A         B          145           LYS           95.13           280    279    110     6.165     6.155     3.858     0.6876      0.6876      0.6869      0.4694
146     A         B          146           LEU           97.12           280    279    110     6.165     6.155     3.858     0.7933      0.7933      0.7928      0.6048
147     A         B          147           PHE           97.76           280    279    110     6.165     6.155     3.858     0.8095      0.8095      0.8090      0.6288
148     A         B          148           GLY           97.00           280    279    110     6.165     6.155     3.858     0.6143      0.6143      0.6136      0.3911
149     A         B          149           THR           92.47           280    279    110     6.165     6.155     3.858     0.6398      0.6398      0.6391      0.4196
150     A         B          150           PRO           91.83           280    279    110     6.165     6.155     3.858     0.6098      0.6098      0.6091      0.3912
151     A         B          151           ASN           87.97           280    279    110     6.165     6.155     3.858     0.6765      0.6765      0.6758      0.4613
152     A         B          152           GLN           95.41           280    279    110     6.165     6.155     3.858     0.8129      0.8129      0.8124      0.6365
153     A         B          153           LYS           92.51           280    279    110     6.165     6.155     3.858     0.7783      0.7783      0.7778      0.5891
154     A         B          154           THR           95.30           280    279    110     6.165     6.155     3.858     0.8197      0.8197      0.8192      0.6491
155     A         B          155           LYS           94.35           280    279    110     6.165     6.155     3.858     0.8401      0.8401      0.8397      0.6807
156     A         B          156           ILE           94.71           280    279    110     6.165     6.155     3.858     0.8300      0.8300      0.8295      0.6649
157     A         B          157           MET           91.45           280    279    110     6.165     6.155     3.858     0.6581      0.6581      0.6574      0.4460
158     A         B          158           ASN           92.53           280    279    110     6.165     6.155     3.858     0.7770      0.7770      0.7764      0.5876
159     A         B          159           ASN           95.90           280    279    110     6.165     6.155     3.858     0.8226      0.8226      0.8221      0.6521
160     A         B          160           ARG           93.35           280    279    110     6.165     6.155     3.858     0.7303      0.7303      0.7297      0.5242
161     A         B          161           ALA           90.69           280    279    110     6.165     6.155     3.858     0.5620      0.5620      0.5613      0.3476
162     A         B          162           GLU           85.73           280    279    110     6.165     6.155     3.858     0.5020      0.5020      0.5013      0.2925
163     A         B          163           LYS           90.00           280    279    110     6.165     6.155     3.858     0.4552      0.4552      0.4544      0.2519
164     A         B          164           ASP           89.16           280    279    110     6.165     6.155     3.858     0.4782      0.4782      0.4774      0.2695
165     A         B          165           CYS           90.42           280    279    110     6.165     6.155     3.858     0.4739      0.4739      0.4731      0.2664
166     A         B          166           LYS           86.37           280    279    110     6.165     6.155     3.858     0.3935      0.3935      0.3928      0.2067
167     A         B          167           ALA           79.47           280    279    110     6.165     6.155     3.858     0.2555      0.2555      0.2549      0.1194
168     A         B          168           VAL           72.90           280    279     82     6.165     6.155     3.236     0.1695      0.1806      0.1801      0.0576
169     A         B          169           ASN           65.08           280    279      1     6.165     6.155     1.000     0.0982      0.1488      0.1484      0.0046
170     A         B          170           HIS           56.51           280    279      0     6.165     6.155     1.000     0.0696      0.0000      0.0000      0.0000
171     B         A            1           SER           84.56           280    280     22     6.165     6.165     1.000     0.1206      0.1581      0.1581      0.0049
172     B         A            2           GLU           90.92           280    280    170     6.165     6.165     4.861     0.5540      0.5540      0.5540      0.4398
173     B         A            3           LEU           94.98           280    280    170     6.165     6.165     4.861     0.7173      0.7173      0.7173      0.6159
174     B         A            4           GLU           95.60           280    280    170     6.165     6.165     4.861     0.7111      0.7111      0.7111      0.6087
175     B         A            5           LYS           96.73           280    280    170     6.165     6.165     4.861     0.7367      0.7367      0.7367      0.6385
176     B         A            6           THR           97.50           280    280    170     6.165     6.165     4.861     0.8222      0.8222      0.8222      0.7450
177     B         A            7           LEU           97.90           280    280    170     6.165     6.165     4.861     0.8329      0.8329      0.8329      0.7590
178     B         A            8           GLU           97.64           280    280    170     6.165     6.165     4.861     0.8125      0.8125      0.8125      0.7326
179     B         A            9           LEU           97.91           280    280    170     6.165     6.165     4.861     0.8298      0.8298      0.8298      0.7547
180     B         A           10           VAL           98.18           280    280    170     6.165     6.165     4.861     0.8575      0.8575      0.8575      0.7920
181     B         A           11           ALA           98.13           280    280    170     6.165     6.165     4.861     0.8502      0.8502      0.8502      0.7820
182     B         A           12           LYS           98.24           280    280    170     6.165     6.165     4.861     0.8368      0.8368      0.8368      0.7642
183     B         A           13           THR           98.25           280    280    170     6.165     6.165     4.861     0.8528      0.8528      0.8528      0.7855
184     B         A           14           ALA           97.77           280    280    170     6.165     6.165     4.861     0.8592      0.8592      0.8592      0.7944
185     B         A           15           ALA           97.26           280    280    170     6.165     6.165     4.861     0.8415      0.8415      0.8415      0.7706
186     B         A           16           GLU           97.06           280    280    170     6.165     6.165     4.861     0.8018      0.8018      0.8018      0.7190
187     B         A           17           SER           95.80           280    280    170     6.165     6.165     4.861     0.8214      0.8214      0.8214      0.7443
188     B         A           18           LEU           92.23           280    280    170     6.165     6.165     4.861     0.8315      0.8315      0.8315      0.7576
189     B         A           19           ASN           91.73           280    280    170     6.165     6.165     4.861     0.7592      0.7592      0.7592      0.6665
190     B         A           20           GLN           91.67           280    280    170     6.165     6.165     4.861     0.7367      0.7367      0.7367      0.6394
191     B         A           21           GLY           87.28           280    280    170     6.165     6.165     4.861     0.7101      0.7101      0.7101      0.6089
192     B         A           22           LEU           91.45           280    280    170     6.165     6.165     4.861     0.7692      0.7692      0.7692      0.6787
193     B         A           23           GLY           88.87           280    280    170     6.165     6.165     4.861     0.7159      0.7159      0.7159      0.6164
194     B         A           24           ASP           90.73           280    280    170     6.165     6.165     4.861     0.7762      0.7762      0.7762      0.6882
195     B         A           25           LYS           92.11           280    280    170     6.165     6.165     4.861     0.8059      0.8059      0.8059      0.7252
196     B         A           26           GLU           93.67           280    280    170     6.165     6.165     4.861     0.8028      0.8028      0.8028      0.7207
197     B         A           27           ILE           96.71           280    280    170     6.165     6.165     4.861     0.8454      0.8454      0.8454      0.7761
198     B         A           28           LEU           97.83           280    280    170     6.165     6.165     4.861     0.8589      0.8589      0.8589      0.7941
199     B         A           29           GLU           97.89           280    280    170     6.165     6.165     4.861     0.8427      0.8427      0.8427      0.7725
200     B         A           30           LYS           97.91           280    280    170     6.165     6.165     4.861     0.8321      0.8321      0.8321      0.7580
201     B         A           31           ILE           98.61           280    280    170     6.165     6.165     4.861     0.8541      0.8541      0.8541      0.7874
202     B         A           32           LYS           98.47           280    280    170     6.165     6.165     4.861     0.8459      0.8459      0.8459      0.7761
203     B         A           33           GLU           97.66           280    280    170     6.165     6.165     4.861     0.7834      0.7834      0.7834      0.6962
204     B         A           34           LEU           97.37           280    280    170     6.165     6.165     4.861     0.7633      0.7633      0.7633      0.6706
205     B         A           35           SER           97.58           280    280    170     6.165     6.165     4.861     0.7466      0.7466      0.7466      0.6504
206     B         A           36           LEU           97.46           280    280    170     6.165     6.165     4.861     0.7616      0.7616      0.7616      0.6685
207     B         A           37           LYS           96.12           280    280    170     6.165     6.165     4.861     0.6273      0.6273      0.6273      0.5159
208     B         A           38           LEU           96.32           280    280    170     6.165     6.165     4.861     0.6087      0.6087      0.6087      0.4950
209     B         A           39           GLY           95.75           280    280    170     6.165     6.165     4.861     0.4778      0.4778      0.4778      0.3652
210     B         A           40           THR           96.36           280    280    170     6.165     6.165     4.861     0.6274      0.6274      0.6274      0.5151
211     B         A           41           GLU           95.27           280    280    170     6.165     6.165     4.861     0.6860      0.6860      0.6860      0.5807
212     B         A           42           GLU           95.43           280    280    170     6.165     6.165     4.861     0.7222      0.7222      0.7222      0.6217
213     B         A           43           GLY           98.02           280    280    170     6.165     6.165     4.861     0.7350      0.7350      0.7350      0.6367
214     B         A           44           GLU           97.29           280    280    170     6.165     6.165     4.861     0.7592      0.7592      0.7592      0.6662
215     B         A           45           TYR           97.53           280    280    170     6.165     6.165     4.861     0.8292      0.8292      0.8292      0.7543
216     B         A           46           ILE           98.12           280    280    170     6.165     6.165     4.861     0.8377      0.8377      0.8377      0.7654
217     B         A           47           ALA           98.28           280    280    170     6.165     6.165     4.861     0.8295      0.8295      0.8295      0.7544
218     B         A           48           GLU           97.60           280    280    170     6.165     6.165     4.861     0.8167      0.8167      0.8167      0.7385
219     B         A           49           ALA           97.65           280    280    170     6.165     6.165     4.861     0.8410      0.8410      0.8410      0.7700
220     B         A           50           SER           98.08           280    280    170     6.165     6.165     4.861     0.8206      0.8206      0.8206      0.7432
221     B         A           51           GLU           97.32           280    280    170     6.165     6.165     4.861     0.7783      0.7783      0.7783      0.6901
222     B         A           52           LEU           96.37           280    280    170     6.165     6.165     4.861     0.8178      0.8178      0.8178      0.7402
223     B         A           53           ASP           96.75           280    280    170     6.165     6.165     4.861     0.8293      0.8293      0.8293      0.7552
224     B         A           54           LEU           97.05           280    280    170     6.165     6.165     4.861     0.7941      0.7941      0.7941      0.7095
225     B         A           55           GLU           95.23           280    280    170     6.165     6.165     4.861     0.6749      0.6749      0.6749      0.5693
226     B         A           56           GLY           91.62           280    280    170     6.165     6.165     4.861     0.6145      0.6145      0.6145      0.5059
227     B         A           57           VAL           91.13           280    280    170     6.165     6.165     4.861     0.5544      0.5544      0.5544      0.4436
228     B         A           58           GLN           88.14           280    280    170     6.165     6.165     4.861     0.4871      0.4871      0.4871      0.3789
229     B         A           59           TYR           87.41           280    280    170     6.165     6.165     4.861     0.4600      0.4600      0.4600      0.3544
230     B         A           60           THR           89.04           280    280    170     6.165     6.165     4.861     0.5077      0.5077      0.5077      0.3985
231     B         A           61           HIS           91.48           280    280    170     6.165     6.165     4.861     0.6471      0.6471      0.6471      0.5404
232     B         A           62           GLU           91.68           280    280    170     6.165     6.165     4.861     0.6557      0.6557      0.6557      0.5494
233     B         A           63           GLU           92.93           280    280    170     6.165     6.165     4.861     0.6698      0.6698      0.6698      0.5651
234     B         A           64           LEU           95.48           280    280    170     6.165     6.165     4.861     0.7313      0.7313      0.7313      0.6341
235     B         A           65           GLU           94.52           280    280    170     6.165     6.165     4.861     0.7033      0.7033      0.7033      0.6014
236     B         A           66           LYS           95.51           280    280    170     6.165     6.165     4.861     0.6811      0.6811      0.6811      0.5770
237     B         A           67           LEU           96.21           280    280    170     6.165     6.165     4.861     0.7095      0.7095      0.7095      0.6081
238     B         A           68           GLY           96.69           280    280    170     6.165     6.165     4.861     0.6190      0.6190      0.6190      0.5083
239     B         A           69           VAL           96.15           280    280    170     6.165     6.165     4.861     0.7296      0.7296      0.7296      0.6322
240     B         A           70           LEU           94.91           280    280    170     6.165     6.165     4.861     0.7605      0.7605      0.7605      0.6688
241     B         A           71           GLU           96.07           280    280    170     6.165     6.165     4.861     0.7028      0.7028      0.7028      0.6016
242     B         A           72           GLU           95.61           280    280    170     6.165     6.165     4.861     0.7425      0.7425      0.7425      0.6472
243     B         A           73           ALA           96.17           280    280    170     6.165     6.165     4.861     0.7975      0.7975      0.7975      0.7144
244     B         A           74           GLU           93.32           280    280    170     6.165     6.165     4.861     0.7626      0.7626      0.7626      0.6720
245     B         A           75           ARG           96.28           280    280    170     6.165     6.165     4.861     0.7539      0.7539      0.7539      0.6615
246     B         A           76           ARG           96.16           280    280    170     6.165     6.165     4.861     0.7920      0.7920      0.7920      0.7074
247     B         A           77           SER           96.14           280    280    170     6.165     6.165     4.861     0.8224      0.8224      0.8224      0.7463
248     B         A           78           GLU           94.52           280    280    170     6.165     6.165     4.861     0.8011      0.8011      0.8011      0.7194
249     B         A           79           LEU           96.62           280    280    170     6.165     6.165     4.861     0.8158      0.8158      0.8158      0.7379
250     B         A           80           ALA           97.71           280    280    170     6.165     6.165     4.861     0.8453      0.8453      0.8453      0.7759
251     B         A           81           GLY           97.08           280    280    170     6.165     6.165     4.861     0.8135      0.8135      0.8135      0.7349
252     B         A           82           GLU           95.82           280    280    170     6.165     6.165     4.861     0.8099      0.8099      0.8099      0.7307
253     B         A           83           LEU           97.54           280    280    170     6.165     6.165     4.861     0.8429      0.8429      0.8429      0.7727
254     B         A           84           ALA           97.67           280    280    170     6.165     6.165     4.861     0.8364      0.8364      0.8364      0.7643
255     B         A           85           SER           94.83           280    280    170     6.165     6.165     4.861     0.7551      0.7551      0.7551      0.6623
256     B         A           86           LYS           95.38           280    280    170     6.165     6.165     4.861     0.7512      0.7512      0.7512      0.6581
257     B         A           87           TYR           97.31           280    280    170     6.165     6.165     4.861     0.8285      0.8285      0.8285      0.7535
258     B         A           88           ASP           95.17           280    280    170     6.165     6.165     4.861     0.8525      0.8525      0.8525      0.7860
259     B         A           89           ASP           94.29           280    280    170     6.165     6.165     4.861     0.8517      0.8517      0.8517      0.7851
260     B         A           90           ARG           94.06           280    280    170     6.165     6.165     4.861     0.8515      0.8515      0.8515      0.7846
261     B         A           91           ALA           97.08           280    280    170     6.165     6.165     4.861     0.8693      0.8693      0.8693      0.8088
262     B         A           92           ILE           97.48           280    280    170     6.165     6.165     4.861     0.8950      0.8950      0.8950      0.8443
263     B         A           93           PRO           96.14           280    280    170     6.165     6.165     4.861     0.8718      0.8718      0.8718      0.8123
264     B         A           94           THR           96.82           280    280    170     6.165     6.165     4.861     0.8900      0.8900      0.8900      0.8374
265     B         A           95           VAL           97.89           280    280    170     6.165     6.165     4.861     0.8821      0.8821      0.8821      0.8262
266     B         A           96           SER           96.85           280    280    170     6.165     6.165     4.861     0.8573      0.8573      0.8573      0.7925
267     B         A           97           SER           96.03           280    280    170     6.165     6.165     4.861     0.8541      0.8541      0.8541      0.7884
268     B         A           98           LEU           97.85           280    280    170     6.165     6.165     4.861     0.8828      0.8828      0.8828      0.8271
269     B         A           99           ALA           97.39           280    280    170     6.165     6.165     4.861     0.8545      0.8545      0.8545      0.7883
270     B         A          100           LEU           96.16           280    280    170     6.165     6.165     4.861     0.8238      0.8238      0.8238      0.7479
271     B         A          101           ARG           96.15           280    280    170     6.165     6.165     4.861     0.8246      0.8246      0.8246      0.7493
272     B         A          102           MET           97.10           280    280    170     6.165     6.165     4.861     0.8288      0.8288      0.8288      0.7544
273     B         A          103           GLU           96.66           280    280    170     6.165     6.165     4.861     0.8111      0.8111      0.8111      0.7312
274     B         A          104           TYR           96.28           280    280    170     6.165     6.165     4.861     0.8088      0.8088      0.8088      0.7283
275     B         A          105           VAL           96.81           280    280    170     6.165     6.165     4.861     0.8145      0.8145      0.8145      0.7357
276     B         A          106           LYS           95.86           280    280    170     6.165     6.165     4.861     0.7756      0.7756      0.7756      0.6864
277     B         A          107           GLY           96.28           280    280    170     6.165     6.165     4.861     0.6245      0.6245      0.6245      0.5130
278     B         A          108           LYS           94.06           280    280    170     6.165     6.165     4.861     0.5199      0.5199      0.5199      0.4077
279     B         A          109           LYS           93.31           280    280    170     6.165     6.165     4.861     0.3680      0.3680      0.3680      0.2700
280     B         A          110           LYS           81.10           280    280     39     6.165     6.165     1.777     0.1237      0.1691      0.1691      0.0167
