i   AlignChn ScoredChain  AlignResNum  AlignResType  AlignRespLDDT      n0chn  n0dom  n0res    d0chn     d0dom     d0res   ipTM_pae  ipSAE_d0chn ipSAE_d0dom    ipSAE 
1       A         B            1           LYS           94.77           296    295    126     6.322     6.312     4.159     0.3637      0.3637      0.3630      0.2010
2       A         B            2           VAL           97.80           296    295    126     6.322     6.312     4.159     0.7577      0.7577      0.7572      0.5805
3       A         B            3           CYS           97.83           296    295    126     6.322     6.312     4.159     0.8131      0.8131      0.8126      0.6580
4       A         B            4           ASN           97.61           296    295    126     6.322     6.312     4.159     0.8353      0.8353      0.8349      0.6914
5       A         B            5           GLY           98.16           296    295    126     6.322     6.312     4.159     0.8046      0.8046      0.8041      0.6483
6       A         B            6           ILE           96.76           296    295    126     6.322     6.312     4.159     0.8090      0.8090      0.8085      0.6541
7       A         B            7           GLY           94.01           296    295    126     6.322     6.312     4.159     0.6966      0.6966      0.6960      0.5079
8       A         B            8           ILE           93.21           296    295    126     6.322     6.312     4.159     0.6973      0.6973      0.6967      0.5093
9       A         B            9           GLY           94.81           296    295    126     6.322     6.312     4.159     0.6128      0.6128      0.6121      0.4138
10      A         B           10           GLU           92.37           296    295    126     6.322     6.312     4.159     0.5754      0.5754      0.5746      0.3797
11      A         B           11           PHE           95.72           296    295    126     6.322     6.312     4.159     0.7379      0.7379      0.7373      0.5581
12      A         B           12           LYS           93.11           296    295    126     6.322     6.312     4.159     0.6862      0.6862      0.6855      0.4988
13      A         B           13           ASP           88.46           296    295    126     6.322     6.312     4.159     0.6287      0.6287      0.6280      0.4397
14      A         B           14           SER           93.83           296    295    126     6.322     6.312     4.159     0.7380      0.7380      0.7375      0.5630
15      A         B           15           LEU           94.35           296    295    126     6.322     6.312     4.159     0.7825      0.7825      0.7820      0.6190
16      A         B           16           SER           96.93           296    295    126     6.322     6.312     4.159     0.8397      0.8397      0.8393      0.7017
17      A         B           17           ILE           97.74           296    295    126     6.322     6.312     4.159     0.8487      0.8487      0.8483      0.7137
18      A         B           18           ASN           97.42           296    295    126     6.322     6.312     4.159     0.8340      0.8340      0.8336      0.6902
19      A         B           19           ALA           97.95           296    295    126     6.322     6.312     4.159     0.8180      0.8180      0.8176      0.6667
20      A         B           20           THR           96.07           296    295    126     6.322     6.312     4.159     0.7237      0.7237      0.7231      0.5403
21      A         B           21           ASN           96.84           296    295    126     6.322     6.312     4.159     0.8076      0.8076      0.8072      0.6515
22      A         B           22           ILE           97.61           296    295    126     6.322     6.312     4.159     0.7962      0.7962      0.7957      0.6349
23      A         B           23           LYS           96.03           296    295    126     6.322     6.312     4.159     0.7158      0.7158      0.7152      0.5309
24      A         B           24           HIS           94.47           296    295    126     6.322     6.312     4.159     0.6399      0.6399      0.6392      0.4432
25      A         B           25           PHE           98.03           296    295    126     6.322     6.312     4.159     0.7979      0.7979      0.7974      0.6360
26      A         B           26           LYS           97.10           296    295    126     6.322     6.312     4.159     0.7588      0.7588      0.7582      0.5831
27      A         B           27           ASN           96.70           296    295    126     6.322     6.312     4.159     0.6840      0.6840      0.6834      0.4889
28      A         B           28           CYS           98.34           296    295    126     6.322     6.312     4.159     0.7765      0.7765      0.7760      0.6051
29      A         B           29           THR           98.54           296    295    126     6.322     6.312     4.159     0.7828      0.7828      0.7823      0.6141
30      A         B           30           SER           98.38           296    295    126     6.322     6.312     4.159     0.8363      0.8363      0.8359      0.6923
31      A         B           31           ILE           98.76           296    295    126     6.322     6.312     4.159     0.8697      0.8697      0.8694      0.7461
32      A         B           32           SER           98.12           296    295    126     6.322     6.312     4.159     0.8372      0.8372      0.8368      0.6941
33      A         B           33           GLY           97.43           296    295    126     6.322     6.312     4.159     0.8366      0.8366      0.8362      0.6950
34      A         B           34           ASP           97.29           296    295    126     6.322     6.312     4.159     0.8647      0.8647      0.8643      0.7389
35      A         B           35           LEU           98.36           296    295    126     6.322     6.312     4.159     0.8608      0.8608      0.8604      0.7333
36      A         B           36           HIS           96.86           296    295    126     6.322     6.312     4.159     0.8302      0.8302      0.8298      0.6865
37      A         B           37           ILE           98.49           296    295    126     6.322     6.312     4.159     0.8975      0.8975      0.8972      0.7952
38      A         B           38           LEU           97.25           296    295    126     6.322     6.312     4.159     0.8919      0.8919      0.8916      0.7855
39      A         B           39           PRO           95.19           296    295    126     6.322     6.312     4.159     0.8696      0.8696      0.8692      0.7480
40      A         B           40           VAL           93.41           296    295    126     6.322     6.312     4.159     0.8434      0.8434      0.8430      0.7070
41      A         B           41           ALA           97.34           296    295    126     6.322     6.312     4.159     0.8502      0.8502      0.8498      0.7167
42      A         B           42           PHE           97.13           296    295    126     6.322     6.312     4.159     0.8210      0.8210      0.8206      0.6724
43      A         B           43           ARG           92.58           296    295    126     6.322     6.312     4.159     0.6092      0.6092      0.6085      0.4152
44      A         B           44           GLY           95.49           296    295    126     6.322     6.312     4.159     0.6423      0.6423      0.6417      0.4511
45      A         B           45           ASP           93.30           296    295    126     6.322     6.312     4.159     0.6697      0.6697      0.6691      0.4803
46      A         B           46           SER           87.89           296    295    126     6.322     6.312     4.159     0.5759      0.5759      0.5752      0.3841
47      A         B           47           PHE           88.38           296    295    126     6.322     6.312     4.159     0.6185      0.6185      0.6179      0.4262
48      A         B           48           THR           92.54           296    295    126     6.322     6.312     4.159     0.6630      0.6630      0.6624      0.4720
49      A         B           49           HIS           94.83           296    295    126     6.322     6.312     4.159     0.6492      0.6492      0.6485      0.4572
50      A         B           50           THR           96.11           296    295    126     6.322     6.312     4.159     0.7110      0.7110      0.7104      0.5268
51      A         B           51           PRO           97.63           296    295    126     6.322     6.312     4.159     0.7031      0.7031      0.7025      0.5164
52      A         B           52           PRO           97.40           296    295    126     6.322     6.312     4.159     0.7711      0.7711      0.7706      0.6008
53      A         B           53           LEU           98.28           296    295    126     6.322     6.312     4.159     0.8099      0.8099      0.8094      0.6548
54      A         B           54           ASP           97.57           296    295    126     6.322     6.312     4.159     0.7559      0.7559      0.7554      0.5797
55      A         B           55           PRO           96.16           296    295    126     6.322     6.312     4.159     0.7000      0.7000      0.6994      0.5097
56      A         B           56           GLN           96.27           296    295    126     6.322     6.312     4.159     0.6715      0.6715      0.6709      0.4769
57      A         B           57           GLU           97.29           296    295    126     6.322     6.312     4.159     0.7629      0.7629      0.7623      0.5875
58      A         B           58           LEU           97.64           296    295    126     6.322     6.312     4.159     0.8097      0.8097      0.8092      0.6527
59      A         B           59           ASP           96.84           296    295    126     6.322     6.312     4.159     0.7786      0.7786      0.7781      0.6094
60      A         B           60           ILE           97.49           296    295    126     6.322     6.312     4.159     0.7960      0.7960      0.7955      0.6326
61      A         B           61           LEU           98.43           296    295    126     6.322     6.312     4.159     0.8503      0.8503      0.8499      0.7143
62      A         B           62           LYS           97.77           296    295    126     6.322     6.312     4.159     0.8162      0.8162      0.8158      0.6623
63      A         B           63           THR           98.25           296    295    126     6.322     6.312     4.159     0.7773      0.7773      0.7767      0.6064
64      A         B           64           VAL           98.76           296    295    126     6.322     6.312     4.159     0.8629      0.8629      0.8626      0.7348
65      A         B           65           LYS           98.78           296    295    126     6.322     6.312     4.159     0.8289      0.8289      0.8285      0.6813
66      A         B           66           GLU           98.57           296    295    126     6.322     6.312     4.159     0.8738      0.8738      0.8734      0.7527
67      A         B           67           ILE           98.93           296    295    126     6.322     6.312     4.159     0.9043      0.9043      0.9041      0.8062
68      A         B           68           THR           98.70           296    295    126     6.322     6.312     4.159     0.8858      0.8858      0.8854      0.7735
69      A         B           69           GLY           98.07           296    295    126     6.322     6.312     4.159     0.8792      0.8792      0.8789      0.7633
70      A         B           70           PHE           97.86           296    295    126     6.322     6.312     4.159     0.9042      0.9042      0.9040      0.8066
71      A         B           71           LEU           98.89           296    295    126     6.322     6.312     4.159     0.9212      0.9212      0.9210      0.8377
72      A         B           72           LEU           97.77           296    295    126     6.322     6.312     4.159     0.9089      0.9089      0.9087      0.8155
73      A         B           73           ILE           98.69           296    295    126     6.322     6.312     4.159     0.9115      0.9115      0.9112      0.8201
74      A         B           74           GLN           96.99           296    295    126     6.322     6.312     4.159     0.8781      0.8781      0.8778      0.7622
75      A         B           75           ALA           97.31           296    295    126     6.322     6.312     4.159     0.8832      0.8832      0.8829      0.7702
76      A         B           76           TRP           98.30           296    295    126     6.322     6.312     4.159     0.8645      0.8645      0.8642      0.7390
77      A         B           77           PRO           96.66           296    295    126     6.322     6.312     4.159     0.7791      0.7791      0.7786      0.6107
78      A         B           78           GLU           91.31           296    295    126     6.322     6.312     4.159     0.5784      0.5784      0.5777      0.3830
79      A         B           79           ASN           91.62           296    295    126     6.322     6.312     4.159     0.4841      0.4841      0.4834      0.2979
80      A         B           80           ARG           95.34           296    295    126     6.322     6.312     4.159     0.6630      0.6630      0.6623      0.4660
81      A         B           81           THR           94.52           296    295    126     6.322     6.312     4.159     0.6154      0.6154      0.6147      0.4153
82      A         B           82           ASP           95.81           296    295    126     6.322     6.312     4.159     0.7141      0.7141      0.7135      0.5252
83      A         B           83           LEU           98.24           296    295    126     6.322     6.312     4.159     0.8103      0.8103      0.8098      0.6536
84      A         B           84           HIS           94.28           296    295    126     6.322     6.312     4.159     0.6377      0.6377      0.6370      0.4399
85      A         B           85           ALA           97.47           296    295    126     6.322     6.312     4.159     0.7529      0.7529      0.7524      0.5739
86      A         B           86           PHE           98.77           296    295    126     6.322     6.312     4.159     0.8520      0.8520      0.8516      0.7173
87      A         B           87           GLU           97.25           296    295    126     6.322     6.312     4.159     0.7724      0.7724      0.7719      0.6009
88      A         B           88           ASN           98.63           296    295    126     6.322     6.312     4.159     0.8292      0.8292      0.8288      0.6814
89      A         B           89           LEU           98.93           296    295    126     6.322     6.312     4.159     0.8828      0.8828      0.8825      0.7683
90      A         B           90           GLU           98.84           296    295    126     6.322     6.312     4.159     0.8504      0.8504      0.8500      0.7147
91      A         B           91           ILE           98.84           296    295    126     6.322     6.312     4.159     0.8754      0.8754      0.8751      0.7557
92      A         B           92           ILE           98.96           296    295    126     6.322     6.312     4.159     0.9033      0.9033      0.9031      0.8046
93      A         B           93           ARG           98.80           296    295    126     6.322     6.312     4.159     0.8694      0.8694      0.8690      0.7460
94      A         B           94           GLY           97.91           296    295    126     6.322     6.312     4.159     0.8562      0.8562      0.8559      0.7247
95      A         B           95           ARG           96.56           296    295    126     6.322     6.312     4.159     0.8149      0.8149      0.8144      0.6614
96      A         B           96           THR           94.57           296    295    126     6.322     6.312     4.159     0.8693      0.8693      0.8690      0.7467
97      A         B           97           LYS           94.68           296    295    126     6.322     6.312     4.159     0.8839      0.8839      0.8836      0.7716
98      A         B           98           GLN           96.00           296    295    126     6.322     6.312     4.159     0.8834      0.8834      0.8831      0.7708
99      A         B           99           HIS           94.84           296    295    126     6.322     6.312     4.159     0.8763      0.8763      0.8760      0.7594
100     A         B          100           GLY           94.16           296    295    126     6.322     6.312     4.159     0.8750      0.8750      0.8747      0.7564
101     A         B          101           GLN           95.50           296    295    126     6.322     6.312     4.159     0.8908      0.8908      0.8905      0.7836
102     A         B          102           PHE           97.80           296    295    126     6.322     6.312     4.159     0.9249      0.9249      0.9247      0.8450
103     A         B          103           SER           98.10           296    295    126     6.322     6.312     4.159     0.8972      0.8972      0.8969      0.7951
104     A         B          104           LEU           98.81           296    295    126     6.322     6.312     4.159     0.9201      0.9201      0.9199      0.8358
105     A         B          105           ALA           98.26           296    295    126     6.322     6.312     4.159     0.9107      0.9107      0.9105      0.8189
106     A         B          106           VAL           98.55           296    295    126     6.322     6.312     4.159     0.9077      0.9077      0.9074      0.8133
107     A         B          107           VAL           96.61           296    295    126     6.322     6.312     4.159     0.8322      0.8322      0.8318      0.6895
108     A         B          108           SER           95.28           296    295    126     6.322     6.312     4.159     0.8531      0.8531      0.8527      0.7214
109     A         B          109           LEU           98.09           296    295    126     6.322     6.312     4.159     0.8776      0.8776      0.8773      0.7605
110     A         B          110           ASN           96.18           296    295    126     6.322     6.312     4.159     0.8356      0.8356      0.8352      0.6933
111     A         B          111           ILE           97.45           296    295    126     6.322     6.312     4.159     0.8534      0.8534      0.8530      0.7203
112     A         B          112           THR           94.32           296    295    126     6.322     6.312     4.159     0.8082      0.8082      0.8077      0.6511
113     A         B          113           SER           94.39           296    295    126     6.322     6.312     4.159     0.7443      0.7443      0.7438      0.5633
114     A         B          114           LEU           97.18           296    295    126     6.322     6.312     4.159     0.8075      0.8075      0.8070      0.6496
115     A         B          115           GLY           95.64           296    295    126     6.322     6.312     4.159     0.6831      0.6831      0.6825      0.4896
116     A         B          116           LEU           97.26           296    295    126     6.322     6.312     4.159     0.7718      0.7718      0.7712      0.5989
117     A         B          117           ARG           92.24           296    295    126     6.322     6.312     4.159     0.5636      0.5636      0.5629      0.3664
118     A         B          118           SER           97.97           296    295    126     6.322     6.312     4.159     0.7777      0.7777      0.7771      0.6066
119     A         B          119           LEU           97.84           296    295    126     6.322     6.312     4.159     0.8445      0.8445      0.8441      0.7051
120     A         B          120           LYS           97.23           296    295    126     6.322     6.312     4.159     0.6926      0.6926      0.6919      0.4996
121     A         B          121           GLU           98.58           296    295    126     6.322     6.312     4.159     0.8493      0.8493      0.8489      0.7135
122     A         B          122           ILE           98.76           296    295    126     6.322     6.312     4.159     0.8825      0.8825      0.8821      0.7682
123     A         B          123           SER           98.45           296    295    126     6.322     6.312     4.159     0.8431      0.8431      0.8427      0.7038
124     A         B          124           ASP           96.06           296    295    126     6.322     6.312     4.159     0.8614      0.8614      0.8610      0.7338
125     A         B          125           GLY           96.82           296    295    126     6.322     6.312     4.159     0.8475      0.8475      0.8471      0.7132
126     A         B          126           ASP           97.40           296    295    126     6.322     6.312     4.159     0.9010      0.9010      0.9008      0.8014
127     A         B          127           VAL           98.35           296    295    126     6.322     6.312     4.159     0.9114      0.9114      0.9111      0.8199
128     A         B          128           ILE           98.06           296    295    126     6.322     6.312     4.159     0.9126      0.9126      0.9123      0.8223
129     A         B          129           ILE           98.14           296    295    126     6.322     6.312     4.159     0.9087      0.9087      0.9085      0.8150
130     A         B          130           SER           96.01           296    295    126     6.322     6.312     4.159     0.8146      0.8146      0.8142      0.6632
131     A         B          131           GLY           95.79           296    295    126     6.322     6.312     4.159     0.8301      0.8301      0.8297      0.6865
132     A         B          132           ASN           97.19           296    295    126     6.322     6.312     4.159     0.8544      0.8544      0.8540      0.7220
133     A         B          133           LYS           93.64           296    295    126     6.322     6.312     4.159     0.7967      0.7967      0.7962      0.6365
134     A         B          134           ASN           94.81           296    295    126     6.322     6.312     4.159     0.8032      0.8032      0.8028      0.6442
135     A         B          135           LEU           96.90           296    295    126     6.322     6.312     4.159     0.8111      0.8111      0.8106      0.6551
136     A         B          136           CYS           94.57           296    295    126     6.322     6.312     4.159     0.5656      0.5656      0.5649      0.3675
137     A         B          137           TYR           86.89           296    295    126     6.322     6.312     4.159     0.3433      0.3433      0.3426      0.1875
138     A         B          138           ALA           91.69           296    295    126     6.322     6.312     4.159     0.4374      0.4374      0.4366      0.2564
139     A         B          139           ASN           80.18           296    295    126     6.322     6.312     4.159     0.3578      0.3578      0.3571      0.1980
140     A         B          140           THR           85.17           296    295    126     6.322     6.312     4.159     0.3895      0.3895      0.3888      0.2203
141     A         B          141           ILE           93.30           296    295    126     6.322     6.312     4.159     0.5665      0.5665      0.5658      0.3677
142     A         B          142           ASN           94.52           296    295    126     6.322     6.312     4.159     0.6464      0.6464      0.6458      0.4492
143     A         B          143           TRP           97.17           296    295    126     6.322     6.312     4.159     0.7807      0.7807      0.7802      0.6130
144     A         B          144           LYS           94.81           296    295    126     6.322     6.312     4.159     0.7367      0.7367      0.7361      0.5546
145     A         B          145           LYS           96.16           296    295    126     6.322     6.312     4.159     0.7213      0.7213      0.7208      0.5360
146     A         B          146           LEU           97.71           296    295    126     6.322     6.312     4.159     0.8028      0.8028      0.8024      0.6433
147     A         B          147           PHE           97.71           296    295    126     6.322     6.312     4.159     0.8090      0.8090      0.8085      0.6526
148     A         B          148           GLY           97.54           296    295    126     6.322     6.312     4.159     0.5822      0.5822      0.5815      0.3851
149     A         B          149           THR           93.29           296    295    126     6.322     6.312     4.159     0.5902      0.5902      0.5895      0.3951
150     A         B          150           SER           90.53           296    295    126     6.322     6.312     4.159     0.5110      0.5110      0.5103      0.3247
151     A         B          151           GLY           92.82           296    295    126     6.322     6.312     4.159     0.6357      0.6357      0.6350      0.4428
152     A         B          152           GLN           96.77           296    295    126     6.322     6.312     4.159     0.7865      0.7865      0.7860      0.6234
153     A         B          153           LYS           93.35           296    295    126     6.322     6.312     4.159     0.7473      0.7473      0.7467      0.5742
154     A         B          154           THR           95.75           296    295    126     6.322     6.312     4.159     0.8100      0.8100      0.8096      0.6576
155     A         B          155           LYS           95.68           296    295    126     6.322     6.312     4.159     0.8362      0.8362      0.8358      0.6963
156     A         B          156           ILE           95.66           296    295    126     6.322     6.312     4.159     0.8432      0.8432      0.8428      0.7062
157     A         B          157           ILE           93.32           296    295    126     6.322     6.312     4.159     0.6925      0.6925      0.6919      0.5061
158     A         B          158           SER           93.03           296    295    126     6.322     6.312     4.159     0.7530      0.7530      0.7525      0.5787
159     A         B          159           ASN           95.53           296    295    126     6.322     6.312     4.159     0.7923      0.7923      0.7918      0.6287
160     A         B          160           ARG           94.12           296    295    126     6.322     6.312     4.159     0.6691      0.6691      0.6685      0.4744
161     A         B          161           GLY           90.86           296    295    126     6.322     6.312     4.159     0.4720      0.4720      0.4713      0.2864
162     A         B          162           GLU           85.35           296    295    126     6.322     6.312     4.159     0.4600      0.4600      0.4593      0.2756
163     A         B          163           ASN           90.85           296    295    126     6.322     6.312     4.159     0.3958      0.3958      0.3951      0.2248
164     A         B          164           SER           91.48           296    295    126     6.322     6.312     4.159     0.4433      0.4433      0.4426      0.2607
165     A         B          165           CYS           93.40           296    295    126     6.322     6.312     4.159     0.4635      0.4635      0.4627      0.2763
166     A         B          166           LYS           91.08           296    295    126     6.322     6.312     4.159     0.4123      0.4123      0.4116      0.2369
167     A         B          167           ALA           91.43           296    295    126     6.322     6.312     4.159     0.2919      0.2919      0.2913      0.1530
168     A         B          168           THR           83.29           296    295    121     6.322     6.312     4.068     0.2059      0.2086      0.2081      0.0990
169     A         B          169           GLY           83.83           296    295     13     6.322     6.312     1.000     0.1272      0.1717      0.1712      0.0052
170     A         B          170           GLN           70.19           296    295      0     6.322     6.312     1.000     0.0950      0.0000      0.0000      0.0000
171     B         A            1           MET           74.46           296    296     42     6.322     6.322     1.920     0.1323      0.1697      0.1697      0.0185
172     B         A            2           GLU           84.93           296    296    170     6.322     6.322     4.861     0.3496      0.3496      0.3496      0.2428
173     B         A            3           GLU           93.78           296    296    170     6.322     6.322     4.861     0.5021      0.5021      0.5021      0.3777
174     B         A            4           GLU           93.20           296    296    170     6.322     6.322     4.861     0.6636      0.6636      0.6636      0.5429
175     B         A            5           VAL           94.15           296    296    170     6.322     6.322     4.861     0.7430      0.7430      0.7430      0.6342
176     B         A            6           GLU           94.38           296    296    170     6.322     6.322     4.861     0.7163      0.7163      0.7163      0.6022
177     B         A            7           LYS           96.40           296    296    170     6.322     6.322     4.861     0.7337      0.7337      0.7337      0.6236
178     B         A            8           ALA           96.38           296    296    170     6.322     6.322     4.861     0.7675      0.7675      0.7675      0.6645
179     B         A            9           VAL           95.39           296    296    170     6.322     6.322     4.861     0.7884      0.7884      0.7884      0.6908
180     B         A           10           GLU           97.22           296    296    170     6.322     6.322     4.861     0.7314      0.7314      0.7314      0.6203
181     B         A           11           THR           96.53           296    296    170     6.322     6.322     4.861     0.7476      0.7476      0.7476      0.6403
182     B         A           12           ALA           95.78           296    296    170     6.322     6.322     4.861     0.7551      0.7551      0.7551      0.6496
183     B         A           13           LYS           95.66           296    296    170     6.322     6.322     4.861     0.7733      0.7733      0.7733      0.6717
184     B         A           14           LYS           97.33           296    296    170     6.322     6.322     4.861     0.7281      0.7281      0.7281      0.6169
185     B         A           15           LEU           96.78           296    296    170     6.322     6.322     4.861     0.7530      0.7530      0.7530      0.6472
186     B         A           16           ALA           94.64           296    296    170     6.322     6.322     4.861     0.6947      0.6947      0.6947      0.5781
187     B         A           17           LYS           96.29           296    296    170     6.322     6.322     4.861     0.6905      0.6905      0.6905      0.5731
188     B         A           18           GLU           96.02           296    296    170     6.322     6.322     4.861     0.6406      0.6406      0.6406      0.5181
189     B         A           19           ASN           94.98           296    296    170     6.322     6.322     4.861     0.7004      0.7004      0.7004      0.5853
190     B         A           20           GLY           95.82           296    296    170     6.322     6.322     4.861     0.6215      0.6215      0.6215      0.4980
191     B         A           21           ILE           95.57           296    296    170     6.322     6.322     4.861     0.6888      0.6888      0.6888      0.5716
192     B         A           22           SER           92.36           296    296    170     6.322     6.322     4.861     0.5913      0.5913      0.5913      0.4668
193     B         A           23           GLU           87.16           296    296    170     6.322     6.322     4.861     0.5676      0.5676      0.5676      0.4427
194     B         A           24           GLU           87.95           296    296    170     6.322     6.322     4.861     0.6248      0.6248      0.6248      0.5028
195     B         A           25           SER           92.72           296    296    170     6.322     6.322     4.861     0.6532      0.6532      0.6532      0.5327
196     B         A           26           LEU           93.20           296    296    170     6.322     6.322     4.861     0.7124      0.7124      0.7124      0.5991
197     B         A           27           SER           92.75           296    296    170     6.322     6.322     4.861     0.7840      0.7840      0.7840      0.6864
198     B         A           28           GLY           94.78           296    296    170     6.322     6.322     4.861     0.7937      0.7937      0.7937      0.6989
199     B         A           29           ILE           94.87           296    296    170     6.322     6.322     4.861     0.8137      0.8137      0.8137      0.7246
200     B         A           30           MET           94.86           296    296    170     6.322     6.322     4.861     0.8100      0.8100      0.8100      0.7199
201     B         A           31           SER           94.92           296    296    170     6.322     6.322     4.861     0.8625      0.8625      0.8625      0.7906
202     B         A           32           THR           96.17           296    296    170     6.322     6.322     4.861     0.8825      0.8825      0.8825      0.8186
203     B         A           33           GLY           97.44           296    296    170     6.322     6.322     4.861     0.8771      0.8771      0.8771      0.8111
204     B         A           34           VAL           97.20           296    296    170     6.322     6.322     4.861     0.9058      0.9058      0.9058      0.8525
205     B         A           35           PHE           97.52           296    296    170     6.322     6.322     4.861     0.9177      0.9177      0.9177      0.8702
206     B         A           36           LEU           97.36           296    296    170     6.322     6.322     4.861     0.9076      0.9076      0.9076      0.8550
207     B         A           37           HIS           97.15           296    296    170     6.322     6.322     4.861     0.8966      0.8966      0.8966      0.8389
208     B         A           38           SER           96.46           296    296    170     6.322     6.322     4.861     0.8436      0.8436      0.8436      0.7647
209     B         A           39           GLN           95.56           296    296    170     6.322     6.322     4.861     0.7995      0.7995      0.7995      0.7071
210     B         A           40           ASP           94.21           296    296    170     6.322     6.322     4.861     0.7132      0.7132      0.7132      0.6008
211     B         A           41           PRO           86.10           296    296    170     6.322     6.322     4.861     0.6201      0.6201      0.6201      0.4984
212     B         A           42           SER           91.19           296    296    170     6.322     6.322     4.861     0.5978      0.5978      0.5978      0.4752
213     B         A           43           MET           92.75           296    296    170     6.322     6.322     4.861     0.6085      0.6085      0.6085      0.4865
214     B         A           44           SER           96.83           296    296    170     6.322     6.322     4.861     0.7485      0.7485      0.7485      0.6421
215     B         A           45           LEU           97.03           296    296    170     6.322     6.322     4.861     0.8427      0.8427      0.8427      0.7628
216     B         A           46           GLU           97.30           296    296    170     6.322     6.322     4.861     0.8210      0.8210      0.8210      0.7339
217     B         A           47           GLU           97.06           296    296    170     6.322     6.322     4.861     0.8369      0.8369      0.8369      0.7555
218     B         A           48           SER           97.23           296    296    170     6.322     6.322     4.861     0.8406      0.8406      0.8406      0.7603
219     B         A           49           VAL           96.97           296    296    170     6.322     6.322     4.861     0.8434      0.8434      0.8434      0.7641
220     B         A           50           LYS           97.46           296    296    170     6.322     6.322     4.861     0.8286      0.8286      0.8286      0.7445
221     B         A           51           GLU           96.01           296    296    170     6.322     6.322     4.861     0.8379      0.8379      0.8379      0.7575
222     B         A           52           SER           95.55           296    296    170     6.322     6.322     4.861     0.8125      0.8125      0.8125      0.7235
223     B         A           53           ILE           96.31           296    296    170     6.322     6.322     4.861     0.8306      0.8306      0.8306      0.7471
224     B         A           54           GLU           94.61           296    296    170     6.322     6.322     4.861     0.7838      0.7838      0.7838      0.6877
225     B         A           55           SER           93.51           296    296    170     6.322     6.322     4.861     0.7798      0.7798      0.7798      0.6827
226     B         A           56           LEU           93.59           296    296    170     6.322     6.322     4.861     0.7780      0.7780      0.7780      0.6797
227     B         A           57           VAL           93.38           296    296    170     6.322     6.322     4.861     0.7375      0.7375      0.7375      0.6304
228     B         A           58           SER           89.09           296    296    170     6.322     6.322     4.861     0.6510      0.6510      0.6510      0.5330
229     B         A           59           HIS           89.32           296    296    170     6.322     6.322     4.861     0.6396      0.6396      0.6396      0.5202
230     B         A           60           GLY           89.75           296    296    170     6.322     6.322     4.861     0.5135      0.5135      0.5135      0.3936
231     B         A           61           LYS           85.35           296    296    170     6.322     6.322     4.861     0.4227      0.4227      0.4227      0.3092
232     B         A           62           LYS           86.34           296    296    170     6.322     6.322     4.861     0.4082      0.4082      0.4082      0.2959
233     B         A           63           ASP           87.41           296    296    170     6.322     6.322     4.861     0.4366      0.4366      0.4366      0.3202
234     B         A           64           ARG           84.06           296    296    170     6.322     6.322     4.861     0.4339      0.4339      0.4339      0.3184
235     B         A           65           GLY           86.32           296    296    170     6.322     6.322     4.861     0.4250      0.4250      0.4250      0.3103
236     B         A           66           ARG           86.73           296    296    170     6.322     6.322     4.861     0.5758      0.5758      0.5758      0.4533
237     B         A           67           ASP           89.44           296    296    170     6.322     6.322     4.861     0.6461      0.6461      0.6461      0.5272
238     B         A           68           ASP           87.71           296    296    170     6.322     6.322     4.861     0.7148      0.7148      0.7148      0.6061
239     B         A           69           PRO           91.14           296    296    170     6.322     6.322     4.861     0.7959      0.7959      0.7959      0.7043
240     B         A           70           LEU           89.75           296    296    170     6.322     6.322     4.861     0.8314      0.8314      0.8314      0.7491
241     B         A           71           SER           90.41           296    296    170     6.322     6.322     4.861     0.8342      0.8342      0.8342      0.7533
242     B         A           72           VAL           95.77           296    296    170     6.322     6.322     4.861     0.8688      0.8688      0.8688      0.8003
243     B         A           73           LYS           95.11           296    296    170     6.322     6.322     4.861     0.8713      0.8713      0.8713      0.8038
244     B         A           74           SER           93.67           296    296    170     6.322     6.322     4.861     0.8498      0.8498      0.8498      0.7738
245     B         A           75           THR           94.34           296    296    170     6.322     6.322     4.861     0.8540      0.8540      0.8540      0.7800
246     B         A           76           ALA           96.88           296    296    170     6.322     6.322     4.861     0.8621      0.8621      0.8621      0.7908
247     B         A           77           SER           94.81           296    296    170     6.322     6.322     4.861     0.8273      0.8273      0.8273      0.7438
248     B         A           78           SER           93.55           296    296    170     6.322     6.322     4.861     0.7640      0.7640      0.7640      0.6636
249     B         A           79           LEU           96.75           296    296    170     6.322     6.322     4.861     0.8532      0.8532      0.8532      0.7783
250     B         A           80           SER           95.60           296    296    170     6.322     6.322     4.861     0.8485      0.8485      0.8485      0.7710
251     B         A           81           PRO           96.41           296    296    170     6.322     6.322     4.861     0.8313      0.8313      0.8313      0.7474
252     B         A           82           GLU           94.03           296    296    170     6.322     6.322     4.861     0.8044      0.8044      0.8044      0.7122
253     B         A           83           SER           96.72           296    296    170     6.322     6.322     4.861     0.8502      0.8502      0.8502      0.7733
254     B         A           84           ARG           97.50           296    296    170     6.322     6.322     4.861     0.8601      0.8601      0.8601      0.7866
255     B         A           85           LEU           95.86           296    296    170     6.322     6.322     4.861     0.8531      0.8531      0.8531      0.7769
256     B         A           86           MET           96.43           296    296    170     6.322     6.322     4.861     0.8549      0.8549      0.8549      0.7795
257     B         A           87           MET           96.61           296    296    170     6.322     6.322     4.861     0.8537      0.8537      0.8537      0.7779
258     B         A           88           GLY           96.60           296    296    170     6.322     6.322     4.861     0.8441      0.8441      0.8441      0.7644
259     B         A           89           ARG           94.38           296    296    170     6.322     6.322     4.861     0.8180      0.8180      0.8180      0.7297
260     B         A           90           MET           94.25           296    296    170     6.322     6.322     4.861     0.7662      0.7662      0.7662      0.6634
261     B         A           91           ALA           95.04           296    296    170     6.322     6.322     4.861     0.8126      0.8126      0.8126      0.7222
262     B         A           92           LEU           93.72           296    296    170     6.322     6.322     4.861     0.8020      0.8020      0.8020      0.7086
263     B         A           93           SER           91.28           296    296    170     6.322     6.322     4.861     0.6829      0.6829      0.6829      0.5649
264     B         A           94           PHE           90.79           296    296    170     6.322     6.322     4.861     0.6401      0.6401      0.6401      0.5169
265     B         A           95           GLY           92.81           296    296    170     6.322     6.322     4.861     0.6738      0.6738      0.6738      0.5545
266     B         A           96           ASP           94.61           296    296    170     6.322     6.322     4.861     0.8016      0.8016      0.8016      0.7087
267     B         A           97           PHE           94.81           296    296    170     6.322     6.322     4.861     0.7984      0.7984      0.7984      0.7053
268     B         A           98           GLU           93.65           296    296    170     6.322     6.322     4.861     0.8204      0.8204      0.8204      0.7339
269     B         A           99           THR           95.44           296    296    170     6.322     6.322     4.861     0.8439      0.8439      0.8439      0.7649
270     B         A          100           VAL           96.64           296    296    170     6.322     6.322     4.861     0.8538      0.8538      0.8538      0.7783
271     B         A          101           ARG           96.49           296    296    170     6.322     6.322     4.861     0.8480      0.8480      0.8480      0.7711
272     B         A          102           ALA           96.59           296    296    170     6.322     6.322     4.861     0.8643      0.8643      0.8643      0.7929
273     B         A          103           VAL           97.59           296    296    170     6.322     6.322     4.861     0.8739      0.8739      0.8739      0.8064
274     B         A          104           ILE           97.71           296    296    170     6.322     6.322     4.861     0.8730      0.8730      0.8730      0.8050
275     B         A          105           GLU           94.86           296    296    170     6.322     6.322     4.861     0.8571      0.8571      0.8571      0.7835
276     B         A          106           GLY           96.49           296    296    170     6.322     6.322     4.861     0.8393      0.8393      0.8393      0.7589
277     B         A          107           ALA           97.04           296    296    170     6.322     6.322     4.861     0.8540      0.8540      0.8540      0.7788
278     B         A          108           ARG           94.34           296    296    170     6.322     6.322     4.861     0.8173      0.8173      0.8173      0.7298
279     B         A          109           ARG           92.63           296    296    170     6.322     6.322     4.861     0.8212      0.8212      0.8212      0.7347
280     B         A          110           ALA           93.75           296    296    170     6.322     6.322     4.861     0.7951      0.7951      0.7951      0.7013
281     B         A          111           GLY           91.47           296    296    170     6.322     6.322     4.861     0.7621      0.7621      0.7621      0.6603
282     B         A          112           ASP           95.88           296    296    170     6.322     6.322     4.861     0.7940      0.7940      0.7940      0.6990
283     B         A          113           LEU           95.79           296    296    170     6.322     6.322     4.861     0.7591      0.7591      0.7591      0.6551
284     B         A          114           GLU           95.83           296    296    170     6.322     6.322     4.861     0.7015      0.7015      0.7015      0.5863
285     B         A          115           THR           96.03           296    296    170     6.322     6.322     4.861     0.7559      0.7559      0.7559      0.6507
286     B         A          116           ALA           97.08           296    296    170     6.322     6.322     4.861     0.7881      0.7881      0.7881      0.6904
287     B         A          117           GLU           97.25           296    296    170     6.322     6.322     4.861     0.7715      0.7715      0.7715      0.6704
288     B         A          118           GLU           95.36           296    296    170     6.322     6.322     4.861     0.7602      0.7602      0.7602      0.6558
289     B         A          119           MET           96.33           296    296    170     6.322     6.322     4.861     0.7378      0.7378      0.7378      0.6285
290     B         A          120           GLU           97.14           296    296    170     6.322     6.322     4.861     0.7664      0.7664      0.7664      0.6631
291     B         A          121           LYS           96.43           296    296    170     6.322     6.322     4.861     0.7049      0.7049      0.7049      0.5905
292     B         A          122           MET           92.84           296    296    170     6.322     6.322     4.861     0.6283      0.6283      0.6283      0.5041
293     B         A          123           LEU           94.44           296    296    170     6.322     6.322     4.861     0.6008      0.6008      0.6008      0.4746
294     B         A          124           LYS           93.82           296    296    170     6.322     6.322     4.861     0.5169      0.5169      0.5169      0.3908
295     B         A          125           GLU           85.20           296    296    170     6.322     6.322     4.861     0.3051      0.3051      0.3051      0.2087
296     B         A          126           SER           76.21           296    296     98     6.322     6.322     3.609     0.1634      0.1845      0.1845      0.0689
