i   AlignChn ScoredChain  AlignResNum  AlignResType  AlignRespLDDT      n0chn  n0dom  n0res    d0chn     d0dom     d0res   ipTM_pae  ipSAE_d0chn ipSAE_d0dom    ipSAE 
1       A         B            1           LYS           93.03           296    295    126     6.322     6.312     4.159     0.3058      0.3058      0.3052      0.1622
2       A         B            2           VAL           97.66           296    295    126     6.322     6.312     4.159     0.7558      0.7558      0.7552      0.5781
3       A         B            3           CYS           97.64           296    295    126     6.322     6.312     4.159     0.8227      0.8227      0.8223      0.6724
4       A         B            4           ASN           97.52           296    295    126     6.322     6.312     4.159     0.8459      0.8459      0.8455      0.7080
5       A         B            5           GLY           98.14           296    295    126     6.322     6.312     4.159     0.8183      0.8183      0.8179      0.6687
6       A         B            6           ILE           96.66           296    295    126     6.322     6.312     4.159     0.8237      0.8237      0.8233      0.6762
7       A         B            7           GLY           93.58           296    295    126     6.322     6.312     4.159     0.6992      0.6992      0.6986      0.5114
8       A         B            8           ILE           92.91           296    295    126     6.322     6.312     4.159     0.7160      0.7160      0.7154      0.5321
9       A         B            9           GLY           94.59           296    295    126     6.322     6.312     4.159     0.6370      0.6370      0.6364      0.4390
10      A         B           10           GLU           92.00           296    295    126     6.322     6.312     4.159     0.5832      0.5832      0.5825      0.3870
11      A         B           11           PHE           95.50           296    295    126     6.322     6.312     4.159     0.7452      0.7452      0.7446      0.5674
12      A         B           12           LYS           92.65           296    295    126     6.322     6.312     4.159     0.6912      0.6912      0.6906      0.5051
13      A         B           13           ASP           87.99           296    295    126     6.322     6.312     4.159     0.6260      0.6260      0.6253      0.4375
14      A         B           14           SER           93.55           296    295    126     6.322     6.312     4.159     0.7460      0.7460      0.7454      0.5731
15      A         B           15           LEU           94.33           296    295    126     6.322     6.312     4.159     0.7985      0.7985      0.7981      0.6414
16      A         B           16           SER           96.83           296    295    126     6.322     6.312     4.159     0.8567      0.8567      0.8563      0.7283
17      A         B           17           ILE           97.56           296    295    126     6.322     6.312     4.159     0.8590      0.8590      0.8586      0.7302
18      A         B           18           ASN           97.27           296    295    126     6.322     6.312     4.159     0.8453      0.8453      0.8449      0.7078
19      A         B           19           ALA           97.72           296    295    126     6.322     6.312     4.159     0.8293      0.8293      0.8289      0.6839
20      A         B           20           THR           95.46           296    295    126     6.322     6.312     4.159     0.7305      0.7305      0.7299      0.5491
21      A         B           21           ASN           96.74           296    295    126     6.322     6.312     4.159     0.8214      0.8214      0.8209      0.6720
22      A         B           22           ILE           97.52           296    295    126     6.322     6.312     4.159     0.8124      0.8124      0.8119      0.6584
23      A         B           23           LYS           95.60           296    295    126     6.322     6.312     4.159     0.6923      0.6923      0.6916      0.5036
24      A         B           24           HIS           94.79           296    295    126     6.322     6.312     4.159     0.6654      0.6654      0.6647      0.4710
25      A         B           25           PHE           97.85           296    295    126     6.322     6.312     4.159     0.8095      0.8095      0.8091      0.6530
26      A         B           26           LYS           96.87           296    295    126     6.322     6.312     4.159     0.7676      0.7676      0.7670      0.5950
27      A         B           27           ASN           96.28           296    295    126     6.322     6.312     4.159     0.6853      0.6853      0.6847      0.4904
28      A         B           28           CYS           98.22           296    295    126     6.322     6.312     4.159     0.7891      0.7891      0.7886      0.6226
29      A         B           29           THR           98.47           296    295    126     6.322     6.312     4.159     0.7982      0.7982      0.7977      0.6357
30      A         B           30           SER           98.36           296    295    126     6.322     6.312     4.159     0.8506      0.8506      0.8502      0.7146
31      A         B           31           ILE           98.73           296    295    126     6.322     6.312     4.159     0.8803      0.8803      0.8800      0.7638
32      A         B           32           SER           98.04           296    295    126     6.322     6.312     4.159     0.8470      0.8470      0.8466      0.7093
33      A         B           33           GLY           97.38           296    295    126     6.322     6.312     4.159     0.8438      0.8438      0.8434      0.7062
34      A         B           34           ASP           97.26           296    295    126     6.322     6.312     4.159     0.8689      0.8689      0.8685      0.7458
35      A         B           35           LEU           98.33           296    295    126     6.322     6.312     4.159     0.8734      0.8734      0.8731      0.7540
36      A         B           36           HIS           96.39           296    295    126     6.322     6.312     4.159     0.8227      0.8227      0.8223      0.6756
37      A         B           37           ILE           98.39           296    295    126     6.322     6.312     4.159     0.9022      0.9022      0.9019      0.8036
38      A         B           38           LEU           97.30           296    295    126     6.322     6.312     4.159     0.9045      0.9045      0.9043      0.8079
39      A         B           39           PRO           95.58           296    295    126     6.322     6.312     4.159     0.8842      0.8842      0.8839      0.7726
40      A         B           40           VAL           94.06           296    295    126     6.322     6.312     4.159     0.8601      0.8601      0.8597      0.7336
41      A         B           41           ALA           97.28           296    295    126     6.322     6.312     4.159     0.8678      0.8678      0.8675      0.7454
42      A         B           42           PHE           97.16           296    295    126     6.322     6.312     4.159     0.8429      0.8429      0.8426      0.7058
43      A         B           43           ARG           93.59           296    295    126     6.322     6.312     4.159     0.6588      0.6588      0.6582      0.4678
44      A         B           44           GLY           95.93           296    295    126     6.322     6.312     4.159     0.6867      0.6867      0.6861      0.5008
45      A         B           45           ASP           94.31           296    295    126     6.322     6.312     4.159     0.7195      0.7195      0.7189      0.5394
46      A         B           46           SER           88.35           296    295    126     6.322     6.312     4.159     0.6220      0.6220      0.6213      0.4312
47      A         B           47           PHE           90.36           296    295    126     6.322     6.312     4.159     0.6974      0.6974      0.6968      0.5136
48      A         B           48           THR           93.12           296    295    126     6.322     6.312     4.159     0.7260      0.7260      0.7254      0.5465
49      A         B           49           HIS           94.67           296    295    126     6.322     6.312     4.159     0.7043      0.7043      0.7037      0.5209
50      A         B           50           THR           96.05           296    295    126     6.322     6.312     4.159     0.7495      0.7495      0.7490      0.5756
51      A         B           51           PRO           97.46           296    295    126     6.322     6.312     4.159     0.7305      0.7305      0.7300      0.5505
52      A         B           52           PRO           97.30           296    295    126     6.322     6.312     4.159     0.7946      0.7946      0.7941      0.6340
53      A         B           53           LEU           98.15           296    295    126     6.322     6.312     4.159     0.8237      0.8237      0.8232      0.6757
54      A         B           54           ASP           97.39           296    295    126     6.322     6.312     4.159     0.7691      0.7691      0.7686      0.5978
55      A         B           55           PRO           95.89           296    295    126     6.322     6.312     4.159     0.7136      0.7136      0.7130      0.5267
56      A         B           56           GLN           96.11           296    295    126     6.322     6.312     4.159     0.6774      0.6774      0.6768      0.4842
57      A         B           57           GLU           97.04           296    295    126     6.322     6.312     4.159     0.7675      0.7675      0.7670      0.5939
58      A         B           58           LEU           97.36           296    295    126     6.322     6.312     4.159     0.8036      0.8036      0.8031      0.6441
59      A         B           59           ASP           96.62           296    295    126     6.322     6.312     4.159     0.7842      0.7842      0.7837      0.6174
60      A         B           60           ILE           97.20           296    295    126     6.322     6.312     4.159     0.8015      0.8015      0.8010      0.6405
61      A         B           61           LEU           98.28           296    295    126     6.322     6.312     4.159     0.8563      0.8563      0.8559      0.7241
62      A         B           62           LYS           97.50           296    295    126     6.322     6.312     4.159     0.8214      0.8214      0.8210      0.6701
63      A         B           63           THR           98.05           296    295    126     6.322     6.312     4.159     0.7835      0.7835      0.7829      0.6150
64      A         B           64           VAL           98.71           296    295    126     6.322     6.312     4.159     0.8712      0.8712      0.8708      0.7484
65      A         B           65           LYS           98.66           296    295    126     6.322     6.312     4.159     0.8242      0.8242      0.8237      0.6739
66      A         B           66           GLU           98.53           296    295    126     6.322     6.312     4.159     0.8844      0.8844      0.8841      0.7706
67      A         B           67           ILE           98.92           296    295    126     6.322     6.312     4.159     0.9130      0.9130      0.9127      0.8217
68      A         B           68           THR           98.68           296    295    126     6.322     6.312     4.159     0.8960      0.8960      0.8957      0.7912
69      A         B           69           GLY           98.12           296    295    126     6.322     6.312     4.159     0.8881      0.8881      0.8878      0.7783
70      A         B           70           PHE           97.87           296    295    126     6.322     6.312     4.159     0.9125      0.9125      0.9122      0.8214
71      A         B           71           LEU           98.88           296    295    126     6.322     6.312     4.159     0.9270      0.9270      0.9268      0.8484
72      A         B           72           LEU           97.71           296    295    126     6.322     6.312     4.159     0.9167      0.9167      0.9165      0.8296
73      A         B           73           ILE           98.66           296    295    126     6.322     6.312     4.159     0.9205      0.9205      0.9203      0.8365
74      A         B           74           GLN           96.67           296    295    126     6.322     6.312     4.159     0.8853      0.8853      0.8850      0.7745
75      A         B           75           ALA           97.27           296    295    126     6.322     6.312     4.159     0.8924      0.8924      0.8921      0.7860
76      A         B           76           TRP           98.23           296    295    126     6.322     6.312     4.159     0.8755      0.8755      0.8752      0.7572
77      A         B           77           PRO           96.46           296    295    126     6.322     6.312     4.159     0.7848      0.7848      0.7843      0.6188
78      A         B           78           GLU           90.82           296    295    126     6.322     6.312     4.159     0.5693      0.5693      0.5686      0.3747
79      A         B           79           ASN           90.88           296    295    126     6.322     6.312     4.159     0.4826      0.4826      0.4819      0.2976
80      A         B           80           ARG           95.13           296    295    126     6.322     6.312     4.159     0.6618      0.6618      0.6612      0.4650
81      A         B           81           THR           94.22           296    295    126     6.322     6.312     4.159     0.6199      0.6199      0.6192      0.4199
82      A         B           82           ASP           95.57           296    295    126     6.322     6.312     4.159     0.7229      0.7229      0.7223      0.5361
83      A         B           83           LEU           98.17           296    295    126     6.322     6.312     4.159     0.8166      0.8166      0.8162      0.6630
84      A         B           84           HIS           93.87           296    295    126     6.322     6.312     4.159     0.6370      0.6370      0.6363      0.4393
85      A         B           85           ALA           97.21           296    295    126     6.322     6.312     4.159     0.7575      0.7575      0.7569      0.5800
86      A         B           86           PHE           98.71           296    295    126     6.322     6.312     4.159     0.8593      0.8593      0.8589      0.7290
87      A         B           87           GLU           97.04           296    295    126     6.322     6.312     4.159     0.7808      0.7808      0.7803      0.6125
88      A         B           88           ASN           98.52           296    295    126     6.322     6.312     4.159     0.8420      0.8420      0.8416      0.7011
89      A         B           89           LEU           98.90           296    295    126     6.322     6.312     4.159     0.8888      0.8888      0.8885      0.7785
90      A         B           90           GLU           98.79           296    295    126     6.322     6.312     4.159     0.8569      0.8569      0.8565      0.7249
91      A         B           91           ILE           98.77           296    295    126     6.322     6.312     4.159     0.8787      0.8787      0.8784      0.7612
92      A         B           92           ILE           98.95           296    295    126     6.322     6.312     4.159     0.9110      0.9110      0.9108      0.8183
93      A         B           93           ARG           98.80           296    295    126     6.322     6.312     4.159     0.8816      0.8816      0.8813      0.7663
94      A         B           94           GLY           98.04           296    295    126     6.322     6.312     4.159     0.8662      0.8662      0.8659      0.7407
95      A         B           95           ARG           96.96           296    295    126     6.322     6.312     4.159     0.8324      0.8324      0.8320      0.6875
96      A         B           96           THR           94.75           296    295    126     6.322     6.312     4.159     0.8824      0.8824      0.8821      0.7686
97      A         B           97           LYS           94.49           296    295    126     6.322     6.312     4.159     0.8940      0.8940      0.8937      0.7888
98      A         B           98           GLN           95.91           296    295    126     6.322     6.312     4.159     0.8885      0.8885      0.8882      0.7794
99      A         B           99           HIS           94.66           296    295    126     6.322     6.312     4.159     0.8811      0.8811      0.8808      0.7673
100     A         B          100           GLY           93.92           296    295    126     6.322     6.312     4.159     0.8785      0.8785      0.8782      0.7624
101     A         B          101           GLN           95.07           296    295    126     6.322     6.312     4.159     0.8938      0.8938      0.8935      0.7887
102     A         B          102           PHE           97.73           296    295    126     6.322     6.312     4.159     0.9287      0.9287      0.9285      0.8519
103     A         B          103           SER           98.06           296    295    126     6.322     6.312     4.159     0.9030      0.9030      0.9028      0.8051
104     A         B          104           LEU           98.75           296    295    126     6.322     6.312     4.159     0.9256      0.9256      0.9254      0.8460
105     A         B          105           ALA           98.12           296    295    126     6.322     6.312     4.159     0.9143      0.9143      0.9140      0.8253
106     A         B          106           VAL           98.37           296    295    126     6.322     6.312     4.159     0.9122      0.9122      0.9120      0.8213
107     A         B          107           VAL           96.46           296    295    126     6.322     6.312     4.159     0.8508      0.8508      0.8504      0.7181
108     A         B          108           SER           95.01           296    295    126     6.322     6.312     4.159     0.8661      0.8661      0.8658      0.7422
109     A         B          109           LEU           97.94           296    295    126     6.322     6.312     4.159     0.8872      0.8872      0.8869      0.7768
110     A         B          110           ASN           95.90           296    295    126     6.322     6.312     4.159     0.8451      0.8451      0.8447      0.7083
111     A         B          111           ILE           97.20           296    295    126     6.322     6.312     4.159     0.8620      0.8620      0.8616      0.7343
112     A         B          112           THR           93.97           296    295    126     6.322     6.312     4.159     0.8206      0.8206      0.8202      0.6695
113     A         B          113           SER           93.91           296    295    126     6.322     6.312     4.159     0.7507      0.7507      0.7502      0.5716
114     A         B          114           LEU           96.86           296    295    126     6.322     6.312     4.159     0.8166      0.8166      0.8161      0.6629
115     A         B          115           GLY           95.42           296    295    126     6.322     6.312     4.159     0.6970      0.6970      0.6963      0.5054
116     A         B          116           LEU           97.04           296    295    126     6.322     6.312     4.159     0.7756      0.7756      0.7750      0.6040
117     A         B          117           ARG           91.63           296    295    126     6.322     6.312     4.159     0.5497      0.5497      0.5490      0.3536
118     A         B          118           SER           97.87           296    295    126     6.322     6.312     4.159     0.7848      0.7848      0.7843      0.6165
119     A         B          119           LEU           97.72           296    295    126     6.322     6.312     4.159     0.8499      0.8499      0.8495      0.7136
120     A         B          120           LYS           96.93           296    295    126     6.322     6.312     4.159     0.6915      0.6915      0.6909      0.4986
121     A         B          121           GLU           98.50           296    295    126     6.322     6.312     4.159     0.8604      0.8604      0.8601      0.7310
122     A         B          122           ILE           98.71           296    295    126     6.322     6.312     4.159     0.8929      0.8929      0.8926      0.7861
123     A         B          123           SER           98.36           296    295    126     6.322     6.312     4.159     0.8522      0.8522      0.8518      0.7180
124     A         B          124           ASP           96.01           296    295    126     6.322     6.312     4.159     0.8715      0.8715      0.8711      0.7500
125     A         B          125           GLY           96.64           296    295    126     6.322     6.312     4.159     0.8522      0.8522      0.8518      0.7201
126     A         B          126           ASP           96.99           296    295    126     6.322     6.312     4.159     0.9049      0.9049      0.9047      0.8081
127     A         B          127           VAL           98.17           296    295    126     6.322     6.312     4.159     0.9169      0.9169      0.9167      0.8298
128     A         B          128           ILE           97.88           296    295    126     6.322     6.312     4.159     0.9180      0.9180      0.9177      0.8319
129     A         B          129           ILE           97.97           296    295    126     6.322     6.312     4.159     0.9136      0.9136      0.9134      0.8237
130     A         B          130           SER           95.51           296    295    126     6.322     6.312     4.159     0.8198      0.8198      0.8194      0.6707
131     A         B          131           GLY           95.28           296    295    126     6.322     6.312     4.159     0.8405      0.8405      0.8401      0.7020
132     A         B          132           ASN           96.89           296    295    126     6.322     6.312     4.159     0.8627      0.8627      0.8623      0.7354
133     A         B          133           LYS           93.19           296    295    126     6.322     6.312     4.159     0.8037      0.8037      0.8033      0.6467
134     A         B          134           ASN           94.67           296    295    126     6.322     6.312     4.159     0.8160      0.8160      0.8155      0.6628
135     A         B          135           LEU           96.51           296    295    126     6.322     6.312     4.159     0.8306      0.8306      0.8302      0.6842
136     A         B          136           CYS           94.31           296    295    126     6.322     6.312     4.159     0.5784      0.5784      0.5777      0.3796
137     A         B          137           TYR           85.45           296    295    126     6.322     6.312     4.159     0.3378      0.3378      0.3371      0.1838
138     A         B          138           ALA           90.56           296    295    126     6.322     6.312     4.159     0.4374      0.4374      0.4367      0.2564
139     A         B          139           ASN           79.96           296    295    126     6.322     6.312     4.159     0.3812      0.3812      0.3805      0.2146
140     A         B          140           THR           83.61           296    295    126     6.322     6.312     4.159     0.3981      0.3981      0.3974      0.2269
141     A         B          141           ILE           93.01           296    295    126     6.322     6.312     4.159     0.5878      0.5878      0.5871      0.3881
142     A         B          142           ASN           93.91           296    295    126     6.322     6.312     4.159     0.6548      0.6548      0.6542      0.4583
143     A         B          143           TRP           96.83           296    295    126     6.322     6.312     4.159     0.7803      0.7803      0.7798      0.6121
144     A         B          144           LYS           94.04           296    295    126     6.322     6.312     4.159     0.7354      0.7354      0.7348      0.5527
145     A         B          145           LYS           95.36           296    295    126     6.322     6.312     4.159     0.6968      0.6968      0.6961      0.5065
146     A         B          146           LEU           97.47           296    295    126     6.322     6.312     4.159     0.8083      0.8083      0.8079      0.6511
147     A         B          147           PHE           97.48           296    295    126     6.322     6.312     4.159     0.8168      0.8168      0.8163      0.6638
148     A         B          148           GLY           97.22           296    295    126     6.322     6.312     4.159     0.5962      0.5962      0.5955      0.3985
149     A         B          149           THR           92.61           296    295    126     6.322     6.312     4.159     0.6140      0.6140      0.6133      0.4186
150     A         B          150           SER           90.05           296    295    126     6.322     6.312     4.159     0.5588      0.5588      0.5581      0.3672
151     A         B          151           GLY           90.78           296    295    126     6.322     6.312     4.159     0.6593      0.6593      0.6587      0.4686
152     A         B          152           GLN           96.19           296    295    126     6.322     6.312     4.159     0.7944      0.7944      0.7939      0.6340
153     A         B          153           LYS           91.50           296    295    126     6.322     6.312     4.159     0.6938      0.6938      0.6932      0.5100
154     A         B          154           THR           95.21           296    295    126     6.322     6.312     4.159     0.8093      0.8093      0.8089      0.6561
155     A         B          155           LYS           95.14           296    295    126     6.322     6.312     4.159     0.8368      0.8368      0.8364      0.6969
156     A         B          156           ILE           95.24           296    295    126     6.322     6.312     4.159     0.8399      0.8399      0.8395      0.7009
157     A         B          157           ILE           92.35           296    295    126     6.322     6.312     4.159     0.6920      0.6920      0.6914      0.5050
158     A         B          158           SER           92.22           296    295    126     6.322     6.312     4.159     0.7579      0.7579      0.7574      0.5845
159     A         B          159           ASN           95.19           296    295    126     6.322     6.312     4.159     0.7986      0.7986      0.7982      0.6375
160     A         B          160           ARG           93.78           296    295    126     6.322     6.312     4.159     0.6667      0.6667      0.6661      0.4716
161     A         B          161           GLY           90.19           296    295    126     6.322     6.312     4.159     0.4618      0.4618      0.4611      0.2779
162     A         B          162           GLU           84.37           296    295    126     6.322     6.312     4.159     0.4410      0.4410      0.4402      0.2602
163     A         B          163           ASN           89.92           296    295    126     6.322     6.312     4.159     0.3799      0.3799      0.3792      0.2132
164     A         B          164           SER           90.60           296    295    126     6.322     6.312     4.159     0.4200      0.4200      0.4193      0.2425
165     A         B          165           CYS           92.63           296    295    126     6.322     6.312     4.159     0.4401      0.4401      0.4393      0.2576
166     A         B          166           LYS           89.71           296    295    126     6.322     6.312     4.159     0.3903      0.3903      0.3896      0.2207
167     A         B          167           ALA           90.37           296    295    126     6.322     6.312     4.159     0.2827      0.2827      0.2821      0.1471
168     A         B          168           THR           82.51           296    295    120     6.322     6.312     4.050     0.1976      0.2005      0.2000      0.0938
169     A         B          169           GLY           81.62           296    295      6     6.322     6.312     1.000     0.1178      0.1701      0.1697      0.0051
170     A         B          170           GLN           67.01           296    295      0     6.322     6.312     1.000     0.0890      0.0000      0.0000      0.0000
171     B         A            1           MET           75.43           296    296     63     6.322     6.322     2.706     0.1445      0.1756      0.1756      0.0376
172     B         A            2           GLU           85.89           296    296    170     6.322     6.322     4.861     0.3587      0.3587      0.3587      0.2502
173     B         A            3           GLU           93.80           296    296    170     6.322     6.322     4.861     0.5179      0.5179      0.5179      0.3923
174     B         A            4           GLU           93.24           296    296    170     6.322     6.322     4.861     0.6724      0.6724      0.6724      0.5525
175     B         A            5           VAL           94.68           296    296    170     6.322     6.322     4.861     0.7521      0.7521      0.7521      0.6452
176     B         A            6           GLU           94.58           296    296    170     6.322     6.322     4.861     0.7292      0.7292      0.7292      0.6175
177     B         A            7           LYS           96.13           296    296    170     6.322     6.322     4.861     0.7416      0.7416      0.7416      0.6329
178     B         A            8           ALA           96.43           296    296    170     6.322     6.322     4.861     0.7819      0.7819      0.7819      0.6825
179     B         A            9           VAL           95.61           296    296    170     6.322     6.322     4.861     0.8022      0.8022      0.8022      0.7085
180     B         A           10           GLU           97.10           296    296    170     6.322     6.322     4.861     0.7415      0.7415      0.7415      0.6326
181     B         A           11           THR           96.18           296    296    170     6.322     6.322     4.861     0.7541      0.7541      0.7541      0.6482
182     B         A           12           ALA           95.68           296    296    170     6.322     6.322     4.861     0.7636      0.7636      0.7636      0.6599
183     B         A           13           LYS           95.84           296    296    170     6.322     6.322     4.861     0.7930      0.7930      0.7930      0.6968
184     B         A           14           LYS           97.13           296    296    170     6.322     6.322     4.861     0.7427      0.7427      0.7427      0.6344
185     B         A           15           LEU           96.40           296    296    170     6.322     6.322     4.861     0.7563      0.7563      0.7563      0.6511
186     B         A           16           ALA           94.44           296    296    170     6.322     6.322     4.861     0.6992      0.6992      0.6992      0.5833
187     B         A           17           LYS           95.85           296    296    170     6.322     6.322     4.861     0.7022      0.7022      0.7022      0.5866
188     B         A           18           GLU           95.75           296    296    170     6.322     6.322     4.861     0.6637      0.6637      0.6637      0.5431
189     B         A           19           ASN           94.53           296    296    170     6.322     6.322     4.861     0.7173      0.7173      0.7173      0.6047
190     B         A           20           GLY           95.61           296    296    170     6.322     6.322     4.861     0.6414      0.6414      0.6414      0.5191
191     B         A           21           ILE           95.38           296    296    170     6.322     6.322     4.861     0.7007      0.7007      0.7007      0.5852
192     B         A           22           SER           92.60           296    296    170     6.322     6.322     4.861     0.5908      0.5908      0.5908      0.4660
193     B         A           23           GLU           88.64           296    296    170     6.322     6.322     4.861     0.5579      0.5579      0.5579      0.4329
194     B         A           24           GLU           88.26           296    296    170     6.322     6.322     4.861     0.6205      0.6205      0.6205      0.4976
195     B         A           25           SER           93.05           296    296    170     6.322     6.322     4.861     0.6351      0.6351      0.6351      0.5128
196     B         A           26           LEU           94.24           296    296    170     6.322     6.322     4.861     0.7524      0.7524      0.7524      0.6468
197     B         A           27           SER           92.46           296    296    170     6.322     6.322     4.861     0.7975      0.7975      0.7975      0.7036
198     B         A           28           GLY           94.95           296    296    170     6.322     6.322     4.861     0.8087      0.8087      0.8087      0.7182
199     B         A           29           ILE           95.47           296    296    170     6.322     6.322     4.861     0.8317      0.8317      0.8317      0.7482
200     B         A           30           MET           95.21           296    296    170     6.322     6.322     4.861     0.8377      0.8377      0.8377      0.7565
201     B         A           31           SER           94.69           296    296    170     6.322     6.322     4.861     0.8704      0.8704      0.8704      0.8016
202     B         A           32           THR           95.98           296    296    170     6.322     6.322     4.861     0.8867      0.8867      0.8867      0.8246
203     B         A           33           GLY           97.34           296    296    170     6.322     6.322     4.861     0.8824      0.8824      0.8824      0.8185
204     B         A           34           VAL           96.93           296    296    170     6.322     6.322     4.861     0.9078      0.9078      0.9078      0.8554
205     B         A           35           PHE           97.23           296    296    170     6.322     6.322     4.861     0.9207      0.9207      0.9207      0.8747
206     B         A           36           LEU           96.93           296    296    170     6.322     6.322     4.861     0.9089      0.9089      0.9089      0.8570
207     B         A           37           HIS           96.84           296    296    170     6.322     6.322     4.861     0.9000      0.9000      0.9000      0.8440
208     B         A           38           SER           96.08           296    296    170     6.322     6.322     4.861     0.8484      0.8484      0.8484      0.7713
209     B         A           39           GLN           94.62           296    296    170     6.322     6.322     4.861     0.7964      0.7964      0.7964      0.7031
210     B         A           40           ASP           93.32           296    296    170     6.322     6.322     4.861     0.7057      0.7057      0.7057      0.5921
211     B         A           41           PRO           84.54           296    296    170     6.322     6.322     4.861     0.6159      0.6159      0.6159      0.4942
212     B         A           42           SER           90.59           296    296    170     6.322     6.322     4.861     0.5845      0.5845      0.5845      0.4614
213     B         A           43           MET           92.07           296    296    170     6.322     6.322     4.861     0.5895      0.5895      0.5895      0.4667
214     B         A           44           SER           96.46           296    296    170     6.322     6.322     4.861     0.7488      0.7488      0.7488      0.6424
215     B         A           45           LEU           96.86           296    296    170     6.322     6.322     4.861     0.8474      0.8474      0.8474      0.7693
216     B         A           46           GLU           97.02           296    296    170     6.322     6.322     4.861     0.8261      0.8261      0.8261      0.7406
217     B         A           47           GLU           96.69           296    296    170     6.322     6.322     4.861     0.8403      0.8403      0.8403      0.7600
218     B         A           48           SER           96.95           296    296    170     6.322     6.322     4.861     0.8445      0.8445      0.8445      0.7655
219     B         A           49           VAL           96.82           296    296    170     6.322     6.322     4.861     0.8423      0.8423      0.8423      0.7626
220     B         A           50           LYS           97.07           296    296    170     6.322     6.322     4.861     0.8271      0.8271      0.8271      0.7423
221     B         A           51           GLU           95.14           296    296    170     6.322     6.322     4.861     0.8333      0.8333      0.8333      0.7513
222     B         A           52           SER           95.32           296    296    170     6.322     6.322     4.861     0.8197      0.8197      0.8197      0.7329
223     B         A           53           ILE           96.28           296    296    170     6.322     6.322     4.861     0.8430      0.8430      0.8430      0.7637
224     B         A           54           GLU           93.98           296    296    170     6.322     6.322     4.861     0.7889      0.7889      0.7889      0.6937
225     B         A           55           SER           92.23           296    296    170     6.322     6.322     4.861     0.7840      0.7840      0.7840      0.6877
226     B         A           56           LEU           93.10           296    296    170     6.322     6.322     4.861     0.7820      0.7820      0.7820      0.6845
227     B         A           57           VAL           92.61           296    296    170     6.322     6.322     4.861     0.7419      0.7419      0.7419      0.6355
228     B         A           58           SER           87.44           296    296    170     6.322     6.322     4.861     0.6517      0.6517      0.6517      0.5332
229     B         A           59           HIS           89.12           296    296    170     6.322     6.322     4.861     0.6594      0.6594      0.6594      0.5411
230     B         A           60           GLY           89.01           296    296    170     6.322     6.322     4.861     0.5294      0.5294      0.5294      0.4083
231     B         A           61           LYS           85.04           296    296    170     6.322     6.322     4.861     0.4279      0.4279      0.4279      0.3136
232     B         A           62           LYS           86.68           296    296    170     6.322     6.322     4.861     0.4159      0.4159      0.4159      0.3024
233     B         A           63           ASP           88.79           296    296    170     6.322     6.322     4.861     0.4736      0.4736      0.4736      0.3533
234     B         A           64           ARG           88.59           296    296    170     6.322     6.322     4.861     0.5103      0.5103      0.5103      0.3876
235     B         A           65           GLY           89.26           296    296    170     6.322     6.322     4.861     0.4926      0.4926      0.4926      0.3709
236     B         A           66           ARG           86.95           296    296    170     6.322     6.322     4.861     0.6142      0.6142      0.6142      0.4929
237     B         A           67           ASP           89.05           296    296    170     6.322     6.322     4.861     0.6604      0.6604      0.6604      0.5429
238     B         A           68           ASP           87.70           296    296    170     6.322     6.322     4.861     0.7322      0.7322      0.7322      0.6265
239     B         A           69           PRO           89.37           296    296    170     6.322     6.322     4.861     0.7916      0.7916      0.7916      0.6994
240     B         A           70           LEU           88.31           296    296    170     6.322     6.322     4.861     0.8281      0.8281      0.8281      0.7450
241     B         A           71           SER           90.55           296    296    170     6.322     6.322     4.861     0.8367      0.8367      0.8367      0.7570
242     B         A           72           VAL           95.49           296    296    170     6.322     6.322     4.861     0.8795      0.8795      0.8795      0.8157
243     B         A           73           LYS           94.63           296    296    170     6.322     6.322     4.861     0.8802      0.8802      0.8802      0.8166
244     B         A           74           SER           93.63           296    296    170     6.322     6.322     4.861     0.8681      0.8681      0.8681      0.7993
245     B         A           75           THR           94.61           296    296    170     6.322     6.322     4.861     0.8821      0.8821      0.8821      0.8193
246     B         A           76           ALA           96.91           296    296    170     6.322     6.322     4.861     0.8846      0.8846      0.8846      0.8226
247     B         A           77           SER           94.90           296    296    170     6.322     6.322     4.861     0.8562      0.8562      0.8562      0.7829
248     B         A           78           SER           94.15           296    296    170     6.322     6.322     4.861     0.8224      0.8224      0.8224      0.7373
249     B         A           79           LEU           96.60           296    296    170     6.322     6.322     4.861     0.8754      0.8754      0.8754      0.8093
250     B         A           80           SER           95.61           296    296    170     6.322     6.322     4.861     0.8680      0.8680      0.8680      0.7982
251     B         A           81           PRO           96.42           296    296    170     6.322     6.322     4.861     0.8499      0.8499      0.8499      0.7730
252     B         A           82           GLU           94.24           296    296    170     6.322     6.322     4.861     0.8252      0.8252      0.8252      0.7398
253     B         A           83           SER           96.56           296    296    170     6.322     6.322     4.861     0.8666      0.8666      0.8666      0.7963
254     B         A           84           ARG           97.49           296    296    170     6.322     6.322     4.861     0.8782      0.8782      0.8782      0.8122
255     B         A           85           LEU           96.07           296    296    170     6.322     6.322     4.861     0.8734      0.8734      0.8734      0.8056
256     B         A           86           MET           96.42           296    296    170     6.322     6.322     4.861     0.8746      0.8746      0.8746      0.8072
257     B         A           87           MET           96.64           296    296    170     6.322     6.322     4.861     0.8746      0.8746      0.8746      0.8071
258     B         A           88           GLY           96.61           296    296    170     6.322     6.322     4.861     0.8612      0.8612      0.8612      0.7881
259     B         A           89           ARG           94.67           296    296    170     6.322     6.322     4.861     0.8353      0.8353      0.8353      0.7531
260     B         A           90           MET           94.14           296    296    170     6.322     6.322     4.861     0.7574      0.7574      0.7574      0.6525
261     B         A           91           ALA           95.16           296    296    170     6.322     6.322     4.861     0.8293      0.8293      0.8293      0.7444
262     B         A           92           LEU           94.08           296    296    170     6.322     6.322     4.861     0.8192      0.8192      0.8192      0.7312
263     B         A           93           SER           92.60           296    296    170     6.322     6.322     4.861     0.7268      0.7268      0.7268      0.6160
264     B         A           94           PHE           92.00           296    296    170     6.322     6.322     4.861     0.7195      0.7195      0.7195      0.6066
265     B         A           95           GLY           92.71           296    296    170     6.322     6.322     4.861     0.7081      0.7081      0.7081      0.5938
266     B         A           96           ASP           94.46           296    296    170     6.322     6.322     4.861     0.8073      0.8073      0.8073      0.7164
267     B         A           97           PHE           94.57           296    296    170     6.322     6.322     4.861     0.8041      0.8041      0.8041      0.7131
268     B         A           98           GLU           93.53           296    296    170     6.322     6.322     4.861     0.8347      0.8347      0.8347      0.7532
269     B         A           99           THR           95.32           296    296    170     6.322     6.322     4.861     0.8581      0.8581      0.8581      0.7846
270     B         A          100           VAL           96.61           296    296    170     6.322     6.322     4.861     0.8681      0.8681      0.8681      0.7984
271     B         A          101           ARG           96.36           296    296    170     6.322     6.322     4.861     0.8629      0.8629      0.8629      0.7918
272     B         A          102           ALA           96.37           296    296    170     6.322     6.322     4.861     0.8804      0.8804      0.8804      0.8159
273     B         A          103           VAL           97.49           296    296    170     6.322     6.322     4.861     0.8884      0.8884      0.8884      0.8274
274     B         A          104           ILE           97.72           296    296    170     6.322     6.322     4.861     0.8885      0.8885      0.8885      0.8274
275     B         A          105           GLU           95.16           296    296    170     6.322     6.322     4.861     0.8742      0.8742      0.8742      0.8076
276     B         A          106           GLY           96.62           296    296    170     6.322     6.322     4.861     0.8595      0.8595      0.8595      0.7869
277     B         A          107           ALA           97.15           296    296    170     6.322     6.322     4.861     0.8719      0.8719      0.8719      0.8039
278     B         A          108           ARG           95.16           296    296    170     6.322     6.322     4.861     0.8394      0.8394      0.8394      0.7597
279     B         A          109           ARG           92.96           296    296    170     6.322     6.322     4.861     0.8279      0.8279      0.8279      0.7445
280     B         A          110           ALA           94.26           296    296    170     6.322     6.322     4.861     0.8123      0.8123      0.8123      0.7239
281     B         A          111           GLY           92.67           296    296    170     6.322     6.322     4.861     0.7890      0.7890      0.7890      0.6942
282     B         A          112           ASP           96.09           296    296    170     6.322     6.322     4.861     0.8171      0.8171      0.8171      0.7294
283     B         A          113           LEU           95.73           296    296    170     6.322     6.322     4.861     0.7765      0.7765      0.7765      0.6772
284     B         A          114           GLU           95.86           296    296    170     6.322     6.322     4.861     0.7345      0.7345      0.7345      0.6257
285     B         A          115           THR           96.10           296    296    170     6.322     6.322     4.861     0.7897      0.7897      0.7897      0.6934
286     B         A          116           ALA           97.09           296    296    170     6.322     6.322     4.861     0.8071      0.8071      0.8071      0.7151
287     B         A          117           GLU           97.11           296    296    170     6.322     6.322     4.861     0.7906      0.7906      0.7906      0.6949
288     B         A          118           GLU           95.26           296    296    170     6.322     6.322     4.861     0.7860      0.7860      0.7860      0.6885
289     B         A          119           MET           96.18           296    296    170     6.322     6.322     4.861     0.7534      0.7534      0.7534      0.6478
290     B         A          120           GLU           97.07           296    296    170     6.322     6.322     4.861     0.7859      0.7859      0.7859      0.6880
291     B         A          121           LYS           95.78           296    296    170     6.322     6.322     4.861     0.7106      0.7106      0.7106      0.5977
292     B         A          122           MET           93.03           296    296    170     6.322     6.322     4.861     0.6459      0.6459      0.6459      0.5234
293     B         A          123           LEU           94.31           296    296    170     6.322     6.322     4.861     0.6067      0.6067      0.6067      0.4810
294     B         A          124           LYS           93.08           296    296    170     6.322     6.322     4.861     0.5092      0.5092      0.5092      0.3837
295     B         A          125           GLU           84.66           296    296    170     6.322     6.322     4.861     0.2991      0.2991      0.2991      0.2040
296     B         A          126           SER           75.27           296    296     85     6.322     6.322     3.310     0.1542      0.1786      0.1786      0.0564
