i   AlignChn ScoredChain  AlignResNum  AlignResType  AlignRespLDDT      n0chn  n0dom  n0res    d0chn     d0dom     d0res   ipTM_pae  ipSAE_d0chn ipSAE_d0dom    ipSAE 
1       A         B            1           LYS           92.16           296    295    126     6.322     6.312     4.159     0.3254      0.3254      0.3248      0.1752
2       A         B            2           VAL           97.18           296    295    126     6.322     6.312     4.159     0.7240      0.7240      0.7234      0.5378
3       A         B            3           CYS           96.94           296    295    126     6.322     6.312     4.159     0.8138      0.8138      0.8133      0.6591
4       A         B            4           ASN           96.71           296    295    126     6.322     6.312     4.159     0.8410      0.8410      0.8406      0.7004
5       A         B            5           GLY           97.44           296    295    126     6.322     6.312     4.159     0.8125      0.8125      0.8121      0.6600
6       A         B            6           ILE           95.05           296    295    126     6.322     6.312     4.159     0.8097      0.8097      0.8093      0.6555
7       A         B            7           GLY           92.30           296    295    126     6.322     6.312     4.159     0.7065      0.7065      0.7059      0.5197
8       A         B            8           ILE           91.43           296    295    126     6.322     6.312     4.159     0.7073      0.7073      0.7067      0.5215
9       A         B            9           GLY           93.08           296    295    126     6.322     6.312     4.159     0.6202      0.6202      0.6195      0.4217
10      A         B           10           GLU           89.52           296    295    126     6.322     6.312     4.159     0.5907      0.5907      0.5900      0.3954
11      A         B           11           PHE           94.48           296    295    126     6.322     6.312     4.159     0.7683      0.7683      0.7678      0.5978
12      A         B           12           LYS           92.17           296    295    126     6.322     6.312     4.159     0.7056      0.7056      0.7050      0.5222
13      A         B           13           ASP           87.12           296    295    126     6.322     6.312     4.159     0.6475      0.6475      0.6468      0.4604
14      A         B           14           THR           92.78           296    295    126     6.322     6.312     4.159     0.7805      0.7805      0.7800      0.6183
15      A         B           15           LEU           93.00           296    295    126     6.322     6.312     4.159     0.8235      0.8235      0.8231      0.6773
16      A         B           16           SER           95.16           296    295    126     6.322     6.312     4.159     0.8584      0.8584      0.8581      0.7310
17      A         B           17           ILE           95.72           296    295    126     6.322     6.312     4.159     0.8520      0.8520      0.8516      0.7192
18      A         B           18           ASN           94.44           296    295    126     6.322     6.312     4.159     0.8463      0.8463      0.8459      0.7096
19      A         B           19           ALA           96.40           296    295    126     6.322     6.312     4.159     0.8318      0.8318      0.8314      0.6876
20      A         B           20           THR           94.21           296    295    126     6.322     6.312     4.159     0.7555      0.7555      0.7549      0.5809
21      A         B           21           ASN           94.99           296    295    126     6.322     6.312     4.159     0.8261      0.8261      0.8257      0.6788
22      A         B           22           ILE           96.37           296    295    126     6.322     6.312     4.159     0.8170      0.8170      0.8166      0.6651
23      A         B           23           LYS           93.97           296    295    126     6.322     6.312     4.159     0.7178      0.7178      0.7172      0.5339
24      A         B           24           HIS           92.95           296    295    126     6.322     6.312     4.159     0.6565      0.6565      0.6558      0.4612
25      A         B           25           PHE           96.85           296    295    126     6.322     6.312     4.159     0.7962      0.7962      0.7957      0.6338
26      A         B           26           LYS           95.31           296    295    126     6.322     6.312     4.159     0.7298      0.7298      0.7292      0.5466
27      A         B           27           TYR           96.44           296    295    126     6.322     6.312     4.159     0.6287      0.6287      0.6280      0.4283
28      A         B           28           CYS           97.65           296    295    126     6.322     6.312     4.159     0.7770      0.7770      0.7765      0.6058
29      A         B           29           THR           98.02           296    295    126     6.322     6.312     4.159     0.7862      0.7862      0.7857      0.6191
30      A         B           30           ALA           98.28           296    295    126     6.322     6.312     4.159     0.8548      0.8548      0.8545      0.7215
31      A         B           31           ILE           98.39           296    295    126     6.322     6.312     4.159     0.8785      0.8785      0.8781      0.7607
32      A         B           32           SER           97.56           296    295    126     6.322     6.312     4.159     0.8417      0.8417      0.8413      0.7011
33      A         B           33           GLY           96.67           296    295    126     6.322     6.312     4.159     0.8365      0.8365      0.8361      0.6951
34      A         B           34           ASP           96.40           296    295    126     6.322     6.312     4.159     0.8628      0.8628      0.8624      0.7360
35      A         B           35           LEU           97.66           296    295    126     6.322     6.312     4.159     0.8720      0.8720      0.8716      0.7517
36      A         B           36           HIS           95.84           296    295    126     6.322     6.312     4.159     0.8395      0.8395      0.8391      0.7008
37      A         B           37           ILE           97.93           296    295    126     6.322     6.312     4.159     0.9020      0.9020      0.9018      0.8033
38      A         B           38           LEU           96.19           296    295    126     6.322     6.312     4.159     0.9014      0.9014      0.9012      0.8025
39      A         B           39           PRO           93.78           296    295    126     6.322     6.312     4.159     0.8789      0.8789      0.8786      0.7637
40      A         B           40           VAL           90.92           296    295    126     6.322     6.312     4.159     0.8500      0.8500      0.8496      0.7176
41      A         B           41           ALA           95.70           296    295    126     6.322     6.312     4.159     0.8654      0.8654      0.8651      0.7412
42      A         B           42           PHE           95.88           296    295    126     6.322     6.312     4.159     0.8495      0.8495      0.8491      0.7157
43      A         B           43           LYS           91.58           296    295    126     6.322     6.312     4.159     0.7096      0.7096      0.7090      0.5259
44      A         B           44           GLY           92.96           296    295    126     6.322     6.312     4.159     0.6999      0.6999      0.6993      0.5155
45      A         B           45           ASP           90.13           296    295    126     6.322     6.312     4.159     0.7141      0.7141      0.7135      0.5323
46      A         B           46           SER           84.52           296    295    126     6.322     6.312     4.159     0.6255      0.6255      0.6248      0.4344
47      A         B           47           PHE           86.52           296    295    126     6.322     6.312     4.159     0.7020      0.7020      0.7014      0.5179
48      A         B           48           THR           88.79           296    295    126     6.322     6.312     4.159     0.7230      0.7230      0.7224      0.5424
49      A         B           49           ARG           92.61           296    295    126     6.322     6.312     4.159     0.6908      0.6908      0.6902      0.5050
50      A         B           50           THR           93.80           296    295    126     6.322     6.312     4.159     0.7582      0.7582      0.7576      0.5865
51      A         B           51           PRO           95.69           296    295    126     6.322     6.312     4.159     0.7361      0.7361      0.7355      0.5572
52      A         B           52           PRO           95.46           296    295    126     6.322     6.312     4.159     0.7961      0.7961      0.7956      0.6358
53      A         B           53           LEU           97.15           296    295    126     6.322     6.312     4.159     0.8315      0.8315      0.8311      0.6873
54      A         B           54           ASP           95.84           296    295    126     6.322     6.312     4.159     0.7786      0.7786      0.7781      0.6105
55      A         B           55           PRO           95.29           296    295    126     6.322     6.312     4.159     0.7154      0.7154      0.7148      0.5289
56      A         B           56           ARG           95.16           296    295    126     6.322     6.312     4.159     0.6821      0.6821      0.6815      0.4897
57      A         B           57           GLU           96.10           296    295    126     6.322     6.312     4.159     0.7817      0.7817      0.7812      0.6132
58      A         B           58           LEU           97.32           296    295    126     6.322     6.312     4.159     0.8264      0.8264      0.8259      0.6777
59      A         B           59           GLU           96.02           296    295    126     6.322     6.312     4.159     0.7712      0.7712      0.7707      0.6001
60      A         B           60           ILE           96.20           296    295    126     6.322     6.312     4.159     0.7914      0.7914      0.7909      0.6262
61      A         B           61           LEU           97.78           296    295    126     6.322     6.312     4.159     0.8536      0.8536      0.8532      0.7198
62      A         B           62           LYS           97.06           296    295    126     6.322     6.312     4.159     0.8098      0.8098      0.8094      0.6534
63      A         B           63           THR           97.64           296    295    126     6.322     6.312     4.159     0.7745      0.7745      0.7740      0.6028
64      A         B           64           VAL           98.45           296    295    126     6.322     6.312     4.159     0.8690      0.8690      0.8686      0.7447
65      A         B           65           LYS           98.50           296    295    126     6.322     6.312     4.159     0.8331      0.8331      0.8327      0.6876
66      A         B           66           GLU           98.46           296    295    126     6.322     6.312     4.159     0.8841      0.8841      0.8838      0.7702
67      A         B           67           ILE           98.80           296    295    126     6.322     6.312     4.159     0.9103      0.9103      0.9101      0.8170
68      A         B           68           THR           98.35           296    295    126     6.322     6.312     4.159     0.8919      0.8919      0.8917      0.7842
69      A         B           69           GLY           97.59           296    295    126     6.322     6.312     4.159     0.8853      0.8853      0.8850      0.7737
70      A         B           70           PHE           97.45           296    295    126     6.322     6.312     4.159     0.9103      0.9103      0.9100      0.8175
71      A         B           71           LEU           98.74           296    295    126     6.322     6.312     4.159     0.9246      0.9246      0.9244      0.8440
72      A         B           72           LEU           97.26           296    295    126     6.322     6.312     4.159     0.9144      0.9144      0.9141      0.8254
73      A         B           73           ILE           98.44           296    295    126     6.322     6.312     4.159     0.9190      0.9190      0.9187      0.8338
74      A         B           74           GLN           96.33           296    295    126     6.322     6.312     4.159     0.8888      0.8888      0.8885      0.7805
75      A         B           75           ALA           96.37           296    295    126     6.322     6.312     4.159     0.8921      0.8921      0.8918      0.7856
76      A         B           76           TRP           97.70           296    295    126     6.322     6.312     4.159     0.8783      0.8783      0.8779      0.7617
77      A         B           77           PRO           96.19           296    295    126     6.322     6.312     4.159     0.7996      0.7996      0.7991      0.6396
78      A         B           78           ASP           87.60           296    295    126     6.322     6.312     4.159     0.5268      0.5268      0.5261      0.3357
79      A         B           79           ASN           91.18           296    295    126     6.322     6.312     4.159     0.5520      0.5520      0.5513      0.3575
80      A         B           80           TRP           96.18           296    295    126     6.322     6.312     4.159     0.7785      0.7785      0.7780      0.6094
81      A         B           81           THR           93.62           296    295    126     6.322     6.312     4.159     0.6618      0.6618      0.6611      0.4653
82      A         B           82           ASP           94.86           296    295    126     6.322     6.312     4.159     0.7645      0.7645      0.7640      0.5899
83      A         B           83           LEU           97.87           296    295    126     6.322     6.312     4.159     0.8517      0.8517      0.8513      0.7171
84      A         B           84           HIS           95.47           296    295    126     6.322     6.312     4.159     0.7623      0.7623      0.7617      0.5875
85      A         B           85           ALA           96.66           296    295    126     6.322     6.312     4.159     0.7965      0.7965      0.7960      0.6336
86      A         B           86           PHE           98.54           296    295    126     6.322     6.312     4.159     0.8691      0.8691      0.8687      0.7452
87      A         B           87           GLU           96.65           296    295    126     6.322     6.312     4.159     0.7907      0.7907      0.7902      0.6262
88      A         B           88           ASN           98.19           296    295    126     6.322     6.312     4.159     0.8425      0.8425      0.8421      0.7021
89      A         B           89           LEU           98.76           296    295    126     6.322     6.312     4.159     0.8888      0.8888      0.8885      0.7786
90      A         B           90           GLU           98.64           296    295    126     6.322     6.312     4.159     0.8553      0.8553      0.8549      0.7226
91      A         B           91           ILE           98.64           296    295    126     6.322     6.312     4.159     0.8785      0.8785      0.8781      0.7609
92      A         B           92           ILE           98.90           296    295    126     6.322     6.312     4.159     0.9091      0.9091      0.9089      0.8149
93      A         B           93           ARG           98.60           296    295    126     6.322     6.312     4.159     0.8752      0.8752      0.8749      0.7557
94      A         B           94           GLY           97.72           296    295    126     6.322     6.312     4.159     0.8616      0.8616      0.8613      0.7333
95      A         B           95           ARG           96.31           296    295    126     6.322     6.312     4.159     0.8214      0.8214      0.8209      0.6709
96      A         B           96           THR           93.67           296    295    126     6.322     6.312     4.159     0.8737      0.8737      0.8734      0.7541
97      A         B           97           LYS           93.86           296    295    126     6.322     6.312     4.159     0.8877      0.8877      0.8874      0.7782
98      A         B           98           GLN           95.08           296    295    126     6.322     6.312     4.159     0.8781      0.8781      0.8778      0.7621
99      A         B           99           HIS           93.87           296    295    126     6.322     6.312     4.159     0.8729      0.8729      0.8725      0.7537
100     A         B          100           GLY           93.22           296    295    126     6.322     6.312     4.159     0.8738      0.8738      0.8734      0.7546
101     A         B          101           GLN           94.54           296    295    126     6.322     6.312     4.159     0.8888      0.8888      0.8885      0.7803
102     A         B          102           PHE           97.48           296    295    126     6.322     6.312     4.159     0.9271      0.9271      0.9268      0.8490
103     A         B          103           SER           97.81           296    295    126     6.322     6.312     4.159     0.9002      0.9002      0.9000      0.8004
104     A         B          104           LEU           98.58           296    295    126     6.322     6.312     4.159     0.9243      0.9243      0.9241      0.8435
105     A         B          105           ALA           97.94           296    295    126     6.322     6.312     4.159     0.9138      0.9138      0.9136      0.8246
106     A         B          106           VAL           98.21           296    295    126     6.322     6.312     4.159     0.9130      0.9130      0.9127      0.8228
107     A         B          107           VAL           96.34           296    295    126     6.322     6.312     4.159     0.8571      0.8571      0.8567      0.7282
108     A         B          108           GLY           96.25           296    295    126     6.322     6.312     4.159     0.8628      0.8628      0.8625      0.7374
109     A         B          109           LEU           97.76           296    295    126     6.322     6.312     4.159     0.8906      0.8906      0.8903      0.7826
110     A         B          110           ASN           95.43           296    295    126     6.322     6.312     4.159     0.8544      0.8544      0.8540      0.7227
111     A         B          111           ILE           96.90           296    295    126     6.322     6.312     4.159     0.8655      0.8655      0.8651      0.7400
112     A         B          112           THR           93.11           296    295    126     6.322     6.312     4.159     0.8260      0.8260      0.8256      0.6777
113     A         B          113           SER           92.51           296    295    126     6.322     6.312     4.159     0.7325      0.7325      0.7319      0.5486
114     A         B          114           LEU           96.14           296    295    126     6.322     6.312     4.159     0.8168      0.8168      0.8164      0.6634
115     A         B          115           GLY           94.74           296    295    126     6.322     6.312     4.159     0.6794      0.6794      0.6788      0.4855
116     A         B          116           LEU           96.49           296    295    126     6.322     6.312     4.159     0.7696      0.7696      0.7690      0.5960
117     A         B          117           ARG           90.95           296    295    126     6.322     6.312     4.159     0.5360      0.5360      0.5353      0.3412
118     A         B          118           SER           97.36           296    295    126     6.322     6.312     4.159     0.7791      0.7791      0.7786      0.6087
119     A         B          119           LEU           97.14           296    295    126     6.322     6.312     4.159     0.8454      0.8454      0.8450      0.7067
120     A         B          120           LYS           96.42           296    295    126     6.322     6.312     4.159     0.6863      0.6863      0.6856      0.4924
121     A         B          121           GLU           98.10           296    295    126     6.322     6.312     4.159     0.8498      0.8498      0.8494      0.7145
122     A         B          122           ILE           98.51           296    295    126     6.322     6.312     4.159     0.8896      0.8896      0.8893      0.7803
123     A         B          123           SER           98.06           296    295    126     6.322     6.312     4.159     0.8477      0.8477      0.8473      0.7111
124     A         B          124           ASP           95.56           296    295    126     6.322     6.312     4.159     0.8672      0.8672      0.8668      0.7432
125     A         B          125           GLY           96.32           296    295    126     6.322     6.312     4.159     0.8550      0.8550      0.8547      0.7251
126     A         B          126           ASP           96.89           296    295    126     6.322     6.312     4.159     0.9073      0.9073      0.9070      0.8124
127     A         B          127           VAL           97.85           296    295    126     6.322     6.312     4.159     0.9145      0.9145      0.9143      0.8256
128     A         B          128           ILE           97.75           296    295    126     6.322     6.312     4.159     0.9172      0.9172      0.9170      0.8307
129     A         B          129           ILE           97.55           296    295    126     6.322     6.312     4.159     0.9131      0.9131      0.9129      0.8229
130     A         B          130           SER           95.54           296    295    126     6.322     6.312     4.159     0.8067      0.8067      0.8063      0.6521
131     A         B          131           GLY           95.50           296    295    126     6.322     6.312     4.159     0.8325      0.8325      0.8320      0.6901
132     A         B          132           ASN           96.80           296    295    126     6.322     6.312     4.159     0.8551      0.8551      0.8547      0.7235
133     A         B          133           ARG           90.47           296    295    126     6.322     6.312     4.159     0.7590      0.7590      0.7585      0.5860
134     A         B          134           ASN           93.71           296    295    126     6.322     6.312     4.159     0.8122      0.8122      0.8118      0.6576
135     A         B          135           LEU           95.84           296    295    126     6.322     6.312     4.159     0.8412      0.8412      0.8408      0.7006
136     A         B          136           CYS           92.53           296    295    126     6.322     6.312     4.159     0.6653      0.6653      0.6647      0.4701
137     A         B          137           TYR           85.68           296    295    126     6.322     6.312     4.159     0.4470      0.4470      0.4463      0.2637
138     A         B          138           ALA           87.94           296    295    126     6.322     6.312     4.159     0.5312      0.5312      0.5305      0.3356
139     A         B          139           ASN           78.58           296    295    126     6.322     6.312     4.159     0.4872      0.4872      0.4865      0.2970
140     A         B          140           THR           81.58           296    295    126     6.322     6.312     4.159     0.4580      0.4580      0.4573      0.2735
141     A         B          141           ILE           90.16           296    295    126     6.322     6.312     4.159     0.6251      0.6251      0.6244      0.4259
142     A         B          142           ASN           92.91           296    295    126     6.322     6.312     4.159     0.6742      0.6742      0.6735      0.4801
143     A         B          143           TRP           95.98           296    295    126     6.322     6.312     4.159     0.7948      0.7948      0.7943      0.6325
144     A         B          144           LYS           93.86           296    295    126     6.322     6.312     4.159     0.7408      0.7408      0.7402      0.5598
145     A         B          145           LYS           94.58           296    295    126     6.322     6.312     4.159     0.7159      0.7159      0.7153      0.5295
146     A         B          146           LEU           96.56           296    295    126     6.322     6.312     4.159     0.8143      0.8143      0.8139      0.6601
147     A         B          147           PHE           97.35           296    295    126     6.322     6.312     4.159     0.8271      0.8271      0.8266      0.6794
148     A         B          148           GLY           96.74           296    295    126     6.322     6.312     4.159     0.6430      0.6430      0.6423      0.4468
149     A         B          149           THR           92.21           296    295    126     6.322     6.312     4.159     0.6610      0.6610      0.6603      0.4679
150     A         B          150           PRO           92.65           296    295    126     6.322     6.312     4.159     0.6334      0.6334      0.6328      0.4406
151     A         B          151           ASN           87.47           296    295    126     6.322     6.312     4.159     0.6985      0.6985      0.6979      0.5129
152     A         B          152           GLN           95.62           296    295    126     6.322     6.312     4.159     0.8299      0.8299      0.8295      0.6853
153     A         B          153           LYS           93.12           296    295    126     6.322     6.312     4.159     0.7866      0.7866      0.7862      0.6248
154     A         B          154           THR           95.10           296    295    126     6.322     6.312     4.159     0.8240      0.8240      0.8236      0.6775
155     A         B          155           LYS           95.26           296    295    126     6.322     6.312     4.159     0.8503      0.8503      0.8499      0.7177
156     A         B          156           ILE           94.87           296    295    126     6.322     6.312     4.159     0.8455      0.8455      0.8451      0.7098
157     A         B          157           MET           92.76           296    295    126     6.322     6.312     4.159     0.6752      0.6752      0.6745      0.4852
158     A         B          158           ASN           93.56           296    295    126     6.322     6.312     4.159     0.7933      0.7933      0.7928      0.6323
159     A         B          159           ASN           94.98           296    295    126     6.322     6.312     4.159     0.8333      0.8333      0.8329      0.6889
160     A         B          160           ARG           91.72           296    295    126     6.322     6.312     4.159     0.7480      0.7480      0.7474      0.5692
161     A         B          161           ALA           89.76           296    295    126     6.322     6.312     4.159     0.5947      0.5947      0.5940      0.3972
162     A         B          162           GLU           84.84           296    295    126     6.322     6.312     4.159     0.5268      0.5268      0.5261      0.3326
163     A         B          163           LYS           89.34           296    295    126     6.322     6.312     4.159     0.4736      0.4736      0.4729      0.2855
164     A         B          164           ASP           88.93           296    295    126     6.322     6.312     4.159     0.4978      0.4978      0.4971      0.3050
165     A         B          165           CYS           90.28           296    295    126     6.322     6.312     4.159     0.5207      0.5207      0.5200      0.3249
166     A         B          166           LYS           86.18           296    295    126     6.322     6.312     4.159     0.4230      0.4230      0.4223      0.2446
167     A         B          167           ALA           81.50           296    295    126     6.322     6.312     4.159     0.2879      0.2879      0.2873      0.1502
168     A         B          168           VAL           74.24           296    295    122     6.322     6.312     4.087     0.1941      0.1958      0.1953      0.0928
169     A         B          169           ASN           65.73           296    295      6     6.322     6.312     1.000     0.1169      0.1694      0.1690      0.0051
170     A         B          170           HIS           55.58           296    295      0     6.322     6.312     1.000     0.0857      0.0000      0.0000      0.0000
171     B         A            1           MET           75.96           296    296     58     6.322     6.322     2.544     0.1419      0.1747      0.1747      0.0332
172     B         A            2           GLU           86.70           296    296    170     6.322     6.322     4.861     0.3433      0.3433      0.3433      0.2377
173     B         A            3           GLU           94.12           296    296    170     6.322     6.322     4.861     0.4963      0.4963      0.4963      0.3720
174     B         A            4           GLU           93.17           296    296    170     6.322     6.322     4.861     0.6380      0.6380      0.6380      0.5147
175     B         A            5           VAL           94.77           296    296    170     6.322     6.322     4.861     0.7473      0.7473      0.7473      0.6396
176     B         A            6           GLU           94.74           296    296    170     6.322     6.322     4.861     0.7258      0.7258      0.7258      0.6137
177     B         A            7           LYS           96.27           296    296    170     6.322     6.322     4.861     0.7431      0.7431      0.7431      0.6350
178     B         A            8           ALA           96.51           296    296    170     6.322     6.322     4.861     0.7846      0.7846      0.7846      0.6861
179     B         A            9           VAL           95.70           296    296    170     6.322     6.322     4.861     0.8000      0.8000      0.8000      0.7059
180     B         A           10           GLU           97.01           296    296    170     6.322     6.322     4.861     0.7395      0.7395      0.7395      0.6303
181     B         A           11           THR           96.02           296    296    170     6.322     6.322     4.861     0.7549      0.7549      0.7549      0.6493
182     B         A           12           ALA           95.81           296    296    170     6.322     6.322     4.861     0.7737      0.7737      0.7737      0.6728
183     B         A           13           LYS           95.52           296    296    170     6.322     6.322     4.861     0.7904      0.7904      0.7904      0.6937
184     B         A           14           LYS           96.84           296    296    170     6.322     6.322     4.861     0.7426      0.7426      0.7426      0.6345
185     B         A           15           LEU           96.44           296    296    170     6.322     6.322     4.861     0.7675      0.7675      0.7675      0.6652
186     B         A           16           ALA           94.35           296    296    170     6.322     6.322     4.861     0.7040      0.7040      0.7040      0.5888
187     B         A           17           LYS           95.90           296    296    170     6.322     6.322     4.861     0.7076      0.7076      0.7076      0.5930
188     B         A           18           GLU           95.46           296    296    170     6.322     6.322     4.861     0.6651      0.6651      0.6651      0.5450
189     B         A           19           ASN           94.19           296    296    170     6.322     6.322     4.861     0.7139      0.7139      0.7139      0.6010
190     B         A           20           GLY           95.23           296    296    170     6.322     6.322     4.861     0.6280      0.6280      0.6280      0.5049
191     B         A           21           ILE           94.87           296    296    170     6.322     6.322     4.861     0.6865      0.6865      0.6865      0.5692
192     B         A           22           SER           91.57           296    296    170     6.322     6.322     4.861     0.5711      0.5711      0.5711      0.4460
193     B         A           23           GLU           87.99           296    296    170     6.322     6.322     4.861     0.5449      0.5449      0.5449      0.4200
194     B         A           24           GLU           87.51           296    296    170     6.322     6.322     4.861     0.6062      0.6062      0.6062      0.4827
195     B         A           25           SER           92.20           296    296    170     6.322     6.322     4.861     0.6217      0.6217      0.6217      0.4987
196     B         A           26           LEU           93.40           296    296    170     6.322     6.322     4.861     0.7315      0.7315      0.7315      0.6218
197     B         A           27           SER           91.82           296    296    170     6.322     6.322     4.861     0.7806      0.7806      0.7806      0.6824
198     B         A           28           GLY           94.50           296    296    170     6.322     6.322     4.861     0.7862      0.7862      0.7862      0.6896
199     B         A           29           ILE           94.70           296    296    170     6.322     6.322     4.861     0.8082      0.8082      0.8082      0.7175
200     B         A           30           MET           93.90           296    296    170     6.322     6.322     4.861     0.8274      0.8274      0.8274      0.7431
201     B         A           31           SER           94.25           296    296    170     6.322     6.322     4.861     0.8632      0.8632      0.8632      0.7919
202     B         A           32           THR           95.66           296    296    170     6.322     6.322     4.861     0.8870      0.8870      0.8870      0.8252
203     B         A           33           GLY           97.28           296    296    170     6.322     6.322     4.861     0.8863      0.8863      0.8863      0.8244
204     B         A           34           VAL           97.16           296    296    170     6.322     6.322     4.861     0.9131      0.9131      0.9131      0.8635
205     B         A           35           PHE           97.28           296    296    170     6.322     6.322     4.861     0.9242      0.9242      0.9242      0.8802
206     B         A           36           LEU           97.25           296    296    170     6.322     6.322     4.861     0.9144      0.9144      0.9144      0.8654
207     B         A           37           HIS           97.11           296    296    170     6.322     6.322     4.861     0.9045      0.9045      0.9045      0.8508
208     B         A           38           SER           96.27           296    296    170     6.322     6.322     4.861     0.8530      0.8530      0.8530      0.7777
209     B         A           39           GLN           95.12           296    296    170     6.322     6.322     4.861     0.8055      0.8055      0.8055      0.7150
210     B         A           40           ASP           94.09           296    296    170     6.322     6.322     4.861     0.7030      0.7030      0.7030      0.5891
211     B         A           41           PRO           86.14           296    296    170     6.322     6.322     4.861     0.6101      0.6101      0.6101      0.4882
212     B         A           42           SER           91.51           296    296    170     6.322     6.322     4.861     0.5887      0.5887      0.5887      0.4657
213     B         A           43           MET           92.99           296    296    170     6.322     6.322     4.861     0.5913      0.5913      0.5913      0.4688
214     B         A           44           SER           96.53           296    296    170     6.322     6.322     4.861     0.7461      0.7461      0.7461      0.6395
215     B         A           45           LEU           96.95           296    296    170     6.322     6.322     4.861     0.8508      0.8508      0.8508      0.7741
216     B         A           46           GLU           97.14           296    296    170     6.322     6.322     4.861     0.8305      0.8305      0.8305      0.7467
217     B         A           47           GLU           96.87           296    296    170     6.322     6.322     4.861     0.8436      0.8436      0.8436      0.7649
218     B         A           48           SER           97.16           296    296    170     6.322     6.322     4.861     0.8498      0.8498      0.8498      0.7731
219     B         A           49           VAL           96.87           296    296    170     6.322     6.322     4.861     0.8568      0.8568      0.8568      0.7827
220     B         A           50           LYS           97.18           296    296    170     6.322     6.322     4.861     0.8347      0.8347      0.8347      0.7528
221     B         A           51           GLU           95.65           296    296    170     6.322     6.322     4.861     0.8454      0.8454      0.8454      0.7676
222     B         A           52           SER           95.03           296    296    170     6.322     6.322     4.861     0.8241      0.8241      0.8241      0.7390
223     B         A           53           ILE           95.86           296    296    170     6.322     6.322     4.861     0.8423      0.8423      0.8423      0.7630
224     B         A           54           GLU           93.98           296    296    170     6.322     6.322     4.861     0.7809      0.7809      0.7809      0.6839
225     B         A           55           SER           91.81           296    296    170     6.322     6.322     4.861     0.7776      0.7776      0.7776      0.6802
226     B         A           56           LEU           91.71           296    296    170     6.322     6.322     4.861     0.7692      0.7692      0.7692      0.6690
227     B         A           57           VAL           92.26           296    296    170     6.322     6.322     4.861     0.7348      0.7348      0.7348      0.6273
228     B         A           58           SER           88.75           296    296    170     6.322     6.322     4.861     0.6577      0.6577      0.6577      0.5401
229     B         A           59           HIS           89.26           296    296    170     6.322     6.322     4.861     0.6768      0.6768      0.6768      0.5609
230     B         A           60           GLY           88.53           296    296    170     6.322     6.322     4.861     0.5284      0.5284      0.5284      0.4082
231     B         A           61           LYS           85.12           296    296    170     6.322     6.322     4.861     0.4321      0.4321      0.4321      0.3173
232     B         A           62           LYS           84.42           296    296    170     6.322     6.322     4.861     0.3982      0.3982      0.3982      0.2878
233     B         A           63           ASP           87.06           296    296    170     6.322     6.322     4.861     0.4349      0.4349      0.4349      0.3185
234     B         A           64           ARG           86.40           296    296    170     6.322     6.322     4.861     0.4600      0.4600      0.4600      0.3412
235     B         A           65           GLY           88.15           296    296    170     6.322     6.322     4.861     0.4614      0.4614      0.4614      0.3422
236     B         A           66           ARG           86.69           296    296    170     6.322     6.322     4.861     0.5909      0.5909      0.5909      0.4689
237     B         A           67           ASP           88.78           296    296    170     6.322     6.322     4.861     0.6497      0.6497      0.6497      0.5312
238     B         A           68           ASP           86.18           296    296    170     6.322     6.322     4.861     0.7125      0.7125      0.7125      0.6043
239     B         A           69           PRO           90.35           296    296    170     6.322     6.322     4.861     0.8069      0.8069      0.8069      0.7188
240     B         A           70           LEU           88.93           296    296    170     6.322     6.322     4.861     0.8519      0.8519      0.8519      0.7772
241     B         A           71           SER           89.00           296    296    170     6.322     6.322     4.861     0.8414      0.8414      0.8414      0.7633
242     B         A           72           VAL           94.95           296    296    170     6.322     6.322     4.861     0.8816      0.8816      0.8816      0.8188
243     B         A           73           LYS           94.13           296    296    170     6.322     6.322     4.861     0.8828      0.8828      0.8828      0.8204
244     B         A           74           SER           92.63           296    296    170     6.322     6.322     4.861     0.8627      0.8627      0.8627      0.7919
245     B         A           75           THR           94.15           296    296    170     6.322     6.322     4.861     0.8754      0.8754      0.8754      0.8101
246     B         A           76           ALA           96.25           296    296    170     6.322     6.322     4.861     0.8832      0.8832      0.8832      0.8208
247     B         A           77           SER           93.90           296    296    170     6.322     6.322     4.861     0.8534      0.8534      0.8534      0.7792
248     B         A           78           SER           93.52           296    296    170     6.322     6.322     4.861     0.8125      0.8125      0.8125      0.7246
249     B         A           79           LEU           96.33           296    296    170     6.322     6.322     4.861     0.8754      0.8754      0.8754      0.8096
250     B         A           80           SER           95.14           296    296    170     6.322     6.322     4.861     0.8661      0.8661      0.8661      0.7957
251     B         A           81           PRO           95.86           296    296    170     6.322     6.322     4.861     0.8439      0.8439      0.8439      0.7649
252     B         A           82           GLU           93.73           296    296    170     6.322     6.322     4.861     0.8083      0.8083      0.8083      0.7177
253     B         A           83           SER           96.33           296    296    170     6.322     6.322     4.861     0.8622      0.8622      0.8622      0.7903
254     B         A           84           ARG           96.97           296    296    170     6.322     6.322     4.861     0.8729      0.8729      0.8729      0.8049
255     B         A           85           LEU           95.36           296    296    170     6.322     6.322     4.861     0.8621      0.8621      0.8621      0.7899
256     B         A           86           MET           96.12           296    296    170     6.322     6.322     4.861     0.8673      0.8673      0.8673      0.7970
257     B         A           87           MET           96.18           296    296    170     6.322     6.322     4.861     0.8658      0.8658      0.8658      0.7950
258     B         A           88           GLY           96.46           296    296    170     6.322     6.322     4.861     0.8563      0.8563      0.8563      0.7814
259     B         A           89           ARG           94.47           296    296    170     6.322     6.322     4.861     0.8285      0.8285      0.8285      0.7442
260     B         A           90           MET           94.48           296    296    170     6.322     6.322     4.861     0.7804      0.7804      0.7804      0.6815
261     B         A           91           ALA           94.84           296    296    170     6.322     6.322     4.861     0.8186      0.8186      0.8186      0.7305
262     B         A           92           LEU           93.68           296    296    170     6.322     6.322     4.861     0.8087      0.8087      0.8087      0.7176
263     B         A           93           SER           92.18           296    296    170     6.322     6.322     4.861     0.7179      0.7179      0.7179      0.6058
264     B         A           94           PHE           91.80           296    296    170     6.322     6.322     4.861     0.6974      0.6974      0.6974      0.5811
265     B         A           95           GLY           92.52           296    296    170     6.322     6.322     4.861     0.6913      0.6913      0.6913      0.5745
266     B         A           96           ASP           94.14           296    296    170     6.322     6.322     4.861     0.8036      0.8036      0.8036      0.7117
267     B         A           97           PHE           94.50           296    296    170     6.322     6.322     4.861     0.8090      0.8090      0.8090      0.7194
268     B         A           98           GLU           93.62           296    296    170     6.322     6.322     4.861     0.8344      0.8344      0.8344      0.7530
269     B         A           99           THR           95.09           296    296    170     6.322     6.322     4.861     0.8564      0.8564      0.8564      0.7824
270     B         A          100           VAL           96.38           296    296    170     6.322     6.322     4.861     0.8647      0.8647      0.8647      0.7938
271     B         A          101           ARG           96.13           296    296    170     6.322     6.322     4.861     0.8592      0.8592      0.8592      0.7869
272     B         A          102           ALA           96.17           296    296    170     6.322     6.322     4.861     0.8767      0.8767      0.8767      0.8107
273     B         A          103           VAL           97.21           296    296    170     6.322     6.322     4.861     0.8856      0.8856      0.8856      0.8236
274     B         A          104           ILE           97.09           296    296    170     6.322     6.322     4.861     0.8754      0.8754      0.8754      0.8089
275     B         A          105           GLU           94.37           296    296    170     6.322     6.322     4.861     0.8671      0.8671      0.8671      0.7979
276     B         A          106           GLY           95.59           296    296    170     6.322     6.322     4.861     0.8535      0.8535      0.8535      0.7787
277     B         A          107           ALA           96.08           296    296    170     6.322     6.322     4.861     0.8650      0.8650      0.8650      0.7944
278     B         A          108           ARG           93.45           296    296    170     6.322     6.322     4.861     0.8306      0.8306      0.8306      0.7480
279     B         A          109           ARG           91.32           296    296    170     6.322     6.322     4.861     0.8257      0.8257      0.8257      0.7415
280     B         A          110           ALA           92.28           296    296    170     6.322     6.322     4.861     0.8091      0.8091      0.8091      0.7198
281     B         A          111           GLY           90.64           296    296    170     6.322     6.322     4.861     0.7835      0.7835      0.7835      0.6873
282     B         A          112           ASP           94.73           296    296    170     6.322     6.322     4.861     0.8166      0.8166      0.8166      0.7289
283     B         A          113           LEU           94.39           296    296    170     6.322     6.322     4.861     0.7788      0.7788      0.7788      0.6801
284     B         A          114           GLU           95.88           296    296    170     6.322     6.322     4.861     0.7460      0.7460      0.7460      0.6394
285     B         A          115           THR           95.56           296    296    170     6.322     6.322     4.861     0.7857      0.7857      0.7857      0.6884
286     B         A          116           ALA           96.27           296    296    170     6.322     6.322     4.861     0.8002      0.8002      0.8002      0.7063
287     B         A          117           GLU           96.57           296    296    170     6.322     6.322     4.861     0.7793      0.7793      0.7793      0.6806
288     B         A          118           GLU           94.95           296    296    170     6.322     6.322     4.861     0.7734      0.7734      0.7734      0.6727
289     B         A          119           MET           95.43           296    296    170     6.322     6.322     4.861     0.7409      0.7409      0.7409      0.6328
290     B         A          120           GLU           96.53           296    296    170     6.322     6.322     4.861     0.7677      0.7677      0.7677      0.6651
291     B         A          121           LYS           95.77           296    296    170     6.322     6.322     4.861     0.6892      0.6892      0.6892      0.5736
292     B         A          122           MET           92.65           296    296    170     6.322     6.322     4.861     0.6495      0.6495      0.6495      0.5275
293     B         A          123           LEU           93.68           296    296    170     6.322     6.322     4.861     0.6041      0.6041      0.6041      0.4784
294     B         A          124           LYS           93.53           296    296    170     6.322     6.322     4.861     0.5200      0.5200      0.5200      0.3942
295     B         A          125           GLU           85.92           296    296    170     6.322     6.322     4.861     0.3188      0.3188      0.3188      0.2197
296     B         A          126           SER           77.49           296    296     96     6.322     6.322     3.565     0.1634      0.1854      0.1854      0.0677
