i   AlignChn ScoredChain  AlignResNum  AlignResType  AlignRespLDDT      n0chn  n0dom  n0res    d0chn     d0dom     d0res   ipTM_pae  ipSAE_d0chn ipSAE_d0dom    ipSAE 
1       A         B            1           LYS           90.72           269    269     99     6.053     6.053     3.631     0.3117      0.3117      0.3117      0.1424
2       A         B            2           VAL           97.11           269    269     99     6.053     6.053     3.631     0.6943      0.6943      0.6943      0.4578
3       A         B            3           CYS           97.61           269    269     99     6.053     6.053     3.631     0.8129      0.8129      0.8129      0.6165
4       A         B            4           ASN           97.54           269    269     99     6.053     6.053     3.631     0.8358      0.8358      0.8358      0.6536
5       A         B            5           GLY           98.31           269    269     99     6.053     6.053     3.631     0.8135      0.8135      0.8135      0.6210
6       A         B            6           ILE           97.39           269    269     99     6.053     6.053     3.631     0.8326      0.8326      0.8326      0.6505
7       A         B            7           GLY           94.72           269    269     99     6.053     6.053     3.631     0.6938      0.6938      0.6938      0.4598
8       A         B            8           ILE           92.38           269    269     99     6.053     6.053     3.631     0.6842      0.6842      0.6842      0.4509
9       A         B            9           GLY           94.94           269    269     99     6.053     6.053     3.631     0.6175      0.6175      0.6175      0.3755
10      A         B           10           GLU           92.53           269    269     99     6.053     6.053     3.631     0.5873      0.5873      0.5873      0.3487
11      A         B           11           PHE           95.81           269    269     99     6.053     6.053     3.631     0.7395      0.7395      0.7395      0.5150
12      A         B           12           LYS           93.79           269    269     99     6.053     6.053     3.631     0.6975      0.6975      0.6975      0.4653
13      A         B           13           ASP           91.94           269    269     99     6.053     6.053     3.631     0.6651      0.6651      0.6651      0.4345
14      A         B           14           SER           95.25           269    269     99     6.053     6.053     3.631     0.7633      0.7633      0.7633      0.5536
15      A         B           15           LEU           95.29           269    269     99     6.053     6.053     3.631     0.7819      0.7819      0.7819      0.5759
16      A         B           16           SER           97.57           269    269     99     6.053     6.053     3.631     0.8423      0.8423      0.8423      0.6673
17      A         B           17           ILE           97.79           269    269     99     6.053     6.053     3.631     0.8537      0.8537      0.8537      0.6858
18      A         B           18           ASN           97.42           269    269     99     6.053     6.053     3.631     0.8183      0.8183      0.8183      0.6272
19      A         B           19           ALA           97.82           269    269     99     6.053     6.053     3.631     0.8036      0.8036      0.8036      0.6051
20      A         B           20           THR           95.82           269    269     99     6.053     6.053     3.631     0.6922      0.6922      0.6922      0.4595
21      A         B           21           ASN           96.16           269    269     99     6.053     6.053     3.631     0.7993      0.7993      0.7993      0.5987
22      A         B           22           ILE           97.22           269    269     99     6.053     6.053     3.631     0.7901      0.7901      0.7901      0.5838
23      A         B           23           LYS           93.65           269    269     99     6.053     6.053     3.631     0.6739      0.6739      0.6739      0.4395
24      A         B           24           HIS           93.91           269    269     99     6.053     6.053     3.631     0.6446      0.6446      0.6446      0.4044
25      A         B           25           PHE           97.56           269    269     99     6.053     6.053     3.631     0.7995      0.7995      0.7995      0.5965
26      A         B           26           LYS           96.33           269    269     99     6.053     6.053     3.631     0.7564      0.7564      0.7564      0.5359
27      A         B           27           ASN           95.21           269    269     99     6.053     6.053     3.631     0.6611      0.6611      0.6611      0.4192
28      A         B           28           CYS           98.20           269    269     99     6.053     6.053     3.631     0.7781      0.7781      0.7781      0.5644
29      A         B           29           THR           98.36           269    269     99     6.053     6.053     3.631     0.7786      0.7786      0.7786      0.5652
30      A         B           30           SER           98.49           269    269     99     6.053     6.053     3.631     0.8435      0.8435      0.8435      0.6647
31      A         B           31           ILE           98.71           269    269     99     6.053     6.053     3.631     0.8781      0.8781      0.8781      0.7270
32      A         B           32           SER           97.99           269    269     99     6.053     6.053     3.631     0.8466      0.8466      0.8466      0.6707
33      A         B           33           GLY           97.96           269    269     99     6.053     6.053     3.631     0.8474      0.8474      0.8474      0.6753
34      A         B           34           ASP           98.09           269    269     99     6.053     6.053     3.631     0.8759      0.8759      0.8759      0.7247
35      A         B           35           LEU           98.59           269    269     99     6.053     6.053     3.631     0.8689      0.8689      0.8689      0.7133
36      A         B           36           HIS           97.68           269    269     99     6.053     6.053     3.631     0.8189      0.8189      0.8189      0.6329
37      A         B           37           ILE           98.81           269    269     99     6.053     6.053     3.631     0.9047      0.9047      0.9047      0.7811
38      A         B           38           LEU           98.37           269    269     99     6.053     6.053     3.631     0.9003      0.9003      0.9003      0.7729
39      A         B           39           PRO           97.03           269    269     99     6.053     6.053     3.631     0.8589      0.8589      0.8589      0.6963
40      A         B           40           VAL           96.37           269    269     99     6.053     6.053     3.631     0.8247      0.8247      0.8247      0.6410
41      A         B           41           ALA           97.87           269    269     99     6.053     6.053     3.631     0.8376      0.8376      0.8376      0.6599
42      A         B           42           PHE           97.65           269    269     99     6.053     6.053     3.631     0.7881      0.7881      0.7881      0.5851
43      A         B           43           ARG           94.96           269    269     99     6.053     6.053     3.631     0.5815      0.5815      0.5815      0.3472
44      A         B           44           GLY           96.46           269    269     99     6.053     6.053     3.631     0.4963      0.4963      0.4963      0.2745
45      A         B           45           ASP           93.93           269    269     99     6.053     6.053     3.631     0.4347      0.4347      0.4347      0.2260
46      A         B           46           SER           88.24           269    269     99     6.053     6.053     3.631     0.3676      0.3676      0.3676      0.1826
47      A         B           47           PHE           87.38           269    269     99     6.053     6.053     3.631     0.3877      0.3877      0.3877      0.1961
48      A         B           48           THR           91.59           269    269     99     6.053     6.053     3.631     0.4139      0.4139      0.4139      0.2110
49      A         B           49           HIS           93.21           269    269     99     6.053     6.053     3.631     0.4082      0.4082      0.4082      0.2072
50      A         B           50           THR           95.70           269    269     99     6.053     6.053     3.631     0.4830      0.4830      0.4830      0.2619
51      A         B           51           PRO           97.46           269    269     99     6.053     6.053     3.631     0.5786      0.5786      0.5786      0.3440
52      A         B           52           PRO           97.40           269    269     99     6.053     6.053     3.631     0.7070      0.7070      0.7070      0.4770
53      A         B           53           LEU           98.16           269    269     99     6.053     6.053     3.631     0.7951      0.7951      0.7951      0.5925
54      A         B           54           ASP           97.55           269    269     99     6.053     6.053     3.631     0.7614      0.7614      0.7614      0.5440
55      A         B           55           PRO           96.18           269    269     99     6.053     6.053     3.631     0.6987      0.6987      0.6987      0.4643
56      A         B           56           GLN           96.56           269    269     99     6.053     6.053     3.631     0.6763      0.6763      0.6763      0.4393
57      A         B           57           GLU           97.24           269    269     99     6.053     6.053     3.631     0.7685      0.7685      0.7685      0.5519
58      A         B           58           LEU           97.91           269    269     99     6.053     6.053     3.631     0.8134      0.8134      0.8134      0.6182
59      A         B           59           ASP           97.46           269    269     99     6.053     6.053     3.631     0.7894      0.7894      0.7894      0.5833
60      A         B           60           ILE           97.73           269    269     99     6.053     6.053     3.631     0.8109      0.8109      0.8109      0.6135
61      A         B           61           LEU           98.62           269    269     99     6.053     6.053     3.631     0.8615      0.8615      0.8615      0.6976
62      A         B           62           LYS           98.07           269    269     99     6.053     6.053     3.631     0.8247      0.8247      0.8247      0.6359
63      A         B           63           THR           98.29           269    269     99     6.053     6.053     3.631     0.7897      0.7897      0.7897      0.5815
64      A         B           64           VAL           98.79           269    269     99     6.053     6.053     3.631     0.8686      0.8686      0.8686      0.7096
65      A         B           65           LYS           98.79           269    269     99     6.053     6.053     3.631     0.8272      0.8272      0.8272      0.6388
66      A         B           66           GLU           98.78           269    269     99     6.053     6.053     3.631     0.8829      0.8829      0.8829      0.7351
67      A         B           67           ILE           98.93           269    269     99     6.053     6.053     3.631     0.9120      0.9120      0.9120      0.7936
68      A         B           68           THR           98.66           269    269     99     6.053     6.053     3.631     0.8928      0.8928      0.8928      0.7550
69      A         B           69           GLY           98.44           269    269     99     6.053     6.053     3.631     0.8875      0.8875      0.8875      0.7464
70      A         B           70           PHE           98.63           269    269     99     6.053     6.053     3.631     0.9140      0.9140      0.9140      0.7986
71      A         B           71           LEU           98.97           269    269     99     6.053     6.053     3.631     0.9296      0.9296      0.9296      0.8313
72      A         B           72           LEU           98.78           269    269     99     6.053     6.053     3.631     0.9242      0.9242      0.9242      0.8202
73      A         B           73           ILE           98.94           269    269     99     6.053     6.053     3.631     0.9241      0.9241      0.9241      0.8202
74      A         B           74           GLN           98.58           269    269     99     6.053     6.053     3.631     0.8995      0.8995      0.8995      0.7712
75      A         B           75           ALA           98.13           269    269     99     6.053     6.053     3.631     0.8947      0.8947      0.8947      0.7605
76      A         B           76           TRP           98.67           269    269     99     6.053     6.053     3.631     0.8810      0.8810      0.8810      0.7346
77      A         B           77           PRO           97.28           269    269     99     6.053     6.053     3.631     0.7983      0.7983      0.7983      0.5964
78      A         B           78           GLU           92.68           269    269     99     6.053     6.053     3.631     0.6022      0.6022      0.6022      0.3641
79      A         B           79           ASN           93.25           269    269     99     6.053     6.053     3.631     0.5358      0.5358      0.5358      0.3054
80      A         B           80           ARG           96.35           269    269     99     6.053     6.053     3.631     0.7013      0.7013      0.7013      0.4663
81      A         B           81           THR           95.64           269    269     99     6.053     6.053     3.631     0.6519      0.6519      0.6519      0.4106
82      A         B           82           ASP           97.22           269    269     99     6.053     6.053     3.631     0.7528      0.7528      0.7528      0.5306
83      A         B           83           LEU           98.65           269    269     99     6.053     6.053     3.631     0.8347      0.8347      0.8347      0.6522
84      A         B           84           HIS           95.92           269    269     99     6.053     6.053     3.631     0.6716      0.6716      0.6716      0.4331
85      A         B           85           ALA           98.07           269    269     99     6.053     6.053     3.631     0.7807      0.7807      0.7807      0.5686
86      A         B           86           PHE           98.92           269    269     99     6.053     6.053     3.631     0.8681      0.8681      0.8681      0.7096
87      A         B           87           GLU           98.10           269    269     99     6.053     6.053     3.631     0.7980      0.7980      0.7980      0.5951
88      A         B           88           ASN           98.76           269    269     99     6.053     6.053     3.631     0.8451      0.8451      0.8451      0.6687
89      A         B           89           LEU           98.96           269    269     99     6.053     6.053     3.631     0.8879      0.8879      0.8879      0.7457
90      A         B           90           GLU           98.90           269    269     99     6.053     6.053     3.631     0.8600      0.8600      0.8600      0.6940
91      A         B           91           ILE           98.87           269    269     99     6.053     6.053     3.631     0.8807      0.8807      0.8807      0.7310
92      A         B           92           ILE           98.98           269    269     99     6.053     6.053     3.631     0.9128      0.9128      0.9128      0.7953
93      A         B           93           ARG           98.84           269    269     99     6.053     6.053     3.631     0.8814      0.8814      0.8814      0.7330
94      A         B           94           GLY           98.41           269    269     99     6.053     6.053     3.631     0.8659      0.8659      0.8659      0.7050
95      A         B           95           ARG           97.06           269    269     99     6.053     6.053     3.631     0.8220      0.8220      0.8220      0.6319
96      A         B           96           THR           95.31           269    269     99     6.053     6.053     3.631     0.8706      0.8706      0.8706      0.7154
97      A         B           97           LYS           96.56           269    269     99     6.053     6.053     3.631     0.8947      0.8947      0.8947      0.7611
98      A         B           98           GLN           97.96           269    269     99     6.053     6.053     3.631     0.9020      0.9020      0.9020      0.7756
99      A         B           99           HIS           97.71           269    269     99     6.053     6.053     3.631     0.9001      0.9001      0.9001      0.7717
100     A         B          100           GLY           97.15           269    269     99     6.053     6.053     3.631     0.8731      0.8731      0.8731      0.7219
101     A         B          101           GLN           97.49           269    269     99     6.053     6.053     3.631     0.8742      0.8742      0.8742      0.7222
102     A         B          102           PHE           98.63           269    269     99     6.053     6.053     3.631     0.9242      0.9242      0.9242      0.8206
103     A         B          103           SER           98.60           269    269     99     6.053     6.053     3.631     0.9028      0.9028      0.9028      0.7761
104     A         B          104           LEU           98.96           269    269     99     6.053     6.053     3.631     0.9291      0.9291      0.9291      0.8306
105     A         B          105           ALA           98.81           269    269     99     6.053     6.053     3.631     0.9205      0.9205      0.9205      0.8132
106     A         B          106           VAL           98.90           269    269     99     6.053     6.053     3.631     0.9208      0.9208      0.9208      0.8132
107     A         B          107           VAL           98.42           269    269     99     6.053     6.053     3.631     0.8896      0.8896      0.8896      0.7526
108     A         B          108           SER           97.21           269    269     99     6.053     6.053     3.631     0.8750      0.8750      0.8750      0.7237
109     A         B          109           LEU           98.57           269    269     99     6.053     6.053     3.631     0.8974      0.8974      0.8974      0.7659
110     A         B          110           ASN           96.96           269    269     99     6.053     6.053     3.631     0.8549      0.8549      0.8549      0.6883
111     A         B          111           ILE           98.05           269    269     99     6.053     6.053     3.631     0.8706      0.8706      0.8706      0.7149
112     A         B          112           THR           95.71           269    269     99     6.053     6.053     3.631     0.8322      0.8322      0.8322      0.6489
113     A         B          113           SER           95.70           269    269     99     6.053     6.053     3.631     0.7603      0.7603      0.7603      0.5409
114     A         B          114           LEU           98.06           269    269     99     6.053     6.053     3.631     0.8349      0.8349      0.8349      0.6526
115     A         B          115           GLY           97.07           269    269     99     6.053     6.053     3.631     0.7229      0.7229      0.7229      0.4932
116     A         B          116           LEU           98.18           269    269     99     6.053     6.053     3.631     0.8054      0.8054      0.8054      0.6055
117     A         B          117           ARG           94.91           269    269     99     6.053     6.053     3.631     0.6500      0.6500      0.6500      0.4112
118     A         B          118           SER           98.45           269    269     99     6.053     6.053     3.631     0.8011      0.8011      0.8011      0.5972
119     A         B          119           LEU           98.44           269    269     99     6.053     6.053     3.631     0.8534      0.8534      0.8534      0.6825
120     A         B          120           LYS           97.68           269    269     99     6.053     6.053     3.631     0.6784      0.6784      0.6784      0.4390
121     A         B          121           GLU           98.69           269    269     99     6.053     6.053     3.631     0.8611      0.8611      0.8611      0.6955
122     A         B          122           ILE           98.90           269    269     99     6.053     6.053     3.631     0.8953      0.8953      0.8953      0.7603
123     A         B          123           SER           98.54           269    269     99     6.053     6.053     3.631     0.8543      0.8543      0.8543      0.6844
124     A         B          124           ASP           97.76           269    269     99     6.053     6.053     3.631     0.8771      0.8771      0.8771      0.7262
125     A         B          125           GLY           98.38           269    269     99     6.053     6.053     3.631     0.8620      0.8620      0.8620      0.7008
126     A         B          126           ASP           98.63           269    269     99     6.053     6.053     3.631     0.9067      0.9067      0.9067      0.7840
127     A         B          127           VAL           98.83           269    269     99     6.053     6.053     3.631     0.9212      0.9212      0.9212      0.8139
128     A         B          128           ILE           98.70           269    269     99     6.053     6.053     3.631     0.9224      0.9224      0.9224      0.8165
129     A         B          129           ILE           98.75           269    269     99     6.053     6.053     3.631     0.9179      0.9179      0.9179      0.8070
130     A         B          130           SER           97.79           269    269     99     6.053     6.053     3.631     0.8473      0.8473      0.8473      0.6773
131     A         B          131           GLY           97.96           269    269     99     6.053     6.053     3.631     0.8589      0.8589      0.8589      0.6959
132     A         B          132           ASN           98.15           269    269     99     6.053     6.053     3.631     0.8833      0.8833      0.8833      0.7383
133     A         B          133           LYS           95.10           269    269     99     6.053     6.053     3.631     0.8194      0.8194      0.8194      0.6295
134     A         B          134           ASN           96.11           269    269     99     6.053     6.053     3.631     0.8348      0.8348      0.8348      0.6535
135     A         B          135           LEU           97.88           269    269     99     6.053     6.053     3.631     0.8475      0.8475      0.8475      0.6734
136     A         B          136           CYS           96.09           269    269     99     6.053     6.053     3.631     0.6684      0.6684      0.6684      0.4306
137     A         B          137           TYR           91.90           269    269     99     6.053     6.053     3.631     0.4621      0.4621      0.4621      0.2405
138     A         B          138           ALA           95.42           269    269     99     6.053     6.053     3.631     0.5371      0.5371      0.5371      0.3013
139     A         B          139           ASN           87.06           269    269     99     6.053     6.053     3.631     0.4678      0.4678      0.4678      0.2469
140     A         B          140           THR           89.04           269    269     99     6.053     6.053     3.631     0.4699      0.4699      0.4699      0.2482
141     A         B          141           ILE           94.59           269    269     99     6.053     6.053     3.631     0.6153      0.6153      0.6153      0.3726
142     A         B          142           ASN           95.68           269    269     99     6.053     6.053     3.631     0.6806      0.6806      0.6806      0.4418
143     A         B          143           TRP           97.98           269    269     99     6.053     6.053     3.631     0.8024      0.8024      0.8024      0.6017
144     A         B          144           LYS           95.74           269    269     99     6.053     6.053     3.631     0.7415      0.7415      0.7415      0.5167
145     A         B          145           LYS           96.48           269    269     99     6.053     6.053     3.631     0.6928      0.6928      0.6928      0.4566
146     A         B          146           LEU           98.28           269    269     99     6.053     6.053     3.631     0.8175      0.8175      0.8175      0.6234
147     A         B          147           PHE           98.56           269    269     99     6.053     6.053     3.631     0.8268      0.8268      0.8268      0.6388
148     A         B          148           GLY           98.15           269    269     99     6.053     6.053     3.631     0.6296      0.6296      0.6296      0.3881
149     A         B          149           THR           96.13           269    269     99     6.053     6.053     3.631     0.6368      0.6368      0.6368      0.3978
150     A         B          150           SER           94.08           269    269     99     6.053     6.053     3.631     0.5483      0.5483      0.5483      0.3173
151     A         B          151           GLY           95.09           269    269     99     6.053     6.053     3.631     0.6615      0.6615      0.6615      0.4275
152     A         B          152           GLN           98.48           269    269     99     6.053     6.053     3.631     0.8124      0.8124      0.8124      0.6194
153     A         B          153           LYS           97.11           269    269     99     6.053     6.053     3.631     0.8127      0.8127      0.8127      0.6204
154     A         B          154           THR           97.92           269    269     99     6.053     6.053     3.631     0.8551      0.8551      0.8551      0.6891
155     A         B          155           LYS           97.87           269    269     99     6.053     6.053     3.631     0.8729      0.8729      0.8729      0.7207
156     A         B          156           ILE           97.30           269    269     99     6.053     6.053     3.631     0.8588      0.8588      0.8588      0.6950
157     A         B          157           ILE           95.89           269    269     99     6.053     6.053     3.631     0.7299      0.7299      0.7299      0.5083
158     A         B          158           SER           95.76           269    269     99     6.053     6.053     3.631     0.7913      0.7913      0.7913      0.5880
159     A         B          159           ASN           97.41           269    269     99     6.053     6.053     3.631     0.8412      0.8412      0.8412      0.6634
160     A         B          160           ARG           95.91           269    269     99     6.053     6.053     3.631     0.7278      0.7278      0.7278      0.4997
161     A         B          161           GLY           93.21           269    269     99     6.053     6.053     3.631     0.5322      0.5322      0.5322      0.3015
162     A         B          162           GLU           87.69           269    269     99     6.053     6.053     3.631     0.5113      0.5113      0.5113      0.2811
163     A         B          163           ASN           92.57           269    269     99     6.053     6.053     3.631     0.4506      0.4506      0.4506      0.2327
164     A         B          164           SER           92.84           269    269     99     6.053     6.053     3.631     0.5062      0.5062      0.5062      0.2750
165     A         B          165           CYS           94.38           269    269     99     6.053     6.053     3.631     0.5439      0.5439      0.5439      0.3063
166     A         B          166           LYS           91.39           269    269     99     6.053     6.053     3.631     0.4747      0.4747      0.4747      0.2507
167     A         B          167           ALA           91.69           269    269     99     6.053     6.053     3.631     0.3445      0.3445      0.3445      0.1614
168     A         B          168           THR           83.96           269    269     99     6.053     6.053     3.631     0.2424      0.2424      0.2424      0.1041
169     A         B          169           GLY           82.44           269    269     77     6.053     6.053     3.108     0.1589      0.1675      0.1675      0.0505
170     A         B          170           GLN           68.60           269    269     15     6.053     6.053     1.000     0.1203      0.1509      0.1509      0.0048
171     B         A            1           MET           93.48           269    268    170     6.053     6.043     4.861     0.4259      0.4259      0.4251      0.3264
172     B         A            2           VAL           96.23           269    268    170     6.053     6.043     4.861     0.6707      0.6707      0.6700      0.5707
173     B         A            3           GLU           97.58           269    268    170     6.053     6.043     4.861     0.6922      0.6922      0.6915      0.5948
174     B         A            4           LEU           97.82           269    268    170     6.053     6.043     4.861     0.8113      0.8113      0.8108      0.7372
175     B         A            5           VAL           98.40           269    268    170     6.053     6.043     4.861     0.8358      0.8358      0.8353      0.7683
176     B         A            6           ARG           98.03           269    268    170     6.053     6.043     4.861     0.8340      0.8340      0.8335      0.7658
177     B         A            7           GLU           98.37           269    268    170     6.053     6.043     4.861     0.8354      0.8354      0.8350      0.7679
178     B         A            8           ALA           98.82           269    268    170     6.053     6.043     4.861     0.8533      0.8533      0.8529      0.7911
179     B         A            9           ALA           98.24           269    268    170     6.053     6.043     4.861     0.8526      0.8526      0.8522      0.7901
180     B         A           10           ARG           97.67           269    268    170     6.053     6.043     4.861     0.8155      0.8155      0.8150      0.7422
181     B         A           11           ILE           98.67           269    268    170     6.053     6.043     4.861     0.8627      0.8627      0.8623      0.8036
182     B         A           12           ALA           98.43           269    268    170     6.053     6.043     4.861     0.8392      0.8392      0.8387      0.7726
183     B         A           13           ALA           97.16           269    268    170     6.053     6.043     4.861     0.8218      0.8218      0.8213      0.7503
184     B         A           14           GLU           96.76           269    268    170     6.053     6.043     4.861     0.7442      0.7442      0.7436      0.6550
185     B         A           15           LEU           98.25           269    268    170     6.053     6.043     4.861     0.8022      0.8022      0.8017      0.7257
186     B         A           16           GLY           96.89           269    268    170     6.053     6.043     4.861     0.6706      0.6706      0.6698      0.5711
187     B         A           17           ALA           97.64           269    268    170     6.053     6.043     4.861     0.7626      0.7626      0.7620      0.6771
188     B         A           18           SER           96.41           269    268    170     6.053     6.043     4.861     0.7824      0.7824      0.7818      0.7013
189     B         A           19           ALA           96.25           269    268    170     6.053     6.043     4.861     0.8195      0.8195      0.8190      0.7477
190     B         A           20           GLU           95.86           269    268    170     6.053     6.043     4.861     0.8281      0.8281      0.8276      0.7589
191     B         A           21           GLN           97.90           269    268    170     6.053     6.043     4.861     0.8596      0.8596      0.8592      0.7998
192     B         A           22           VAL           98.05           269    268    170     6.053     6.043     4.861     0.8764      0.8764      0.8760      0.8221
193     B         A           23           ARG           97.72           269    268    170     6.053     6.043     4.861     0.8749      0.8749      0.8745      0.8202
194     B         A           24           VAL           98.19           269    268    170     6.053     6.043     4.861     0.8870      0.8870      0.8867      0.8366
195     B         A           25           VAL           98.53           269    268    170     6.053     6.043     4.861     0.8868      0.8868      0.8865      0.8364
196     B         A           26           ALA           98.44           269    268    170     6.053     6.043     4.861     0.8812      0.8812      0.8808      0.8286
197     B         A           27           LEU           98.42           269    268    170     6.053     6.043     4.861     0.8960      0.8960      0.8957      0.8490
198     B         A           28           VAL           98.61           269    268    170     6.053     6.043     4.861     0.9064      0.9064      0.9061      0.8634
199     B         A           29           VAL           98.78           269    268    170     6.053     6.043     4.861     0.9082      0.9082      0.9079      0.8659
200     B         A           30           ALA           98.75           269    268    170     6.053     6.043     4.861     0.9002      0.9002      0.8999      0.8547
201     B         A           31           GLU           98.41           269    268    170     6.053     6.043     4.861     0.9107      0.9107      0.9104      0.8694
202     B         A           32           ARG           98.00           269    268    170     6.053     6.043     4.861     0.8852      0.8852      0.8849      0.8343
203     B         A           33           ALA           98.42           269    268    170     6.053     6.043     4.861     0.8903      0.8903      0.8900      0.8413
204     B         A           34           ALA           98.32           269    268    170     6.053     6.043     4.861     0.8781      0.8781      0.8778      0.8247
205     B         A           35           LEU           97.81           269    268    170     6.053     6.043     4.861     0.8772      0.8772      0.8768      0.8234
206     B         A           36           GLY           96.83           269    268    170     6.053     6.043     4.861     0.8126      0.8126      0.8121      0.7393
207     B         A           37           LEU           97.63           269    268    170     6.053     6.043     4.861     0.8210      0.8210      0.8205      0.7498
208     B         A           38           PRO           94.46           269    268    170     6.053     6.043     4.861     0.7403      0.7403      0.7397      0.6524
209     B         A           39           LEU           97.24           269    268    170     6.053     6.043     4.861     0.7323      0.7323      0.7317      0.6428
210     B         A           40           ASP           97.78           269    268    170     6.053     6.043     4.861     0.7992      0.7992      0.7987      0.7225
211     B         A           41           VAL           98.51           269    268    170     6.053     6.043     4.861     0.8397      0.8397      0.8392      0.7738
212     B         A           42           GLU           98.32           269    268    170     6.053     6.043     4.861     0.8124      0.8124      0.8119      0.7391
213     B         A           43           GLU           98.01           269    268    170     6.053     6.043     4.861     0.8469      0.8469      0.8464      0.7837
214     B         A           44           GLU           98.42           269    268    170     6.053     6.043     4.861     0.8736      0.8736      0.8732      0.8187
215     B         A           45           VAL           98.90           269    268    170     6.053     6.043     4.861     0.8902      0.8902      0.8899      0.8411
216     B         A           46           ARG           98.80           269    268    170     6.053     6.043     4.861     0.8546      0.8546      0.8542      0.7935
217     B         A           47           GLU           98.03           269    268    170     6.053     6.043     4.861     0.8673      0.8673      0.8669      0.8109
218     B         A           48           THR           98.66           269    268    170     6.053     6.043     4.861     0.8892      0.8892      0.8889      0.8398
219     B         A           49           LEU           98.62           269    268    170     6.053     6.043     4.861     0.8913      0.8913      0.8910      0.8427
220     B         A           50           GLU           97.97           269    268    170     6.053     6.043     4.861     0.8520      0.8520      0.8516      0.7908
221     B         A           51           SER           98.06           269    268    170     6.053     6.043     4.861     0.8698      0.8698      0.8694      0.8141
222     B         A           52           LEU           98.29           269    268    170     6.053     6.043     4.861     0.8793      0.8793      0.8789      0.8266
223     B         A           53           ARG           97.38           269    268    170     6.053     6.043     4.861     0.8334      0.8334      0.8329      0.7661
224     B         A           54           ARG           96.77           269    268    170     6.053     6.043     4.861     0.8020      0.8020      0.8015      0.7269
225     B         A           55           HIS           95.74           269    268    170     6.053     6.043     4.861     0.7795      0.7795      0.7790      0.6995
226     B         A           56           GLY           95.11           269    268    170     6.053     6.043     4.861     0.6022      0.6022      0.6015      0.5017
227     B         A           57           PHE           94.03           269    268    170     6.053     6.043     4.861     0.4810      0.4810      0.4802      0.3803
228     B         A           58           THR           86.21           269    268    170     6.053     6.043     4.861     0.3616      0.3616      0.3608      0.2738
229     B         A           59           GLY           90.01           269    268    170     6.053     6.043     4.861     0.3723      0.3723      0.3716      0.2809
230     B         A           60           PRO           89.20           269    268    170     6.053     6.043     4.861     0.5314      0.5314      0.5306      0.4276
231     B         A           61           ASP           94.01           269    268    170     6.053     6.043     4.861     0.6177      0.6177      0.6169      0.5160
232     B         A           62           GLU           91.98           269    268    170     6.053     6.043     4.861     0.7041      0.7041      0.7034      0.6120
233     B         A           63           SER           91.50           269    268    170     6.053     6.043     4.861     0.7526      0.7526      0.7520      0.6670
234     B         A           64           GLY           96.29           269    268    170     6.053     6.043     4.861     0.7914      0.7914      0.7908      0.7141
235     B         A           65           GLU           97.03           269    268    170     6.053     6.043     4.861     0.8525      0.8525      0.8521      0.7916
236     B         A           66           ARG           95.39           269    268    170     6.053     6.043     4.861     0.8613      0.8613      0.8609      0.8030
237     B         A           67           THR           97.26           269    268    170     6.053     6.043     4.861     0.8772      0.8772      0.8769      0.8240
238     B         A           68           THR           98.43           269    268    170     6.053     6.043     4.861     0.8970      0.8970      0.8967      0.8507
239     B         A           69           PHE           97.52           269    268    170     6.053     6.043     4.861     0.8937      0.8937      0.8934      0.8461
240     B         A           70           ALA           96.83           269    268    170     6.053     6.043     4.861     0.8822      0.8822      0.8819      0.8304
241     B         A           71           VAL           98.27           269    268    170     6.053     6.043     4.861     0.8979      0.8979      0.8976      0.8518
242     B         A           72           LEU           98.48           269    268    170     6.053     6.043     4.861     0.8984      0.8984      0.8981      0.8525
243     B         A           73           ALA           96.42           269    268    170     6.053     6.043     4.861     0.8602      0.8602      0.8598      0.8009
244     B         A           74           ALA           95.99           269    268    170     6.053     6.043     4.861     0.8330      0.8330      0.8325      0.7652
245     B         A           75           ALA           96.92           269    268    170     6.053     6.043     4.861     0.8348      0.8348      0.8343      0.7677
246     B         A           76           TYR           97.51           269    268    170     6.053     6.043     4.861     0.8325      0.8325      0.8320      0.7642
247     B         A           77           GLY           95.74           269    268    170     6.053     6.043     4.861     0.7870      0.7870      0.7864      0.7067
248     B         A           78           GLU           94.61           269    268    170     6.053     6.043     4.861     0.7790      0.7790      0.7784      0.6973
249     B         A           79           GLU           97.21           269    268    170     6.053     6.043     4.861     0.7480      0.7480      0.7474      0.6603
250     B         A           80           ALA           97.59           269    268    170     6.053     6.043     4.861     0.8056      0.8056      0.8051      0.7301
251     B         A           81           ALA           97.91           269    268    170     6.053     6.043     4.861     0.8276      0.8276      0.8272      0.7580
252     B         A           82           ARG           97.73           269    268    170     6.053     6.043     4.861     0.8201      0.8201      0.8196      0.7486
253     B         A           83           GLU           98.22           269    268    170     6.053     6.043     4.861     0.8034      0.8034      0.8029      0.7273
254     B         A           84           VAL           98.59           269    268    170     6.053     6.043     4.861     0.8434      0.8434      0.8430      0.7784
255     B         A           85           LEU           98.31           269    268    170     6.053     6.043     4.861     0.8433      0.8433      0.8429      0.7782
256     B         A           86           GLU           98.57           269    268    170     6.053     6.043     4.861     0.8205      0.8205      0.8200      0.7489
257     B         A           87           THR           98.66           269    268    170     6.053     6.043     4.861     0.8357      0.8357      0.8353      0.7681
258     B         A           88           ALA           98.44           269    268    170     6.053     6.043     4.861     0.8162      0.8162      0.8157      0.7431
259     B         A           89           ARG           97.57           269    268    170     6.053     6.043     4.861     0.8039      0.8039      0.8034      0.7276
260     B         A           90           ARG           98.05           269    268    170     6.053     6.043     4.861     0.7739      0.7739      0.7733      0.6908
261     B         A           91           GLU           97.97           269    268    170     6.053     6.043     4.861     0.7729      0.7729      0.7723      0.6891
262     B         A           92           ALA           96.88           269    268    170     6.053     6.043     4.861     0.7088      0.7088      0.7081      0.6135
263     B         A           93           ALA           97.15           269    268    170     6.053     6.043     4.861     0.7106      0.7106      0.7100      0.6153
264     B         A           94           ARG           96.06           269    268    170     6.053     6.043     4.861     0.6288      0.6288      0.6280      0.5250
265     B         A           95           LEU           93.97           269    268    170     6.053     6.043     4.861     0.5150      0.5150      0.5141      0.4090
266     B         A           96           ALA           92.89           269    268    170     6.053     6.043     4.861     0.4177      0.4177      0.4169      0.3181
267     B         A           97           ALA           91.33           269    268    170     6.053     6.043     4.861     0.3411      0.3411      0.3403      0.2518
268     B         A           98           LEU           81.14           269    268    138     6.053     6.043     4.367     0.1687      0.1778      0.1773      0.1014
269     B         A           99           GLU           70.79           269    268      0     6.053     6.043     1.000     0.0725      0.0000      0.0000      0.0000
