i   AlignChn ScoredChain  AlignResNum  AlignResType  AlignRespLDDT      n0chn  n0dom  n0res    d0chn     d0dom     d0res   ipTM_pae  ipSAE_d0chn ipSAE_d0dom    ipSAE 
1       A         B            1           LYS           93.34           269    268     99     6.053     6.043     3.631     0.3405      0.3405      0.3398      0.1591
2       A         B            2           VAL           97.70           269    268     99     6.053     6.043     3.631     0.7697      0.7697      0.7691      0.5532
3       A         B            3           CYS           97.73           269    268     99     6.053     6.043     3.631     0.8276      0.8276      0.8271      0.6399
4       A         B            4           ASN           97.64           269    268     99     6.053     6.043     3.631     0.8427      0.8427      0.8422      0.6654
5       A         B            5           GLY           98.37           269    268     99     6.053     6.043     3.631     0.8133      0.8133      0.8128      0.6213
6       A         B            6           ILE           97.52           269    268     99     6.053     6.043     3.631     0.8270      0.8270      0.8265      0.6417
7       A         B            7           GLY           95.08           269    268     99     6.053     6.043     3.631     0.6818      0.6818      0.6810      0.4470
8       A         B            8           ILE           92.65           269    268     99     6.053     6.043     3.631     0.6739      0.6739      0.6732      0.4401
9       A         B            9           GLY           95.18           269    268     99     6.053     6.043     3.631     0.6186      0.6186      0.6178      0.3769
10      A         B           10           GLU           92.59           269    268     99     6.053     6.043     3.631     0.5821      0.5821      0.5813      0.3440
11      A         B           11           PHE           95.85           269    268     99     6.053     6.043     3.631     0.7387      0.7387      0.7381      0.5146
12      A         B           12           LYS           94.06           269    268     99     6.053     6.043     3.631     0.6950      0.6950      0.6943      0.4630
13      A         B           13           ASP           92.03           269    268     99     6.053     6.043     3.631     0.6581      0.6581      0.6573      0.4276
14      A         B           14           SER           95.62           269    268     99     6.053     6.043     3.631     0.7656      0.7656      0.7650      0.5570
15      A         B           15           LEU           96.02           269    268     99     6.053     6.043     3.631     0.7861      0.7861      0.7855      0.5824
16      A         B           16           SER           97.94           269    268     99     6.053     6.043     3.631     0.8516      0.8516      0.8512      0.6833
17      A         B           17           ILE           97.92           269    268     99     6.053     6.043     3.631     0.8609      0.8609      0.8605      0.6984
18      A         B           18           ASN           97.86           269    268     99     6.053     6.043     3.631     0.8301      0.8301      0.8296      0.6460
19      A         B           19           ALA           97.91           269    268     99     6.053     6.043     3.631     0.8149      0.8149      0.8144      0.6227
20      A         B           20           THR           96.14           269    268     99     6.053     6.043     3.631     0.7095      0.7095      0.7088      0.4798
21      A         B           21           ASN           96.64           269    268     99     6.053     6.043     3.631     0.8078      0.8078      0.8073      0.6117
22      A         B           22           ILE           97.14           269    268     99     6.053     6.043     3.631     0.7832      0.7832      0.7827      0.5748
23      A         B           23           LYS           94.24           269    268     99     6.053     6.043     3.631     0.6823      0.6823      0.6816      0.4494
24      A         B           24           HIS           94.50           269    268     99     6.053     6.043     3.631     0.6512      0.6512      0.6504      0.4113
25      A         B           25           PHE           97.80           269    268     99     6.053     6.043     3.631     0.8043      0.8043      0.8038      0.6040
26      A         B           26           LYS           96.13           269    268     99     6.053     6.043     3.631     0.7524      0.7524      0.7518      0.5310
27      A         B           27           ASN           95.29           269    268     99     6.053     6.043     3.631     0.6622      0.6622      0.6614      0.4203
28      A         B           28           CYS           98.30           269    268     99     6.053     6.043     3.631     0.7960      0.7960      0.7955      0.5905
29      A         B           29           THR           98.52           269    268     99     6.053     6.043     3.631     0.8089      0.8089      0.8084      0.6101
30      A         B           30           SER           98.58           269    268     99     6.053     6.043     3.631     0.8580      0.8580      0.8576      0.6899
31      A         B           31           ILE           98.74           269    268     99     6.053     6.043     3.631     0.8852      0.8852      0.8849      0.7403
32      A         B           32           SER           97.99           269    268     99     6.053     6.043     3.631     0.8489      0.8489      0.8485      0.6751
33      A         B           33           GLY           98.05           269    268     99     6.053     6.043     3.631     0.8505      0.8505      0.8501      0.6810
34      A         B           34           ASP           98.19           269    268     99     6.053     6.043     3.631     0.8790      0.8790      0.8787      0.7306
35      A         B           35           LEU           98.67           269    268     99     6.053     6.043     3.631     0.8767      0.8767      0.8763      0.7274
36      A         B           36           HIS           97.91           269    268     99     6.053     6.043     3.631     0.8232      0.8232      0.8227      0.6396
37      A         B           37           ILE           98.83           269    268     99     6.053     6.043     3.631     0.9075      0.9075      0.9073      0.7870
38      A         B           38           LEU           98.52           269    268     99     6.053     6.043     3.631     0.9049      0.9049      0.9046      0.7817
39      A         B           39           PRO           97.34           269    268     99     6.053     6.043     3.631     0.8666      0.8666      0.8662      0.7103
40      A         B           40           VAL           96.67           269    268     99     6.053     6.043     3.631     0.8314      0.8314      0.8309      0.6523
41      A         B           41           ALA           98.08           269    268     99     6.053     6.043     3.631     0.8424      0.8424      0.8419      0.6682
42      A         B           42           PHE           97.85           269    268     99     6.053     6.043     3.631     0.7900      0.7900      0.7894      0.5884
43      A         B           43           ARG           95.63           269    268     99     6.053     6.043     3.631     0.5803      0.5803      0.5795      0.3461
44      A         B           44           GLY           96.82           269    268     99     6.053     6.043     3.631     0.4681      0.4681      0.4673      0.2528
45      A         B           45           ASP           93.98           269    268     99     6.053     6.043     3.631     0.3642      0.3642      0.3634      0.1785
46      A         B           46           SER           89.58           269    268     99     6.053     6.043     3.631     0.3080      0.3080      0.3074      0.1453
47      A         B           47           PHE           87.94           269    268     99     6.053     6.043     3.631     0.3213      0.3213      0.3206      0.1538
48      A         B           48           THR           92.21           269    268     99     6.053     6.043     3.631     0.3576      0.3576      0.3569      0.1733
49      A         B           49           HIS           94.63           269    268     99     6.053     6.043     3.631     0.3603      0.3603      0.3595      0.1749
50      A         B           50           THR           96.06           269    268     99     6.053     6.043     3.631     0.4549      0.4549      0.4541      0.2402
51      A         B           51           PRO           97.58           269    268     99     6.053     6.043     3.631     0.5753      0.5753      0.5745      0.3406
52      A         B           52           PRO           97.51           269    268     99     6.053     6.043     3.631     0.7022      0.7022      0.7016      0.4718
53      A         B           53           LEU           98.25           269    268     99     6.053     6.043     3.631     0.7931      0.7931      0.7925      0.5897
54      A         B           54           ASP           97.46           269    268     99     6.053     6.043     3.631     0.7537      0.7537      0.7531      0.5339
55      A         B           55           PRO           96.14           269    268     99     6.053     6.043     3.631     0.6957      0.6957      0.6950      0.4609
56      A         B           56           GLN           96.59           269    268     99     6.053     6.043     3.631     0.6660      0.6660      0.6653      0.4280
57      A         B           57           GLU           97.26           269    268     99     6.053     6.043     3.631     0.7643      0.7643      0.7637      0.5462
58      A         B           58           LEU           98.04           269    268     99     6.053     6.043     3.631     0.8162      0.8162      0.8157      0.6228
59      A         B           59           ASP           97.55           269    268     99     6.053     6.043     3.631     0.7909      0.7909      0.7903      0.5855
60      A         B           60           ILE           97.79           269    268     99     6.053     6.043     3.631     0.8088      0.8088      0.8083      0.6103
61      A         B           61           LEU           98.67           269    268     99     6.053     6.043     3.631     0.8625      0.8625      0.8621      0.6992
62      A         B           62           LYS           98.09           269    268     99     6.053     6.043     3.631     0.8229      0.8229      0.8225      0.6333
63      A         B           63           THR           98.31           269    268     99     6.053     6.043     3.631     0.7908      0.7908      0.7903      0.5831
64      A         B           64           VAL           98.81           269    268     99     6.053     6.043     3.631     0.8766      0.8766      0.8762      0.7243
65      A         B           65           LYS           98.76           269    268     99     6.053     6.043     3.631     0.8285      0.8285      0.8280      0.6410
66      A         B           66           GLU           98.81           269    268     99     6.053     6.043     3.631     0.8910      0.8910      0.8907      0.7506
67      A         B           67           ILE           98.94           269    268     99     6.053     6.043     3.631     0.9202      0.9202      0.9200      0.8105
68      A         B           68           THR           98.71           269    268     99     6.053     6.043     3.631     0.9007      0.9007      0.9004      0.7706
69      A         B           69           GLY           98.52           269    268     99     6.053     6.043     3.631     0.8954      0.8954      0.8951      0.7618
70      A         B           70           PHE           98.74           269    268     99     6.053     6.043     3.631     0.9213      0.9213      0.9210      0.8138
71      A         B           71           LEU           98.98           269    268     99     6.053     6.043     3.631     0.9358      0.9358      0.9356      0.8448
72      A         B           72           LEU           98.83           269    268     99     6.053     6.043     3.631     0.9283      0.9283      0.9281      0.8291
73      A         B           73           ILE           98.95           269    268     99     6.053     6.043     3.631     0.9294      0.9294      0.9292      0.8316
74      A         B           74           GLN           98.59           269    268     99     6.053     6.043     3.631     0.9005      0.9005      0.9002      0.7734
75      A         B           75           ALA           98.26           269    268     99     6.053     6.043     3.631     0.8990      0.8990      0.8987      0.7687
76      A         B           76           TRP           98.68           269    268     99     6.053     6.043     3.631     0.8821      0.8821      0.8818      0.7368
77      A         B           77           PRO           97.49           269    268     99     6.053     6.043     3.631     0.8005      0.8005      0.7999      0.5998
78      A         B           78           GLU           92.72           269    268     99     6.053     6.043     3.631     0.5827      0.5827      0.5819      0.3462
79      A         B           79           ASN           93.00           269    268     99     6.053     6.043     3.631     0.4987      0.4987      0.4979      0.2751
80      A         B           80           ARG           96.39           269    268     99     6.053     6.043     3.631     0.6869      0.6869      0.6862      0.4497
81      A         B           81           THR           95.51           269    268     99     6.053     6.043     3.631     0.6355      0.6355      0.6347      0.3935
82      A         B           82           ASP           97.24           269    268     99     6.053     6.043     3.631     0.7441      0.7441      0.7435      0.5192
83      A         B           83           LEU           98.66           269    268     99     6.053     6.043     3.631     0.8317      0.8317      0.8312      0.6474
84      A         B           84           HIS           95.90           269    268     99     6.053     6.043     3.631     0.6507      0.6507      0.6499      0.4109
85      A         B           85           ALA           98.05           269    268     99     6.053     6.043     3.631     0.7736      0.7736      0.7730      0.5589
86      A         B           86           PHE           98.92           269    268     99     6.053     6.043     3.631     0.8680      0.8680      0.8676      0.7094
87      A         B           87           GLU           98.08           269    268     99     6.053     6.043     3.631     0.7890      0.7890      0.7885      0.5822
88      A         B           88           ASN           98.77           269    268     99     6.053     6.043     3.631     0.8440      0.8440      0.8436      0.6667
89      A         B           89           LEU           98.96           269    268     99     6.053     6.043     3.631     0.8939      0.8939      0.8936      0.7574
90      A         B           90           GLU           98.90           269    268     99     6.053     6.043     3.631     0.8625      0.8625      0.8621      0.6987
91      A         B           91           ILE           98.91           269    268     99     6.053     6.043     3.631     0.8901      0.8901      0.8898      0.7492
92      A         B           92           ILE           98.98           269    268     99     6.053     6.043     3.631     0.9187      0.9187      0.9185      0.8075
93      A         B           93           ARG           98.86           269    268     99     6.053     6.043     3.631     0.8902      0.8902      0.8899      0.7501
94      A         B           94           GLY           98.54           269    268     99     6.053     6.043     3.631     0.8750      0.8750      0.8746      0.7219
95      A         B           95           ARG           97.22           269    268     99     6.053     6.043     3.631     0.8368      0.8368      0.8363      0.6564
96      A         B           96           THR           96.37           269    268     99     6.053     6.043     3.631     0.8950      0.8950      0.8947      0.7609
97      A         B           97           LYS           97.41           269    268     99     6.053     6.043     3.631     0.9127      0.9127      0.9124      0.7967
98      A         B           98           GLN           98.25           269    268     99     6.053     6.043     3.631     0.9174      0.9174      0.9171      0.8069
99      A         B           99           HIS           98.21           269    268     99     6.053     6.043     3.631     0.9223      0.9223      0.9221      0.8169
100     A         B          100           GLY           98.07           269    268     99     6.053     6.043     3.631     0.9046      0.9046      0.9043      0.7810
101     A         B          101           GLN           97.92           269    268     99     6.053     6.043     3.631     0.9001      0.9001      0.8998      0.7713
102     A         B          102           PHE           98.74           269    268     99     6.053     6.043     3.631     0.9340      0.9340      0.9338      0.8418
103     A         B          103           SER           98.67           269    268     99     6.053     6.043     3.631     0.9115      0.9115      0.9112      0.7938
104     A         B          104           LEU           98.96           269    268     99     6.053     6.043     3.631     0.9335      0.9335      0.9332      0.8401
105     A         B          105           ALA           98.86           269    268     99     6.053     6.043     3.631     0.9245      0.9245      0.9242      0.8215
106     A         B          106           VAL           98.91           269    268     99     6.053     6.043     3.631     0.9254      0.9254      0.9252      0.8231
107     A         B          107           VAL           98.52           269    268     99     6.053     6.043     3.631     0.8916      0.8916      0.8913      0.7567
108     A         B          108           SER           97.47           269    268     99     6.053     6.043     3.631     0.8754      0.8754      0.8751      0.7250
109     A         B          109           LEU           98.60           269    268     99     6.053     6.043     3.631     0.9004      0.9004      0.9001      0.7717
110     A         B          110           ASN           96.95           269    268     99     6.053     6.043     3.631     0.8573      0.8573      0.8568      0.6927
111     A         B          111           ILE           98.02           269    268     99     6.053     6.043     3.631     0.8717      0.8717      0.8714      0.7172
112     A         B          112           THR           95.36           269    268     99     6.053     6.043     3.631     0.8310      0.8310      0.8305      0.6473
113     A         B          113           SER           95.64           269    268     99     6.053     6.043     3.631     0.7610      0.7610      0.7604      0.5419
114     A         B          114           LEU           98.13           269    268     99     6.053     6.043     3.631     0.8310      0.8310      0.8305      0.6464
115     A         B          115           GLY           97.18           269    268     99     6.053     6.043     3.631     0.7148      0.7148      0.7141      0.4831
116     A         B          116           LEU           98.28           269    268     99     6.053     6.043     3.631     0.7898      0.7898      0.7893      0.5823
117     A         B          117           ARG           94.17           269    268     99     6.053     6.043     3.631     0.5617      0.5617      0.5609      0.3263
118     A         B          118           SER           98.47           269    268     99     6.053     6.043     3.631     0.7995      0.7995      0.7990      0.5951
119     A         B          119           LEU           98.55           269    268     99     6.053     6.043     3.631     0.8588      0.8588      0.8584      0.6921
120     A         B          120           LYS           97.95           269    268     99     6.053     6.043     3.631     0.7081      0.7081      0.7074      0.4736
121     A         B          121           GLU           98.76           269    268     99     6.053     6.043     3.631     0.8727      0.8727      0.8724      0.7169
122     A         B          122           ILE           98.92           269    268     99     6.053     6.043     3.631     0.9007      0.9007      0.9004      0.7711
123     A         B          123           SER           98.59           269    268     99     6.053     6.043     3.631     0.8627      0.8627      0.8623      0.6995
124     A         B          124           ASP           97.98           269    268     99     6.053     6.043     3.631     0.8864      0.8864      0.8860      0.7444
125     A         B          125           GLY           98.63           269    268     99     6.053     6.043     3.631     0.8705      0.8705      0.8701      0.7164
126     A         B          126           ASP           98.74           269    268     99     6.053     6.043     3.631     0.9127      0.9127      0.9125      0.7963
127     A         B          127           VAL           98.86           269    268     99     6.053     6.043     3.631     0.9248      0.9248      0.9246      0.8217
128     A         B          128           ILE           98.77           269    268     99     6.053     6.043     3.631     0.9268      0.9268      0.9265      0.8260
129     A         B          129           ILE           98.80           269    268     99     6.053     6.043     3.631     0.9211      0.9211      0.9208      0.8136
130     A         B          130           SER           97.92           269    268     99     6.053     6.043     3.631     0.8413      0.8413      0.8408      0.6677
131     A         B          131           GLY           98.07           269    268     99     6.053     6.043     3.631     0.8592      0.8592      0.8588      0.6963
132     A         B          132           ASN           98.17           269    268     99     6.053     6.043     3.631     0.8836      0.8836      0.8833      0.7390
133     A         B          133           LYS           95.10           269    268     99     6.053     6.043     3.631     0.8167      0.8167      0.8162      0.6256
134     A         B          134           ASN           95.87           269    268     99     6.053     6.043     3.631     0.8313      0.8313      0.8309      0.6481
135     A         B          135           LEU           97.78           269    268     99     6.053     6.043     3.631     0.8459      0.8459      0.8455      0.6708
136     A         B          136           CYS           95.92           269    268     99     6.053     6.043     3.631     0.6290      0.6290      0.6283      0.3890
137     A         B          137           TYR           91.79           269    268     99     6.053     6.043     3.631     0.4068      0.4068      0.4060      0.2015
138     A         B          138           ALA           95.64           269    268     99     6.053     6.043     3.631     0.5016      0.5016      0.5007      0.2717
139     A         B          139           ASN           87.28           269    268     99     6.053     6.043     3.631     0.4167      0.4167      0.4159      0.2098
140     A         B          140           THR           89.31           269    268     99     6.053     6.043     3.631     0.4304      0.4304      0.4296      0.2191
141     A         B          141           ILE           95.28           269    268     99     6.053     6.043     3.631     0.6070      0.6070      0.6062      0.3644
142     A         B          142           ASN           96.07           269    268     99     6.053     6.043     3.631     0.6767      0.6767      0.6760      0.4377
143     A         B          143           TRP           98.16           269    268     99     6.053     6.043     3.631     0.7997      0.7997      0.7991      0.5977
144     A         B          144           LYS           95.93           269    268     99     6.053     6.043     3.631     0.7355      0.7355      0.7348      0.5093
145     A         B          145           LYS           96.37           269    268     99     6.053     6.043     3.631     0.6630      0.6630      0.6623      0.4237
146     A         B          146           LEU           98.35           269    268     99     6.053     6.043     3.631     0.8221      0.8221      0.8216      0.6311
147     A         B          147           PHE           98.66           269    268     99     6.053     6.043     3.631     0.8372      0.8372      0.8368      0.6561
148     A         B          148           GLY           98.28           269    268     99     6.053     6.043     3.631     0.6392      0.6392      0.6384      0.3986
149     A         B          149           THR           96.32           269    268     99     6.053     6.043     3.631     0.6316      0.6316      0.6308      0.3936
150     A         B          150           SER           94.69           269    268     99     6.053     6.043     3.631     0.5523      0.5523      0.5515      0.3212
151     A         B          151           GLY           95.42           269    268     99     6.053     6.043     3.631     0.6584      0.6584      0.6577      0.4250
152     A         B          152           GLN           98.60           269    268     99     6.053     6.043     3.631     0.8106      0.8106      0.8101      0.6174
153     A         B          153           LYS           96.82           269    268     99     6.053     6.043     3.631     0.7853      0.7853      0.7847      0.5813
154     A         B          154           THR           97.99           269    268     99     6.053     6.043     3.631     0.8515      0.8515      0.8511      0.6837
155     A         B          155           LYS           97.98           269    268     99     6.053     6.043     3.631     0.8731      0.8731      0.8727      0.7217
156     A         B          156           ILE           97.43           269    268     99     6.053     6.043     3.631     0.8552      0.8552      0.8548      0.6893
157     A         B          157           ILE           96.11           269    268     99     6.053     6.043     3.631     0.7098      0.7098      0.7091      0.4835
158     A         B          158           SER           95.92           269    268     99     6.053     6.043     3.631     0.7730      0.7730      0.7724      0.5621
159     A         B          159           ASN           97.47           269    268     99     6.053     6.043     3.631     0.8295      0.8295      0.8290      0.6442
160     A         B          160           ARG           95.74           269    268     99     6.053     6.043     3.631     0.6944      0.6944      0.6937      0.4592
161     A         B          161           GLY           93.31           269    268     99     6.053     6.043     3.631     0.4671      0.4671      0.4663      0.2488
162     A         B          162           GLU           87.98           269    268     99     6.053     6.043     3.631     0.4345      0.4345      0.4337      0.2224
163     A         B          163           ASN           92.48           269    268     99     6.053     6.043     3.631     0.3800      0.3800      0.3792      0.1842
164     A         B          164           SER           92.57           269    268     99     6.053     6.043     3.631     0.4385      0.4385      0.4376      0.2234
165     A         B          165           CYS           94.13           269    268     99     6.053     6.043     3.631     0.4525      0.4525      0.4517      0.2339
166     A         B          166           LYS           90.87           269    268     99     6.053     6.043     3.631     0.4017      0.4017      0.4009      0.1986
167     A         B          167           ALA           91.51           269    268     99     6.053     6.043     3.631     0.2679      0.2679      0.2672      0.1176
168     A         B          168           THR           83.36           269    268     74     6.053     6.043     3.027     0.1610      0.1721      0.1716      0.0496
169     A         B          169           GLY           79.43           269    268      1     6.053     6.043     1.000     0.0939      0.1463      0.1459      0.0047
170     A         B          170           GLN           63.73           269    268      0     6.053     6.043     1.000     0.0708      0.0000      0.0000      0.0000
171     B         A            1           MET           93.90           269    268    170     6.053     6.043     4.861     0.3987      0.3987      0.3979      0.3022
172     B         A            2           VAL           97.12           269    268    170     6.053     6.043     4.861     0.6706      0.6706      0.6698      0.5708
173     B         A            3           GLU           97.80           269    268    170     6.053     6.043     4.861     0.6883      0.6883      0.6876      0.5909
174     B         A            4           LEU           98.07           269    268    170     6.053     6.043     4.861     0.8079      0.8079      0.8074      0.7332
175     B         A            5           VAL           98.50           269    268    170     6.053     6.043     4.861     0.8269      0.8269      0.8264      0.7572
176     B         A            6           ARG           98.19           269    268    170     6.053     6.043     4.861     0.8352      0.8352      0.8348      0.7679
177     B         A            7           GLU           98.42           269    268    170     6.053     6.043     4.861     0.8335      0.8335      0.8330      0.7659
178     B         A            8           ALA           98.86           269    268    170     6.053     6.043     4.861     0.8579      0.8579      0.8574      0.7976
179     B         A            9           ALA           98.38           269    268    170     6.053     6.043     4.861     0.8562      0.8562      0.8558      0.7953
180     B         A           10           ARG           97.77           269    268    170     6.053     6.043     4.861     0.8207      0.8207      0.8202      0.7492
181     B         A           11           ILE           98.72           269    268    170     6.053     6.043     4.861     0.8669      0.8669      0.8665      0.8097
182     B         A           12           ALA           98.56           269    268    170     6.053     6.043     4.861     0.8499      0.8499      0.8495      0.7872
183     B         A           13           ALA           97.49           269    268    170     6.053     6.043     4.861     0.8341      0.8341      0.8336      0.7664
184     B         A           14           GLU           97.08           269    268    170     6.053     6.043     4.861     0.7647      0.7647      0.7641      0.6799
185     B         A           15           LEU           98.36           269    268    170     6.053     6.043     4.861     0.8172      0.8172      0.8167      0.7451
186     B         A           16           GLY           97.21           269    268    170     6.053     6.043     4.861     0.6974      0.6974      0.6967      0.6016
187     B         A           17           ALA           97.94           269    268    170     6.053     6.043     4.861     0.7821      0.7821      0.7815      0.7013
188     B         A           18           SER           96.83           269    268    170     6.053     6.043     4.861     0.7997      0.7997      0.7992      0.7233
189     B         A           19           ALA           96.68           269    268    170     6.053     6.043     4.861     0.8297      0.8297      0.8293      0.7613
190     B         A           20           GLU           96.58           269    268    170     6.053     6.043     4.861     0.8403      0.8403      0.8399      0.7752
191     B         A           21           GLN           98.34           269    268    170     6.053     6.043     4.861     0.8738      0.8738      0.8735      0.8193
192     B         A           22           VAL           98.26           269    268    170     6.053     6.043     4.861     0.8860      0.8860      0.8856      0.8356
193     B         A           23           ARG           97.99           269    268    170     6.053     6.043     4.861     0.8806      0.8806      0.8802      0.8284
194     B         A           24           VAL           98.54           269    268    170     6.053     6.043     4.861     0.8970      0.8970      0.8967      0.8508
195     B         A           25           VAL           98.67           269    268    170     6.053     6.043     4.861     0.8939      0.8939      0.8936      0.8466
196     B         A           26           ALA           98.56           269    268    170     6.053     6.043     4.861     0.8878      0.8878      0.8875      0.8382
197     B         A           27           LEU           98.60           269    268    170     6.053     6.043     4.861     0.9021      0.9021      0.9018      0.8578
198     B         A           28           VAL           98.74           269    268    170     6.053     6.043     4.861     0.9104      0.9104      0.9101      0.8695
199     B         A           29           VAL           98.78           269    268    170     6.053     6.043     4.861     0.9084      0.9084      0.9081      0.8667
200     B         A           30           ALA           98.80           269    268    170     6.053     6.043     4.861     0.9046      0.9046      0.9043      0.8613
201     B         A           31           GLU           98.49           269    268    170     6.053     6.043     4.861     0.9110      0.9110      0.9107      0.8704
202     B         A           32           ARG           98.22           269    268    170     6.053     6.043     4.861     0.8917      0.8917      0.8914      0.8435
203     B         A           33           ALA           98.45           269    268    170     6.053     6.043     4.861     0.8892      0.8892      0.8889      0.8403
204     B         A           34           ALA           98.40           269    268    170     6.053     6.043     4.861     0.8767      0.8767      0.8764      0.8233
205     B         A           35           LEU           97.99           269    268    170     6.053     6.043     4.861     0.8766      0.8766      0.8762      0.8229
206     B         A           36           GLY           97.02           269    268    170     6.053     6.043     4.861     0.8100      0.8100      0.8095      0.7364
207     B         A           37           LEU           97.78           269    268    170     6.053     6.043     4.861     0.8178      0.8178      0.8173      0.7462
208     B         A           38           PRO           94.84           269    268    170     6.053     6.043     4.861     0.7248      0.7248      0.7241      0.6349
209     B         A           39           LEU           97.09           269    268    170     6.053     6.043     4.861     0.6874      0.6874      0.6867      0.5926
210     B         A           40           ASP           97.91           269    268    170     6.053     6.043     4.861     0.7858      0.7858      0.7852      0.7064
211     B         A           41           VAL           98.51           269    268    170     6.053     6.043     4.861     0.8309      0.8309      0.8304      0.7630
212     B         A           42           GLU           98.42           269    268    170     6.053     6.043     4.861     0.8129      0.8129      0.8124      0.7403
213     B         A           43           GLU           98.11           269    268    170     6.053     6.043     4.861     0.8446      0.8446      0.8442      0.7813
214     B         A           44           GLU           98.49           269    268    170     6.053     6.043     4.861     0.8731      0.8731      0.8727      0.8186
215     B         A           45           VAL           98.91           269    268    170     6.053     6.043     4.861     0.8920      0.8920      0.8917      0.8440
216     B         A           46           ARG           98.84           269    268    170     6.053     6.043     4.861     0.8568      0.8568      0.8564      0.7970
217     B         A           47           GLU           98.17           269    268    170     6.053     6.043     4.861     0.8750      0.8750      0.8746      0.8216
218     B         A           48           THR           98.78           269    268    170     6.053     6.043     4.861     0.8954      0.8954      0.8951      0.8489
219     B         A           49           LEU           98.74           269    268    170     6.053     6.043     4.861     0.8966      0.8966      0.8963      0.8504
220     B         A           50           GLU           98.18           269    268    170     6.053     6.043     4.861     0.8598      0.8598      0.8594      0.8016
221     B         A           51           SER           98.33           269    268    170     6.053     6.043     4.861     0.8795      0.8795      0.8792      0.8276
222     B         A           52           LEU           98.66           269    268    170     6.053     6.043     4.861     0.8932      0.8932      0.8929      0.8460
223     B         A           53           ARG           97.83           269    268    170     6.053     6.043     4.861     0.8438      0.8438      0.8433      0.7800
224     B         A           54           ARG           97.02           269    268    170     6.053     6.043     4.861     0.8131      0.8131      0.8126      0.7416
225     B         A           55           HIS           96.61           269    268    170     6.053     6.043     4.861     0.8035      0.8035      0.8030      0.7296
226     B         A           56           GLY           96.22           269    268    170     6.053     6.043     4.861     0.6511      0.6511      0.6504      0.5540
227     B         A           57           PHE           96.05           269    268    170     6.053     6.043     4.861     0.5507      0.5507      0.5499      0.4484
228     B         A           58           THR           88.24           269    268    170     6.053     6.043     4.861     0.3991      0.3991      0.3983      0.3075
229     B         A           59           GLY           92.17           269    268    170     6.053     6.043     4.861     0.4029      0.4029      0.4021      0.3081
230     B         A           60           PRO           91.08           269    268    170     6.053     6.043     4.861     0.5589      0.5589      0.5581      0.4553
231     B         A           61           ASP           94.94           269    268    170     6.053     6.043     4.861     0.6373      0.6373      0.6365      0.5373
232     B         A           62           GLU           92.58           269    268    170     6.053     6.043     4.861     0.7033      0.7033      0.7027      0.6121
233     B         A           63           SER           92.70           269    268    170     6.053     6.043     4.861     0.7510      0.7510      0.7504      0.6659
234     B         A           64           GLY           96.79           269    268    170     6.053     6.043     4.861     0.7994      0.7994      0.7989      0.7247
235     B         A           65           GLU           97.21           269    268    170     6.053     6.043     4.861     0.8546      0.8546      0.8542      0.7949
236     B         A           66           ARG           95.61           269    268    170     6.053     6.043     4.861     0.8618      0.8618      0.8614      0.8043
237     B         A           67           THR           97.54           269    268    170     6.053     6.043     4.861     0.8778      0.8778      0.8774      0.8253
238     B         A           68           THR           98.56           269    268    170     6.053     6.043     4.861     0.9009      0.9009      0.9006      0.8566
239     B         A           69           PHE           97.72           269    268    170     6.053     6.043     4.861     0.8982      0.8982      0.8979      0.8528
240     B         A           70           ALA           97.19           269    268    170     6.053     6.043     4.861     0.8851      0.8851      0.8847      0.8348
241     B         A           71           VAL           98.46           269    268    170     6.053     6.043     4.861     0.8974      0.8974      0.8971      0.8516
242     B         A           72           LEU           98.64           269    268    170     6.053     6.043     4.861     0.8992      0.8992      0.8989      0.8541
243     B         A           73           ALA           96.82           269    268    170     6.053     6.043     4.861     0.8624      0.8624      0.8620      0.8043
244     B         A           74           ALA           96.57           269    268    170     6.053     6.043     4.861     0.8368      0.8368      0.8364      0.7706
245     B         A           75           ALA           97.28           269    268    170     6.053     6.043     4.861     0.8332      0.8332      0.8327      0.7663
246     B         A           76           TYR           97.82           269    268    170     6.053     6.043     4.861     0.8303      0.8303      0.8298      0.7619
247     B         A           77           GLY           96.10           269    268    170     6.053     6.043     4.861     0.7873      0.7873      0.7868      0.7076
248     B         A           78           GLU           94.73           269    268    170     6.053     6.043     4.861     0.7781      0.7781      0.7776      0.6967
249     B         A           79           GLU           97.40           269    268    170     6.053     6.043     4.861     0.7535      0.7535      0.7529      0.6673
250     B         A           80           ALA           97.88           269    268    170     6.053     6.043     4.861     0.8036      0.8036      0.8031      0.7279
251     B         A           81           ALA           98.11           269    268    170     6.053     6.043     4.861     0.8245      0.8245      0.8240      0.7543
252     B         A           82           ARG           97.95           269    268    170     6.053     6.043     4.861     0.8209      0.8209      0.8204      0.7500
253     B         A           83           GLU           98.48           269    268    170     6.053     6.043     4.861     0.8093      0.8093      0.8088      0.7351
254     B         A           84           VAL           98.67           269    268    170     6.053     6.043     4.861     0.8458      0.8458      0.8454      0.7819
255     B         A           85           LEU           98.47           269    268    170     6.053     6.043     4.861     0.8453      0.8453      0.8448      0.7811
256     B         A           86           GLU           98.66           269    268    170     6.053     6.043     4.861     0.8268      0.8268      0.8263      0.7575
257     B         A           87           THR           98.73           269    268    170     6.053     6.043     4.861     0.8370      0.8370      0.8366      0.7702
258     B         A           88           ALA           98.57           269    268    170     6.053     6.043     4.861     0.8205      0.8205      0.8200      0.7491
259     B         A           89           ARG           97.82           269    268    170     6.053     6.043     4.861     0.8098      0.8098      0.8093      0.7354
260     B         A           90           ARG           98.17           269    268    170     6.053     6.043     4.861     0.7780      0.7780      0.7774      0.6963
261     B         A           91           GLU           98.03           269    268    170     6.053     6.043     4.861     0.7685      0.7685      0.7679      0.6841
262     B         A           92           ALA           97.09           269    268    170     6.053     6.043     4.861     0.7134      0.7134      0.7128      0.6192
263     B         A           93           ALA           97.27           269    268    170     6.053     6.043     4.861     0.7037      0.7037      0.7030      0.6078
264     B         A           94           ARG           96.18           269    268    170     6.053     6.043     4.861     0.6155      0.6155      0.6147      0.5113
265     B         A           95           LEU           94.17           269    268    170     6.053     6.043     4.861     0.5022      0.5022      0.5014      0.3969
266     B         A           96           ALA           92.93           269    268    170     6.053     6.043     4.861     0.3867      0.3867      0.3859      0.2908
267     B         A           97           ALA           91.26           269    268    170     6.053     6.043     4.861     0.3135      0.3135      0.3128      0.2290
268     B         A           98           LEU           81.79           269    268    101     6.053     6.043     3.673     0.1543      0.1735      0.1730      0.0720
269     B         A           99           GLU           70.67           269    268      0     6.053     6.043     1.000     0.0663      0.0000      0.0000      0.0000
