i   AlignChn ScoredChain  AlignResNum  AlignResType  AlignRespLDDT      n0chn  n0dom  n0res    d0chn     d0dom     d0res   ipTM_pae  ipSAE_d0chn ipSAE_d0dom    ipSAE 
1       A         B            1           LYS           91.49           269    268     99     6.053     6.043     3.631     0.2948      0.2948      0.2941      0.1327
2       A         B            2           VAL           97.33           269    268     99     6.053     6.043     3.631     0.7602      0.7602      0.7596      0.5397
3       A         B            3           CYS           96.97           269    268     99     6.053     6.043     3.631     0.8344      0.8344      0.8340      0.6506
4       A         B            4           ASN           96.66           269    268     99     6.053     6.043     3.631     0.8521      0.8521      0.8517      0.6808
5       A         B            5           GLY           97.68           269    268     99     6.053     6.043     3.631     0.8275      0.8275      0.8271      0.6431
6       A         B            6           ILE           95.82           269    268     99     6.053     6.043     3.631     0.8364      0.8364      0.8359      0.6568
7       A         B            7           GLY           93.40           269    268     99     6.053     6.043     3.631     0.6923      0.6923      0.6916      0.4588
8       A         B            8           ILE           90.38           269    268     99     6.053     6.043     3.631     0.6871      0.6871      0.6864      0.4548
9       A         B            9           GLY           93.41           269    268     99     6.053     6.043     3.631     0.6238      0.6238      0.6230      0.3819
10      A         B           10           GLU           89.85           269    268     99     6.053     6.043     3.631     0.5994      0.5994      0.5986      0.3607
11      A         B           11           PHE           94.05           269    268     99     6.053     6.043     3.631     0.7604      0.7604      0.7598      0.5429
12      A         B           12           LYS           92.47           269    268     99     6.053     6.043     3.631     0.7052      0.7052      0.7045      0.4750
13      A         B           13           ASP           87.83           269    268     99     6.053     6.043     3.631     0.6596      0.6596      0.6588      0.4299
14      A         B           14           THR           92.88           269    268     99     6.053     6.043     3.631     0.7854      0.7854      0.7849      0.5836
15      A         B           15           LEU           92.11           269    268     99     6.053     6.043     3.631     0.7977      0.7977      0.7972      0.5991
16      A         B           16           SER           95.10           269    268     99     6.053     6.043     3.631     0.8600      0.8600      0.8596      0.6973
17      A         B           17           ILE           95.71           269    268     99     6.053     6.043     3.631     0.8713      0.8713      0.8710      0.7166
18      A         B           18           ASN           92.96           269    268     99     6.053     6.043     3.631     0.8383      0.8383      0.8379      0.6592
19      A         B           19           ALA           95.11           269    268     99     6.053     6.043     3.631     0.8196      0.8196      0.8191      0.6298
20      A         B           20           THR           91.76           269    268     99     6.053     6.043     3.631     0.7212      0.7212      0.7206      0.4943
21      A         B           21           ASN           93.57           269    268     99     6.053     6.043     3.631     0.8267      0.8267      0.8263      0.6407
22      A         B           22           ILE           95.64           269    268     99     6.053     6.043     3.631     0.8360      0.8360      0.8355      0.6546
23      A         B           23           LYS           93.51           269    268     99     6.053     6.043     3.631     0.7513      0.7513      0.7507      0.5324
24      A         B           24           HIS           93.15           269    268     99     6.053     6.043     3.631     0.6932      0.6932      0.6925      0.4583
25      A         B           25           PHE           96.97           269    268     99     6.053     6.043     3.631     0.8228      0.8228      0.8223      0.6324
26      A         B           26           LYS           95.06           269    268     99     6.053     6.043     3.631     0.7553      0.7553      0.7547      0.5347
27      A         B           27           TYR           96.47           269    268     99     6.053     6.043     3.631     0.6445      0.6445      0.6437      0.4016
28      A         B           28           CYS           97.78           269    268     99     6.053     6.043     3.631     0.7984      0.7984      0.7979      0.5938
29      A         B           29           THR           97.94           269    268     99     6.053     6.043     3.631     0.8053      0.8053      0.8048      0.6042
30      A         B           30           ALA           98.38           269    268     99     6.053     6.043     3.631     0.8677      0.8677      0.8673      0.7068
31      A         B           31           ILE           98.49           269    268     99     6.053     6.043     3.631     0.8930      0.8930      0.8927      0.7548
32      A         B           32           SER           97.67           269    268     99     6.053     6.043     3.631     0.8614      0.8614      0.8610      0.6961
33      A         B           33           GLY           97.46           269    268     99     6.053     6.043     3.631     0.8599      0.8599      0.8595      0.6967
34      A         B           34           ASP           97.64           269    268     99     6.053     6.043     3.631     0.8864      0.8864      0.8860      0.7439
35      A         B           35           LEU           98.19           269    268     99     6.053     6.043     3.631     0.8928      0.8928      0.8925      0.7573
36      A         B           36           HIS           96.63           269    268     99     6.053     6.043     3.631     0.8457      0.8457      0.8452      0.6757
37      A         B           37           ILE           98.41           269    268     99     6.053     6.043     3.631     0.9180      0.9180      0.9178      0.8080
38      A         B           38           LEU           97.16           269    268     99     6.053     6.043     3.631     0.9191      0.9191      0.9188      0.8101
39      A         B           39           PRO           95.82           269    268     99     6.053     6.043     3.631     0.8901      0.8901      0.8898      0.7533
40      A         B           40           VAL           92.91           269    268     99     6.053     6.043     3.631     0.8556      0.8556      0.8552      0.6920
41      A         B           41           ALA           95.56           269    268     99     6.053     6.043     3.631     0.8659      0.8659      0.8655      0.7082
42      A         B           42           PHE           95.88           269    268     99     6.053     6.043     3.631     0.8143      0.8143      0.8138      0.6244
43      A         B           43           LYS           91.89           269    268     99     6.053     6.043     3.631     0.6226      0.6226      0.6219      0.3885
44      A         B           44           GLY           91.17           269    268     99     6.053     6.043     3.631     0.4820      0.4820      0.4812      0.2643
45      A         B           45           ASP           84.69           269    268     99     6.053     6.043     3.631     0.4219      0.4219      0.4211      0.2178
46      A         B           46           SER           78.10           269    268     99     6.053     6.043     3.631     0.3381      0.3381      0.3374      0.1644
47      A         B           47           PHE           73.10           269    268     99     6.053     6.043     3.631     0.3829      0.3829      0.3822      0.1930
48      A         B           48           THR           79.65           269    268     99     6.053     6.043     3.631     0.4136      0.4136      0.4128      0.2108
49      A         B           49           ARG           87.45           269    268     99     6.053     6.043     3.631     0.4115      0.4115      0.4107      0.2097
50      A         B           50           THR           89.42           269    268     99     6.053     6.043     3.631     0.4849      0.4849      0.4841      0.2635
51      A         B           51           PRO           93.14           269    268     99     6.053     6.043     3.631     0.5816      0.5816      0.5808      0.3470
52      A         B           52           PRO           94.25           269    268     99     6.053     6.043     3.631     0.7175      0.7175      0.7168      0.4899
53      A         B           53           LEU           95.86           269    268     99     6.053     6.043     3.631     0.8159      0.8159      0.8154      0.6241
54      A         B           54           ASP           95.49           269    268     99     6.053     6.043     3.631     0.7816      0.7816      0.7810      0.5722
55      A         B           55           PRO           95.26           269    268     99     6.053     6.043     3.631     0.7152      0.7152      0.7145      0.4846
56      A         B           56           ARG           95.76           269    268     99     6.053     6.043     3.631     0.6933      0.6933      0.6926      0.4591
57      A         B           57           GLU           96.10           269    268     99     6.053     6.043     3.631     0.8061      0.8061      0.8056      0.6064
58      A         B           58           LEU           97.67           269    268     99     6.053     6.043     3.631     0.8507      0.8507      0.8503      0.6789
59      A         B           59           GLU           96.72           269    268     99     6.053     6.043     3.631     0.7983      0.7983      0.7978      0.5967
60      A         B           60           ILE           96.74           269    268     99     6.053     6.043     3.631     0.8145      0.8145      0.8140      0.6190
61      A         B           61           LEU           98.31           269    268     99     6.053     6.043     3.631     0.8741      0.8741      0.8738      0.7201
62      A         B           62           LYS           97.68           269    268     99     6.053     6.043     3.631     0.8390      0.8390      0.8385      0.6592
63      A         B           63           THR           97.85           269    268     99     6.053     6.043     3.631     0.8000      0.8000      0.7995      0.5967
64      A         B           64           VAL           98.58           269    268     99     6.053     6.043     3.631     0.8842      0.8842      0.8839      0.7385
65      A         B           65           LYS           98.61           269    268     99     6.053     6.043     3.631     0.8453      0.8453      0.8448      0.6684
66      A         B           66           GLU           98.69           269    268     99     6.053     6.043     3.631     0.8970      0.8970      0.8967      0.7621
67      A         B           67           ILE           98.84           269    268     99     6.053     6.043     3.631     0.9228      0.9228      0.9226      0.8157
68      A         B           68           THR           98.45           269    268     99     6.053     6.043     3.631     0.9035      0.9035      0.9032      0.7756
69      A         B           69           GLY           98.16           269    268     99     6.053     6.043     3.631     0.8992      0.8992      0.8989      0.7686
70      A         B           70           PHE           98.43           269    268     99     6.053     6.043     3.631     0.9244      0.9244      0.9242      0.8200
71      A         B           71           LEU           98.94           269    268     99     6.053     6.043     3.631     0.9387      0.9387      0.9385      0.8511
72      A         B           72           LEU           98.60           269    268     99     6.053     6.043     3.631     0.9347      0.9347      0.9345      0.8425
73      A         B           73           ILE           98.91           269    268     99     6.053     6.043     3.631     0.9367      0.9367      0.9365      0.8471
74      A         B           74           GLN           98.39           269    268     99     6.053     6.043     3.631     0.9194      0.9194      0.9191      0.8108
75      A         B           75           ALA           97.55           269    268     99     6.053     6.043     3.631     0.9155      0.9155      0.9152      0.8014
76      A         B           76           TRP           98.44           269    268     99     6.053     6.043     3.631     0.9000      0.9000      0.8997      0.7709
77      A         B           77           PRO           96.98           269    268     99     6.053     6.043     3.631     0.8302      0.8302      0.8297      0.6461
78      A         B           78           ASP           90.76           269    268     99     6.053     6.043     3.631     0.6142      0.6142      0.6134      0.3766
79      A         B           79           ASN           90.54           269    268     99     6.053     6.043     3.631     0.5628      0.5628      0.5620      0.3306
80      A         B           80           TRP           97.45           269    268     99     6.053     6.043     3.631     0.7996      0.7996      0.7991      0.5982
81      A         B           81           THR           95.25           269    268     99     6.053     6.043     3.631     0.6856      0.6856      0.6849      0.4486
82      A         B           82           ASP           97.26           269    268     99     6.053     6.043     3.631     0.7946      0.7946      0.7941      0.5894
83      A         B           83           LEU           98.66           269    268     99     6.053     6.043     3.631     0.8761      0.8761      0.8757      0.7243
84      A         B           84           HIS           97.17           269    268     99     6.053     6.043     3.631     0.7868      0.7868      0.7863      0.5792
85      A         B           85           ALA           97.74           269    268     99     6.053     6.043     3.631     0.8211      0.8211      0.8206      0.6295
86      A         B           86           PHE           98.87           269    268     99     6.053     6.043     3.631     0.8881      0.8881      0.8878      0.7466
87      A         B           87           GLU           97.94           269    268     99     6.053     6.043     3.631     0.8180      0.8180      0.8175      0.6260
88      A         B           88           ASN           98.56           269    268     99     6.053     6.043     3.631     0.8619      0.8619      0.8615      0.6975
89      A         B           89           LEU           98.90           269    268     99     6.053     6.043     3.631     0.9021      0.9021      0.9018      0.7733
90      A         B           90           GLU           98.79           269    268     99     6.053     6.043     3.631     0.8735      0.8735      0.8731      0.7182
91      A         B           91           ILE           98.81           269    268     99     6.053     6.043     3.631     0.8963      0.8963      0.8960      0.7608
92      A         B           92           ILE           98.96           269    268     99     6.053     6.043     3.631     0.9228      0.9228      0.9226      0.8158
93      A         B           93           ARG           98.71           269    268     99     6.053     6.043     3.631     0.8901      0.8901      0.8898      0.7493
94      A         B           94           GLY           98.13           269    268     99     6.053     6.043     3.631     0.8751      0.8751      0.8747      0.7214
95      A         B           95           ARG           96.67           269    268     99     6.053     6.043     3.631     0.8351      0.8351      0.8346      0.6528
96      A         B           96           THR           94.69           269    268     99     6.053     6.043     3.631     0.8824      0.8824      0.8821      0.7369
97      A         B           97           LYS           95.98           269    268     99     6.053     6.043     3.631     0.9046      0.9046      0.9043      0.7802
98      A         B           98           GLN           97.61           269    268     99     6.053     6.043     3.631     0.9106      0.9106      0.9104      0.7924
99      A         B           99           HIS           97.53           269    268     99     6.053     6.043     3.631     0.9137      0.9137      0.9134      0.7983
100     A         B          100           GLY           96.97           269    268     99     6.053     6.043     3.631     0.8931      0.8931      0.8928      0.7586
101     A         B          101           GLN           97.17           269    268     99     6.053     6.043     3.631     0.8913      0.8913      0.8909      0.7537
102     A         B          102           PHE           98.50           269    268     99     6.053     6.043     3.631     0.9330      0.9330      0.9328      0.8389
103     A         B          103           SER           98.39           269    268     99     6.053     6.043     3.631     0.9136      0.9136      0.9133      0.7975
104     A         B          104           LEU           98.91           269    268     99     6.053     6.043     3.631     0.9378      0.9378      0.9376      0.8492
105     A         B          105           ALA           98.69           269    268     99     6.053     6.043     3.631     0.9297      0.9297      0.9295      0.8323
106     A         B          106           VAL           98.87           269    268     99     6.053     6.043     3.631     0.9316      0.9316      0.9314      0.8362
107     A         B          107           VAL           97.69           269    268     99     6.053     6.043     3.631     0.8819      0.8819      0.8816      0.7391
108     A         B          108           GLY           97.84           269    268     99     6.053     6.043     3.631     0.8829      0.8829      0.8825      0.7388
109     A         B          109           LEU           98.43           269    268     99     6.053     6.043     3.631     0.9114      0.9114      0.9111      0.7934
110     A         B          110           ASN           96.40           269    268     99     6.053     6.043     3.631     0.8724      0.8724      0.8720      0.7193
111     A         B          111           ILE           98.18           269    268     99     6.053     6.043     3.631     0.8856      0.8856      0.8853      0.7427
112     A         B          112           THR           94.55           269    268     99     6.053     6.043     3.631     0.8480      0.8480      0.8476      0.6754
113     A         B          113           SER           94.70           269    268     99     6.053     6.043     3.631     0.7696      0.7696      0.7691      0.5542
114     A         B          114           LEU           97.97           269    268     99     6.053     6.043     3.631     0.8478      0.8478      0.8474      0.6739
115     A         B          115           GLY           97.05           269    268     99     6.053     6.043     3.631     0.7341      0.7341      0.7334      0.5072
116     A         B          116           LEU           98.12           269    268     99     6.053     6.043     3.631     0.8068      0.8068      0.8063      0.6075
117     A         B          117           ARG           94.32           269    268     99     6.053     6.043     3.631     0.5908      0.5908      0.5900      0.3528
118     A         B          118           SER           98.27           269    268     99     6.053     6.043     3.631     0.8088      0.8088      0.8082      0.6089
119     A         B          119           LEU           98.40           269    268     99     6.053     6.043     3.631     0.8669      0.8669      0.8665      0.7062
120     A         B          120           LYS           97.65           269    268     99     6.053     6.043     3.631     0.7304      0.7304      0.7297      0.5007
121     A         B          121           GLU           98.57           269    268     99     6.053     6.043     3.631     0.8760      0.8760      0.8756      0.7223
122     A         B          122           ILE           98.83           269    268     99     6.053     6.043     3.631     0.9072      0.9072      0.9069      0.7834
123     A         B          123           SER           98.31           269    268     99     6.053     6.043     3.631     0.8672      0.8672      0.8668      0.7069
124     A         B          124           ASP           97.39           269    268     99     6.053     6.043     3.631     0.8900      0.8900      0.8897      0.7502
125     A         B          125           GLY           98.22           269    268     99     6.053     6.043     3.631     0.8754      0.8754      0.8751      0.7246
126     A         B          126           ASP           98.54           269    268     99     6.053     6.043     3.631     0.9176      0.9176      0.9174      0.8057
127     A         B          127           VAL           98.72           269    268     99     6.053     6.043     3.631     0.9304      0.9304      0.9302      0.8331
128     A         B          128           ILE           98.58           269    268     99     6.053     6.043     3.631     0.9303      0.9303      0.9300      0.8330
129     A         B          129           ILE           98.69           269    268     99     6.053     6.043     3.631     0.9283      0.9283      0.9280      0.8288
130     A         B          130           SER           97.53           269    268     99     6.053     6.043     3.631     0.8608      0.8608      0.8605      0.7009
131     A         B          131           GLY           97.81           269    268     99     6.053     6.043     3.631     0.8699      0.8699      0.8696      0.7153
132     A         B          132           ASN           98.01           269    268     99     6.053     6.043     3.631     0.8912      0.8912      0.8909      0.7533
133     A         B          133           ARG           92.75           269    268     99     6.053     6.043     3.631     0.8027      0.8027      0.8022      0.6044
134     A         B          134           ASN           95.20           269    268     99     6.053     6.043     3.631     0.8463      0.8463      0.8458      0.6731
135     A         B          135           LEU           97.38           269    268     99     6.053     6.043     3.631     0.8674      0.8674      0.8670      0.7082
136     A         B          136           CYS           94.53           269    268     99     6.053     6.043     3.631     0.7152      0.7152      0.7145      0.4856
137     A         B          137           TYR           90.89           269    268     99     6.053     6.043     3.631     0.5090      0.5090      0.5082      0.2772
138     A         B          138           ALA           94.39           269    268     99     6.053     6.043     3.631     0.5906      0.5906      0.5898      0.3495
139     A         B          139           ASN           86.58           269    268     99     6.053     6.043     3.631     0.5152      0.5152      0.5144      0.2837
140     A         B          140           THR           88.32           269    268     99     6.053     6.043     3.631     0.4975      0.4975      0.4966      0.2696
141     A         B          141           ILE           94.93           269    268     99     6.053     6.043     3.631     0.6732      0.6732      0.6725      0.4333
142     A         B          142           ASN           95.70           269    268     99     6.053     6.043     3.631     0.6971      0.6971      0.6964      0.4608
143     A         B          143           TRP           97.85           269    268     99     6.053     6.043     3.631     0.8159      0.8159      0.8154      0.6221
144     A         B          144           LYS           95.93           269    268     99     6.053     6.043     3.631     0.7657      0.7657      0.7651      0.5485
145     A         B          145           LYS           96.51           269    268     99     6.053     6.043     3.631     0.7448      0.7448      0.7442      0.5203
146     A         B          146           LEU           98.10           269    268     99     6.053     6.043     3.631     0.8401      0.8401      0.8397      0.6598
147     A         B          147           PHE           98.50           269    268     99     6.053     6.043     3.631     0.8439      0.8439      0.8434      0.6664
148     A         B          148           GLY           97.80           269    268     99     6.053     6.043     3.631     0.6657      0.6657      0.6650      0.4263
149     A         B          149           THR           94.67           269    268     99     6.053     6.043     3.631     0.6867      0.6867      0.6860      0.4518
150     A         B          150           PRO           95.53           269    268     99     6.053     6.043     3.631     0.6509      0.6509      0.6502      0.4162
151     A         B          151           ASN           91.93           269    268     99     6.053     6.043     3.631     0.7079      0.7079      0.7072      0.4804
152     A         B          152           GLN           98.06           269    268     99     6.053     6.043     3.631     0.8439      0.8439      0.8435      0.6690
153     A         B          153           LYS           96.99           269    268     99     6.053     6.043     3.631     0.8238      0.8238      0.8234      0.6378
154     A         B          154           THR           97.63           269    268     99     6.053     6.043     3.631     0.8625      0.8625      0.8621      0.7021
155     A         B          155           LYS           97.45           269    268     99     6.053     6.043     3.631     0.8789      0.8789      0.8785      0.7315
156     A         B          156           ILE           97.28           269    268     99     6.053     6.043     3.631     0.8700      0.8700      0.8696      0.7149
157     A         B          157           MET           94.79           269    268     99     6.053     6.043     3.631     0.6994      0.6994      0.6988      0.4718
158     A         B          158           ASN           96.14           269    268     99     6.053     6.043     3.631     0.8256      0.8256      0.8252      0.6401
159     A         B          159           ASN           97.10           269    268     99     6.053     6.043     3.631     0.8627      0.8627      0.8623      0.7003
160     A         B          160           ARG           94.20           269    268     99     6.053     6.043     3.631     0.7790      0.7790      0.7784      0.5679
161     A         B          161           ALA           92.75           269    268     99     6.053     6.043     3.631     0.6295      0.6295      0.6288      0.3909
162     A         B          162           GLU           88.03           269    268     99     6.053     6.043     3.631     0.5547      0.5547      0.5539      0.3181
163     A         B          163           LYS           90.81           269    268     99     6.053     6.043     3.631     0.5149      0.5149      0.5141      0.2826
164     A         B          164           ASP           90.76           269    268     99     6.053     6.043     3.631     0.5391      0.5391      0.5383      0.3020
165     A         B          165           CYS           91.95           269    268     99     6.053     6.043     3.631     0.5602      0.5602      0.5594      0.3207
166     A         B          166           LYS           86.95           269    268     99     6.053     6.043     3.631     0.4608      0.4608      0.4599      0.2395
167     A         B          167           ALA           81.90           269    268     99     6.053     6.043     3.631     0.3206      0.3206      0.3198      0.1466
168     A         B          168           VAL           73.19           269    268     98     6.053     6.043     3.609     0.2114      0.2122      0.2116      0.0879
169     A         B          169           ASN           61.96           269    268      3     6.053     6.043     1.000     0.0969      0.1482      0.1478      0.0047
170     A         B          170           HIS           51.34           269    268      0     6.053     6.043     1.000     0.0651      0.0000      0.0000      0.0000
171     B         A            1           MET           93.26           269    268    170     6.053     6.043     4.861     0.4147      0.4147      0.4139      0.3164
172     B         A            2           VAL           95.90           269    268    170     6.053     6.043     4.861     0.6708      0.6708      0.6701      0.5710
173     B         A            3           GLU           97.28           269    268    170     6.053     6.043     4.861     0.7023      0.7023      0.7016      0.6065
174     B         A            4           LEU           97.65           269    268    170     6.053     6.043     4.861     0.8168      0.8168      0.8163      0.7443
175     B         A            5           VAL           98.23           269    268    170     6.053     6.043     4.861     0.8403      0.8403      0.8399      0.7744
176     B         A            6           ARG           97.95           269    268    170     6.053     6.043     4.861     0.8374      0.8374      0.8369      0.7705
177     B         A            7           GLU           98.33           269    268    170     6.053     6.043     4.861     0.8413      0.8413      0.8409      0.7759
178     B         A            8           ALA           98.76           269    268    170     6.053     6.043     4.861     0.8612      0.8612      0.8608      0.8019
179     B         A            9           ALA           98.18           269    268    170     6.053     6.043     4.861     0.8609      0.8609      0.8605      0.8014
180     B         A           10           ARG           97.62           269    268    170     6.053     6.043     4.861     0.8252      0.8252      0.8248      0.7549
181     B         A           11           ILE           98.62           269    268    170     6.053     6.043     4.861     0.8692      0.8692      0.8688      0.8127
182     B         A           12           ALA           98.29           269    268    170     6.053     6.043     4.861     0.8448      0.8448      0.8443      0.7802
183     B         A           13           ALA           96.87           269    268    170     6.053     6.043     4.861     0.8240      0.8240      0.8235      0.7534
184     B         A           14           GLU           96.76           269    268    170     6.053     6.043     4.861     0.7553      0.7553      0.7547      0.6685
185     B         A           15           LEU           97.98           269    268    170     6.053     6.043     4.861     0.8044      0.8044      0.8038      0.7287
186     B         A           16           GLY           96.60           269    268    170     6.053     6.043     4.861     0.6764      0.6764      0.6757      0.5778
187     B         A           17           ALA           97.34           269    268    170     6.053     6.043     4.861     0.7695      0.7695      0.7689      0.6857
188     B         A           18           SER           95.80           269    268    170     6.053     6.043     4.861     0.7923      0.7923      0.7917      0.7138
189     B         A           19           ALA           95.62           269    268    170     6.053     6.043     4.861     0.8252      0.8252      0.8247      0.7554
190     B         A           20           GLU           95.30           269    268    170     6.053     6.043     4.861     0.8311      0.8311      0.8306      0.7631
191     B         A           21           GLN           97.48           269    268    170     6.053     6.043     4.861     0.8608      0.8608      0.8604      0.8017
192     B         A           22           VAL           97.75           269    268    170     6.053     6.043     4.861     0.8852      0.8852      0.8848      0.8344
193     B         A           23           ARG           97.25           269    268    170     6.053     6.043     4.861     0.8823      0.8823      0.8819      0.8305
194     B         A           24           VAL           97.96           269    268    170     6.053     6.043     4.861     0.8958      0.8958      0.8955      0.8491
195     B         A           25           VAL           98.30           269    268    170     6.053     6.043     4.861     0.8945      0.8945      0.8942      0.8472
196     B         A           26           ALA           98.21           269    268    170     6.053     6.043     4.861     0.8921      0.8921      0.8918      0.8439
197     B         A           27           LEU           98.23           269    268    170     6.053     6.043     4.861     0.9092      0.9092      0.9090      0.8677
198     B         A           28           VAL           98.52           269    268    170     6.053     6.043     4.861     0.9177      0.9177      0.9174      0.8795
199     B         A           29           VAL           98.65           269    268    170     6.053     6.043     4.861     0.9165      0.9165      0.9162      0.8779
200     B         A           30           ALA           98.61           269    268    170     6.053     6.043     4.861     0.9122      0.9122      0.9120      0.8719
201     B         A           31           GLU           98.21           269    268    170     6.053     6.043     4.861     0.9196      0.9196      0.9194      0.8823
202     B         A           32           ARG           97.77           269    268    170     6.053     6.043     4.861     0.8983      0.8983      0.8980      0.8525
203     B         A           33           ALA           98.23           269    268    170     6.053     6.043     4.861     0.9024      0.9024      0.9021      0.8582
204     B         A           34           ALA           98.10           269    268    170     6.053     6.043     4.861     0.8938      0.8938      0.8935      0.8464
205     B         A           35           LEU           97.92           269    268    170     6.053     6.043     4.861     0.8970      0.8970      0.8967      0.8507
206     B         A           36           GLY           97.19           269    268    170     6.053     6.043     4.861     0.8359      0.8359      0.8354      0.7694
207     B         A           37           LEU           97.45           269    268    170     6.053     6.043     4.861     0.8331      0.8331      0.8326      0.7656
208     B         A           38           PRO           94.23           269    268    170     6.053     6.043     4.861     0.7696      0.7696      0.7690      0.6875
209     B         A           39           LEU           96.90           269    268    170     6.053     6.043     4.861     0.7609      0.7609      0.7603      0.6766
210     B         A           40           ASP           97.57           269    268    170     6.053     6.043     4.861     0.8173      0.8173      0.8168      0.7455
211     B         A           41           VAL           98.37           269    268    170     6.053     6.043     4.861     0.8512      0.8512      0.8507      0.7891
212     B         A           42           GLU           98.15           269    268    170     6.053     6.043     4.861     0.8261      0.8261      0.8256      0.7568
213     B         A           43           GLU           97.71           269    268    170     6.053     6.043     4.861     0.8531      0.8531      0.8527      0.7923
214     B         A           44           GLU           98.18           269    268    170     6.053     6.043     4.861     0.8784      0.8784      0.8780      0.8255
215     B         A           45           VAL           98.84           269    268    170     6.053     6.043     4.861     0.8967      0.8967      0.8964      0.8504
216     B         A           46           ARG           98.68           269    268    170     6.053     6.043     4.861     0.8643      0.8643      0.8639      0.8068
217     B         A           47           GLU           97.74           269    268    170     6.053     6.043     4.861     0.8769      0.8769      0.8765      0.8240
218     B         A           48           THR           98.55           269    268    170     6.053     6.043     4.861     0.8964      0.8964      0.8961      0.8502
219     B         A           49           LEU           98.45           269    268    170     6.053     6.043     4.861     0.8954      0.8954      0.8951      0.8487
220     B         A           50           GLU           97.77           269    268    170     6.053     6.043     4.861     0.8605      0.8605      0.8601      0.8024
221     B         A           51           SER           97.94           269    268    170     6.053     6.043     4.861     0.8776      0.8776      0.8773      0.8249
222     B         A           52           LEU           98.15           269    268    170     6.053     6.043     4.861     0.8863      0.8863      0.8859      0.8364
223     B         A           53           ARG           97.05           269    268    170     6.053     6.043     4.861     0.8382      0.8382      0.8378      0.7729
224     B         A           54           ARG           96.29           269    268    170     6.053     6.043     4.861     0.8020      0.8020      0.8015      0.7275
225     B         A           55           HIS           95.88           269    268    170     6.053     6.043     4.861     0.7890      0.7890      0.7884      0.7115
226     B         A           56           GLY           95.29           269    268    170     6.053     6.043     4.861     0.6267      0.6267      0.6260      0.5279
227     B         A           57           PHE           94.74           269    268    170     6.053     6.043     4.861     0.5064      0.5064      0.5056      0.4048
228     B         A           58           THR           86.34           269    268    170     6.053     6.043     4.861     0.3847      0.3847      0.3840      0.2941
229     B         A           59           GLY           90.34           269    268    170     6.053     6.043     4.861     0.3909      0.3909      0.3901      0.2971
230     B         A           60           PRO           88.84           269    268    170     6.053     6.043     4.861     0.5439      0.5439      0.5430      0.4401
231     B         A           61           ASP           93.22           269    268    170     6.053     6.043     4.861     0.6209      0.6209      0.6201      0.5196
232     B         A           62           GLU           90.85           269    268    170     6.053     6.043     4.861     0.7102      0.7102      0.7095      0.6194
233     B         A           63           SER           90.59           269    268    170     6.053     6.043     4.861     0.7590      0.7590      0.7584      0.6751
234     B         A           64           GLY           95.89           269    268    170     6.053     6.043     4.861     0.8070      0.8070      0.8065      0.7337
235     B         A           65           GLU           96.36           269    268    170     6.053     6.043     4.861     0.8640      0.8640      0.8636      0.8071
236     B         A           66           ARG           93.51           269    268    170     6.053     6.043     4.861     0.8722      0.8722      0.8719      0.8178
237     B         A           67           THR           96.68           269    268    170     6.053     6.043     4.861     0.8907      0.8907      0.8904      0.8426
238     B         A           68           THR           98.07           269    268    170     6.053     6.043     4.861     0.9100      0.9100      0.9097      0.8690
239     B         A           69           PHE           95.82           269    268    170     6.053     6.043     4.861     0.9090      0.9090      0.9087      0.8675
240     B         A           70           ALA           94.56           269    268    170     6.053     6.043     4.861     0.8986      0.8986      0.8983      0.8531
241     B         A           71           VAL           97.51           269    268    170     6.053     6.043     4.861     0.9141      0.9141      0.9139      0.8747
242     B         A           72           LEU           97.69           269    268    170     6.053     6.043     4.861     0.9120      0.9120      0.9118      0.8717
243     B         A           73           ALA           93.53           269    268    170     6.053     6.043     4.861     0.8769      0.8769      0.8765      0.8235
244     B         A           74           ALA           93.91           269    268    170     6.053     6.043     4.861     0.8568      0.8568      0.8564      0.7966
245     B         A           75           ALA           95.68           269    268    170     6.053     6.043     4.861     0.8501      0.8501      0.8497      0.7883
246     B         A           76           TYR           96.58           269    268    170     6.053     6.043     4.861     0.8490      0.8490      0.8486      0.7861
247     B         A           77           GLY           93.77           269    268    170     6.053     6.043     4.861     0.8005      0.8005      0.8000      0.7239
248     B         A           78           GLU           91.58           269    268    170     6.053     6.043     4.861     0.7845      0.7845      0.7840      0.7044
249     B         A           79           GLU           96.09           269    268    170     6.053     6.043     4.861     0.7558      0.7558      0.7552      0.6701
250     B         A           80           ALA           96.62           269    268    170     6.053     6.043     4.861     0.8156      0.8156      0.8151      0.7429
251     B         A           81           ALA           96.62           269    268    170     6.053     6.043     4.861     0.8397      0.8397      0.8392      0.7738
252     B         A           82           ARG           96.96           269    268    170     6.053     6.043     4.861     0.8299      0.8299      0.8294      0.7614
253     B         A           83           GLU           98.01           269    268    170     6.053     6.043     4.861     0.8163      0.8163      0.8158      0.7439
254     B         A           84           VAL           98.34           269    268    170     6.053     6.043     4.861     0.8522      0.8522      0.8517      0.7901
255     B         A           85           LEU           97.94           269    268    170     6.053     6.043     4.861     0.8575      0.8575      0.8571      0.7971
256     B         A           86           GLU           98.36           269    268    170     6.053     6.043     4.861     0.8318      0.8318      0.8313      0.7637
257     B         A           87           THR           98.47           269    268    170     6.053     6.043     4.861     0.8426      0.8426      0.8421      0.7773
258     B         A           88           ALA           98.18           269    268    170     6.053     6.043     4.861     0.8267      0.8267      0.8262      0.7567
259     B         A           89           ARG           97.18           269    268    170     6.053     6.043     4.861     0.8132      0.8132      0.8127      0.7395
260     B         A           90           ARG           97.79           269    268    170     6.053     6.043     4.861     0.7806      0.7806      0.7801      0.6993
261     B         A           91           GLU           97.63           269    268    170     6.053     6.043     4.861     0.7796      0.7796      0.7791      0.6975
262     B         A           92           ALA           96.49           269    268    170     6.053     6.043     4.861     0.7270      0.7270      0.7264      0.6347
263     B         A           93           ALA           96.78           269    268    170     6.053     6.043     4.861     0.7181      0.7181      0.7174      0.6243
264     B         A           94           ARG           95.58           269    268    170     6.053     6.043     4.861     0.6341      0.6341      0.6334      0.5311
265     B         A           95           LEU           94.18           269    268    170     6.053     6.043     4.861     0.5410      0.5410      0.5402      0.4345
266     B         A           96           ALA           93.03           269    268    170     6.053     6.043     4.861     0.4277      0.4277      0.4269      0.3271
267     B         A           97           ALA           91.51           269    268    170     6.053     6.043     4.861     0.3480      0.3480      0.3472      0.2576
268     B         A           98           LEU           82.97           269    268    154     6.053     6.043     4.623     0.1759      0.1808      0.1803      0.1144
269     B         A           99           GLU           70.86           269    268      0     6.053     6.043     1.000     0.0763      0.0000      0.0000      0.0000
