i   AlignChn ScoredChain  AlignResNum  AlignResType  AlignRespLDDT      n0chn  n0dom  n0res    d0chn     d0dom     d0res   ipTM_pae  ipSAE_d0chn ipSAE_d0dom    ipSAE 
1       A         B            1           LYS           91.75           268    267     98     6.043     6.032     3.609     0.2994      0.2994      0.2987      0.1343
2       A         B            2           VAL           97.87           268    267     98     6.043     6.032     3.609     0.6986      0.6986      0.6979      0.4613
3       A         B            3           CYS           97.41           268    267     98     6.043     6.032     3.609     0.7996      0.7996      0.7991      0.5953
4       A         B            4           ASN           97.39           268    267     98     6.043     6.032     3.609     0.8303      0.8303      0.8298      0.6428
5       A         B            5           GLY           98.10           268    267     98     6.043     6.032     3.609     0.7898      0.7898      0.7893      0.5849
6       A         B            6           ILE           96.62           268    267     98     6.043     6.032     3.609     0.7867      0.7867      0.7862      0.5797
7       A         B            7           GLY           93.98           268    267     98     6.043     6.032     3.609     0.6384      0.6384      0.6377      0.3992
8       A         B            8           ILE           91.90           268    267     98     6.043     6.032     3.609     0.6391      0.6391      0.6383      0.4015
9       A         B            9           GLY           95.40           268    267     98     6.043     6.032     3.609     0.5536      0.5536      0.5528      0.3145
10      A         B           10           GLU           92.86           268    267     98     6.043     6.032     3.609     0.5109      0.5109      0.5101      0.2822
11      A         B           11           PHE           95.45           268    267     98     6.043     6.032     3.609     0.6884      0.6884      0.6877      0.4525
12      A         B           12           LYS           93.37           268    267     98     6.043     6.032     3.609     0.6214      0.6214      0.6206      0.3838
13      A         B           13           ASP           90.12           268    267     98     6.043     6.032     3.609     0.5843      0.5843      0.5835      0.3532
14      A         B           14           SER           93.69           268    267     98     6.043     6.032     3.609     0.7162      0.7162      0.7155      0.4935
15      A         B           15           LEU           93.76           268    267     98     6.043     6.032     3.609     0.7582      0.7582      0.7576      0.5432
16      A         B           16           SER           96.80           268    267     98     6.043     6.032     3.609     0.8256      0.8256      0.8251      0.6394
17      A         B           17           ILE           97.17           268    267     98     6.043     6.032     3.609     0.8515      0.8515      0.8511      0.6799
18      A         B           18           ASN           97.04           268    267     98     6.043     6.032     3.609     0.8213      0.8213      0.8208      0.6300
19      A         B           19           ALA           97.67           268    267     98     6.043     6.032     3.609     0.8080      0.8080      0.8075      0.6101
20      A         B           20           THR           95.48           268    267     98     6.043     6.032     3.609     0.6834      0.6834      0.6827      0.4489
21      A         B           21           ASN           96.16           268    267     98     6.043     6.032     3.609     0.7951      0.7951      0.7945      0.5912
22      A         B           22           ILE           96.92           268    267     98     6.043     6.032     3.609     0.7823      0.7823      0.7817      0.5721
23      A         B           23           LYS           94.91           268    267     98     6.043     6.032     3.609     0.6894      0.6894      0.6887      0.4558
24      A         B           24           HIS           94.46           268    267     98     6.043     6.032     3.609     0.6514      0.6514      0.6506      0.4111
25      A         B           25           PHE           97.55           268    267     98     6.043     6.032     3.609     0.7956      0.7956      0.7951      0.5896
26      A         B           26           LYS           96.74           268    267     98     6.043     6.032     3.609     0.7409      0.7409      0.7403      0.5148
27      A         B           27           ASN           95.46           268    267     98     6.043     6.032     3.609     0.6509      0.6509      0.6501      0.4068
28      A         B           28           CYS           98.17           268    267     98     6.043     6.032     3.609     0.7737      0.7737      0.7731      0.5561
29      A         B           29           THR           98.49           268    267     98     6.043     6.032     3.609     0.7847      0.7847      0.7841      0.5708
30      A         B           30           SER           98.42           268    267     98     6.043     6.032     3.609     0.8355      0.8355      0.8350      0.6498
31      A         B           31           ILE           98.63           268    267     98     6.043     6.032     3.609     0.8751      0.8751      0.8747      0.7188
32      A         B           32           SER           97.92           268    267     98     6.043     6.032     3.609     0.8347      0.8347      0.8342      0.6488
33      A         B           33           GLY           97.93           268    267     98     6.043     6.032     3.609     0.8557      0.8557      0.8552      0.6867
34      A         B           34           ASP           97.61           268    267     98     6.043     6.032     3.609     0.8717      0.8717      0.8714      0.7145
35      A         B           35           LEU           98.08           268    267     98     6.043     6.032     3.609     0.8632      0.8632      0.8628      0.7008
36      A         B           36           HIS           95.23           268    267     98     6.043     6.032     3.609     0.7777      0.7777      0.7772      0.5711
37      A         B           37           ILE           98.07           268    267     98     6.043     6.032     3.609     0.8994      0.8994      0.8991      0.7685
38      A         B           38           LEU           96.62           268    267     98     6.043     6.032     3.609     0.8979      0.8979      0.8976      0.7654
39      A         B           39           PRO           93.88           268    267     98     6.043     6.032     3.609     0.8707      0.8707      0.8703      0.7145
40      A         B           40           VAL           93.57           268    267     98     6.043     6.032     3.609     0.8441      0.8441      0.8436      0.6702
41      A         B           41           ALA           96.80           268    267     98     6.043     6.032     3.609     0.8477      0.8477      0.8473      0.6749
42      A         B           42           PHE           96.13           268    267     98     6.043     6.032     3.609     0.8124      0.8124      0.8119      0.6190
43      A         B           43           ARG           92.87           268    267     98     6.043     6.032     3.609     0.6381      0.6381      0.6374      0.4018
44      A         B           44           GLY           95.76           268    267     98     6.043     6.032     3.609     0.5374      0.5374      0.5366      0.3078
45      A         B           45           ASP           92.60           268    267     98     6.043     6.032     3.609     0.4368      0.4368      0.4360      0.2275
46      A         B           46           SER           90.07           268    267     98     6.043     6.032     3.609     0.3467      0.3467      0.3460      0.1675
47      A         B           47           PHE           87.69           268    267     98     6.043     6.032     3.609     0.3831      0.3831      0.3824      0.1907
48      A         B           48           THR           92.71           268    267     98     6.043     6.032     3.609     0.4156      0.4156      0.4148      0.2105
49      A         B           49           HIS           96.05           268    267     98     6.043     6.032     3.609     0.4264      0.4264      0.4256      0.2173
50      A         B           50           THR           96.05           268    267     98     6.043     6.032     3.609     0.5464      0.5464      0.5456      0.3127
51      A         B           51           PRO           97.32           268    267     98     6.043     6.032     3.609     0.6167      0.6167      0.6160      0.3785
52      A         B           52           PRO           96.97           268    267     98     6.043     6.032     3.609     0.7322      0.7322      0.7315      0.5061
53      A         B           53           LEU           97.78           268    267     98     6.043     6.032     3.609     0.8019      0.8019      0.8014      0.6011
54      A         B           54           ASP           97.21           268    267     98     6.043     6.032     3.609     0.7434      0.7434      0.7427      0.5192
55      A         B           55           PRO           95.49           268    267     98     6.043     6.032     3.609     0.6886      0.6886      0.6878      0.4516
56      A         B           56           GLN           96.18           268    267     98     6.043     6.032     3.609     0.6665      0.6665      0.6657      0.4274
57      A         B           57           GLU           96.96           268    267     98     6.043     6.032     3.609     0.7548      0.7548      0.7542      0.5321
58      A         B           58           LEU           97.34           268    267     98     6.043     6.032     3.609     0.8084      0.8084      0.8079      0.6085
59      A         B           59           ASP           96.93           268    267     98     6.043     6.032     3.609     0.7810      0.7810      0.7805      0.5695
60      A         B           60           ILE           97.30           268    267     98     6.043     6.032     3.609     0.8055      0.8055      0.8049      0.6032
61      A         B           61           LEU           98.29           268    267     98     6.043     6.032     3.609     0.8575      0.8575      0.8571      0.6879
62      A         B           62           LYS           97.70           268    267     98     6.043     6.032     3.609     0.8164      0.8164      0.8159      0.6208
63      A         B           63           THR           98.04           268    267     98     6.043     6.032     3.609     0.7723      0.7723      0.7717      0.5549
64      A         B           64           VAL           98.62           268    267     98     6.043     6.032     3.609     0.8670      0.8670      0.8667      0.7039
65      A         B           65           LYS           98.64           268    267     98     6.043     6.032     3.609     0.8190      0.8190      0.8185      0.6228
66      A         B           66           GLU           98.75           268    267     98     6.043     6.032     3.609     0.8793      0.8793      0.8789      0.7261
67      A         B           67           ILE           98.91           268    267     98     6.043     6.032     3.609     0.9142      0.9142      0.9139      0.7949
68      A         B           68           THR           98.68           268    267     98     6.043     6.032     3.609     0.8951      0.8951      0.8948      0.7567
69      A         B           69           GLY           98.55           268    267     98     6.043     6.032     3.609     0.8981      0.8981      0.8977      0.7631
70      A         B           70           PHE           98.35           268    267     98     6.043     6.032     3.609     0.9157      0.9157      0.9155      0.7991
71      A         B           71           LEU           98.88           268    267     98     6.043     6.032     3.609     0.9319      0.9319      0.9317      0.8336
72      A         B           72           LEU           97.70           268    267     98     6.043     6.032     3.609     0.9213      0.9213      0.9210      0.8115
73      A         B           73           ILE           98.35           268    267     98     6.043     6.032     3.609     0.9249      0.9249      0.9247      0.8193
74      A         B           74           GLN           96.08           268    267     98     6.043     6.032     3.609     0.8813      0.8813      0.8810      0.7348
75      A         B           75           ALA           96.13           268    267     98     6.043     6.032     3.609     0.8932      0.8932      0.8929      0.7549
76      A         B           76           TRP           97.48           268    267     98     6.043     6.032     3.609     0.8766      0.8766      0.8762      0.7243
77      A         B           77           PRO           95.96           268    267     98     6.043     6.032     3.609     0.7868      0.7868      0.7862      0.5787
78      A         B           78           GLU           89.62           268    267     98     6.043     6.032     3.609     0.5566      0.5566      0.5559      0.3233
79      A         B           79           ASN           89.96           268    267     98     6.043     6.032     3.609     0.4808      0.4808      0.4800      0.2604
80      A         B           80           ARG           94.68           268    267     98     6.043     6.032     3.609     0.6635      0.6635      0.6628      0.4222
81      A         B           81           THR           94.11           268    267     98     6.043     6.032     3.609     0.6312      0.6312      0.6305      0.3863
82      A         B           82           ASP           95.29           268    267     98     6.043     6.032     3.609     0.7244      0.7244      0.7238      0.4920
83      A         B           83           LEU           98.00           268    267     98     6.043     6.032     3.609     0.8291      0.8291      0.8286      0.6402
84      A         B           84           HIS           92.77           268    267     98     6.043     6.032     3.609     0.6685      0.6685      0.6678      0.4275
85      A         B           85           ALA           97.06           268    267     98     6.043     6.032     3.609     0.7646      0.7646      0.7640      0.5439
86      A         B           86           PHE           98.67           268    267     98     6.043     6.032     3.609     0.8663      0.8663      0.8659      0.7033
87      A         B           87           GLU           97.02           268    267     98     6.043     6.032     3.609     0.7802      0.7802      0.7796      0.5679
88      A         B           88           ASN           98.54           268    267     98     6.043     6.032     3.609     0.8404      0.8404      0.8399      0.6582
89      A         B           89           LEU           98.89           268    267     98     6.043     6.032     3.609     0.8937      0.8937      0.8933      0.7536
90      A         B           90           GLU           98.81           268    267     98     6.043     6.032     3.609     0.8580      0.8580      0.8575      0.6878
91      A         B           91           ILE           98.81           268    267     98     6.043     6.032     3.609     0.8845      0.8845      0.8842      0.7358
92      A         B           92           ILE           98.94           268    267     98     6.043     6.032     3.609     0.9151      0.9151      0.9148      0.7968
93      A         B           93           ARG           98.73           268    267     98     6.043     6.032     3.609     0.8817      0.8817      0.8814      0.7306
94      A         B           94           GLY           98.19           268    267     98     6.043     6.032     3.609     0.8564      0.8564      0.8560      0.6855
95      A         B           95           ARG           96.85           268    267     98     6.043     6.032     3.609     0.8016      0.8016      0.8010      0.5978
96      A         B           96           THR           94.91           268    267     98     6.043     6.032     3.609     0.8780      0.8780      0.8776      0.7249
97      A         B           97           LYS           94.42           268    267     98     6.043     6.032     3.609     0.8913      0.8913      0.8910      0.7507
98      A         B           98           GLN           95.42           268    267     98     6.043     6.032     3.609     0.8775      0.8775      0.8771      0.7252
99      A         B           99           HIS           92.25           268    267     98     6.043     6.032     3.609     0.8486      0.8486      0.8482      0.6749
100     A         B          100           GLY           93.21           268    267     98     6.043     6.032     3.609     0.8582      0.8582      0.8578      0.6913
101     A         B          101           GLN           93.96           268    267     98     6.043     6.032     3.609     0.8793      0.8793      0.8789      0.7288
102     A         B          102           PHE           97.12           268    267     98     6.043     6.032     3.609     0.9326      0.9326      0.9324      0.8346
103     A         B          103           SER           97.97           268    267     98     6.043     6.032     3.609     0.9091      0.9091      0.9088      0.7851
104     A         B          104           LEU           98.63           268    267     98     6.043     6.032     3.609     0.9323      0.9323      0.9321      0.8344
105     A         B          105           ALA           97.54           268    267     98     6.043     6.032     3.609     0.9154      0.9154      0.9151      0.7992
106     A         B          106           VAL           97.96           268    267     98     6.043     6.032     3.609     0.9211      0.9211      0.9209      0.8111
107     A         B          107           VAL           95.71           268    267     98     6.043     6.032     3.609     0.8756      0.8756      0.8752      0.7238
108     A         B          108           SER           93.54           268    267     98     6.043     6.032     3.609     0.8740      0.8740      0.8737      0.7187
109     A         B          109           LEU           96.75           268    267     98     6.043     6.032     3.609     0.8959      0.8959      0.8956      0.7603
110     A         B          110           ASN           94.47           268    267     98     6.043     6.032     3.609     0.8520      0.8520      0.8516      0.6821
111     A         B          111           ILE           96.64           268    267     98     6.043     6.032     3.609     0.8705      0.8705      0.8701      0.7125
112     A         B          112           THR           93.57           268    267     98     6.043     6.032     3.609     0.8235      0.8235      0.8230      0.6324
113     A         B          113           SER           93.26           268    267     98     6.043     6.032     3.609     0.7386      0.7386      0.7379      0.5096
114     A         B          114           LEU           96.60           268    267     98     6.043     6.032     3.609     0.8302      0.8302      0.8297      0.6416
115     A         B          115           GLY           95.61           268    267     98     6.043     6.032     3.609     0.7298      0.7298      0.7292      0.4985
116     A         B          116           LEU           97.05           268    267     98     6.043     6.032     3.609     0.8111      0.8111      0.8106      0.6110
117     A         B          117           ARG           93.38           268    267     98     6.043     6.032     3.609     0.6893      0.6893      0.6886      0.4537
118     A         B          118           SER           98.06           268    267     98     6.043     6.032     3.609     0.7968      0.7968      0.7963      0.5884
119     A         B          119           LEU           97.54           268    267     98     6.043     6.032     3.609     0.8578      0.8578      0.8574      0.6868
120     A         B          120           LYS           96.86           268    267     98     6.043     6.032     3.609     0.6940      0.6940      0.6932      0.4540
121     A         B          121           GLU           98.38           268    267     98     6.043     6.032     3.609     0.8653      0.8653      0.8649      0.7003
122     A         B          122           ILE           98.68           268    267     98     6.043     6.032     3.609     0.9003      0.9003      0.9000      0.7667
123     A         B          123           SER           98.48           268    267     98     6.043     6.032     3.609     0.8591      0.8591      0.8587      0.6898
124     A         B          124           ASP           96.66           268    267     98     6.043     6.032     3.609     0.8825      0.8825      0.8822      0.7322
125     A         B          125           GLY           96.93           268    267     98     6.043     6.032     3.609     0.8785      0.8785      0.8781      0.7257
126     A         B          126           ASP           96.81           268    267     98     6.043     6.032     3.609     0.9148      0.9148      0.9146      0.7967
127     A         B          127           VAL           97.92           268    267     98     6.043     6.032     3.609     0.9264      0.9264      0.9262      0.8215
128     A         B          128           ILE           96.91           268    267     98     6.043     6.032     3.609     0.9166      0.9166      0.9164      0.8009
129     A         B          129           ILE           97.26           268    267     98     6.043     6.032     3.609     0.9205      0.9205      0.9203      0.8096
130     A         B          130           SER           93.92           268    267     98     6.043     6.032     3.609     0.8070      0.8070      0.8064      0.6107
131     A         B          131           GLY           94.78           268    267     98     6.043     6.032     3.609     0.8459      0.8459      0.8455      0.6697
132     A         B          132           ASN           96.06           268    267     98     6.043     6.032     3.609     0.8758      0.8758      0.8755      0.7218
133     A         B          133           LYS           92.11           268    267     98     6.043     6.032     3.609     0.8108      0.8108      0.8103      0.6168
134     A         B          134           ASN           93.87           268    267     98     6.043     6.032     3.609     0.8333      0.8333      0.8329      0.6490
135     A         B          135           LEU           96.32           268    267     98     6.043     6.032     3.609     0.8494      0.8494      0.8490      0.6741
136     A         B          136           CYS           94.25           268    267     98     6.043     6.032     3.609     0.6518      0.6518      0.6511      0.4114
137     A         B          137           TYR           82.70           268    267     98     6.043     6.032     3.609     0.4104      0.4104      0.4096      0.2027
138     A         B          138           ALA           90.09           268    267     98     6.043     6.032     3.609     0.5049      0.5049      0.5041      0.2723
139     A         B          139           ASN           81.43           268    267     98     6.043     6.032     3.609     0.4386      0.4386      0.4378      0.2235
140     A         B          140           THR           82.96           268    267     98     6.043     6.032     3.609     0.4461      0.4461      0.4453      0.2291
141     A         B          141           ILE           91.53           268    267     98     6.043     6.032     3.609     0.6390      0.6390      0.6382      0.3931
142     A         B          142           ASN           93.79           268    267     98     6.043     6.032     3.609     0.6825      0.6825      0.6818      0.4402
143     A         B          143           TRP           96.12           268    267     98     6.043     6.032     3.609     0.8064      0.8064      0.8059      0.6033
144     A         B          144           LYS           93.44           268    267     98     6.043     6.032     3.609     0.7504      0.7504      0.7498      0.5250
145     A         B          145           LYS           95.16           268    267     98     6.043     6.032     3.609     0.7151      0.7151      0.7144      0.4788
146     A         B          146           LEU           97.20           268    267     98     6.043     6.032     3.609     0.8233      0.8233      0.8228      0.6289
147     A         B          147           PHE           97.85           268    267     98     6.043     6.032     3.609     0.8423      0.8423      0.8419      0.6602
148     A         B          148           GLY           97.67           268    267     98     6.043     6.032     3.609     0.6594      0.6594      0.6587      0.4152
149     A         B          149           THR           93.46           268    267     98     6.043     6.032     3.609     0.6712      0.6712      0.6705      0.4302
150     A         B          150           SER           93.10           268    267     98     6.043     6.032     3.609     0.6095      0.6095      0.6088      0.3687
151     A         B          151           GLY           92.06           268    267     98     6.043     6.032     3.609     0.7270      0.7270      0.7264      0.4979
152     A         B          152           GLN           96.94           268    267     98     6.043     6.032     3.609     0.8426      0.8426      0.8422      0.6625
153     A         B          153           LYS           93.77           268    267     98     6.043     6.032     3.609     0.8319      0.8319      0.8315      0.6463
154     A         B          154           THR           95.53           268    267     98     6.043     6.032     3.609     0.8608      0.8608      0.8604      0.6956
155     A         B          155           LYS           94.81           268    267     98     6.043     6.032     3.609     0.8676      0.8676      0.8672      0.7072
156     A         B          156           ILE           94.25           268    267     98     6.043     6.032     3.609     0.8508      0.8508      0.8504      0.6780
157     A         B          157           ILE           90.09           268    267     98     6.043     6.032     3.609     0.6854      0.6854      0.6847      0.4513
158     A         B          158           SER           91.68           268    267     98     6.043     6.032     3.609     0.7624      0.7624      0.7618      0.5437
159     A         B          159           ASN           94.74           268    267     98     6.043     6.032     3.609     0.8073      0.8073      0.8068      0.6060
160     A         B          160           ARG           93.66           268    267     98     6.043     6.032     3.609     0.6940      0.6940      0.6933      0.4578
161     A         B          161           GLY           90.23           268    267     98     6.043     6.032     3.609     0.4873      0.4873      0.4865      0.2642
162     A         B          162           GLU           85.58           268    267     98     6.043     6.032     3.609     0.4807      0.4807      0.4799      0.2555
163     A         B          163           ASN           90.85           268    267     98     6.043     6.032     3.609     0.4151      0.4151      0.4143      0.2061
164     A         B          164           SER           90.64           268    267     98     6.043     6.032     3.609     0.4657      0.4657      0.4648      0.2421
165     A         B          165           CYS           92.17           268    267     98     6.043     6.032     3.609     0.4818      0.4818      0.4810      0.2543
166     A         B          166           LYS           89.64           268    267     98     6.043     6.032     3.609     0.4384      0.4384      0.4376      0.2229
167     A         B          167           ALA           90.32           268    267     98     6.043     6.032     3.609     0.2993      0.2993      0.2986      0.1337
168     A         B          168           THR           82.48           268    267     97     6.043     6.032     3.587     0.1866      0.1871      0.1866      0.0754
169     A         B          169           GLY           82.10           268    267      8     6.043     6.032     1.000     0.1127      0.1536      0.1532      0.0049
170     A         B          170           GLN           64.24           268    267      0     6.043     6.032     1.000     0.0829      0.0000      0.0000      0.0000
171     B         A            1           MET           58.36           268    267      0     6.043     6.032     1.000     0.0674      0.0000      0.0000      0.0000
172     B         A            2           GLU           76.79           268    267     71     6.043     6.032     2.944     0.1457      0.1800      0.1795      0.0498
173     B         A            3           ILE           92.46           268    267    170     6.043     6.032     4.861     0.5888      0.5888      0.5880      0.4854
174     B         A            4           ARG           90.95           268    267    170     6.043     6.032     4.861     0.7473      0.7473      0.7467      0.6608
175     B         A            5           GLN           92.42           268    267    170     6.043     6.032     4.861     0.7872      0.7872      0.7866      0.7086
176     B         A            6           ALA           93.99           268    267    170     6.043     6.032     4.861     0.7986      0.7986      0.7980      0.7226
177     B         A            7           GLY           95.66           268    267    170     6.043     6.032     4.861     0.8142      0.8142      0.8137      0.7423
178     B         A            8           ILE           94.84           268    267    170     6.043     6.032     4.861     0.8682      0.8682      0.8678      0.8121
179     B         A            9           ARG           93.25           268    267    170     6.043     6.032     4.861     0.8305      0.8305      0.8300      0.7631
180     B         A           10           ALA           94.95           268    267    170     6.043     6.032     4.861     0.8326      0.8326      0.8321      0.7659
181     B         A           11           ALA           96.33           268    267    170     6.043     6.032     4.861     0.8720      0.8720      0.8717      0.8173
182     B         A           12           SER           94.30           268    267    170     6.043     6.032     4.861     0.8743      0.8743      0.8739      0.8205
183     B         A           13           SER           94.48           268    267    170     6.043     6.032     4.861     0.8525      0.8525      0.8521      0.7917
184     B         A           14           GLY           97.21           268    267    170     6.043     6.032     4.861     0.8761      0.8761      0.8758      0.8230
185     B         A           15           ALA           96.90           268    267    170     6.043     6.032     4.861     0.9038      0.9038      0.9035      0.8604
186     B         A           16           PHE           96.64           268    267    170     6.043     6.032     4.861     0.9121      0.9121      0.9118      0.8721
187     B         A           17           GLY           96.94           268    267    170     6.043     6.032     4.861     0.8860      0.8860      0.8856      0.8362
188     B         A           18           VAL           97.33           268    267    170     6.043     6.032     4.861     0.8978      0.8978      0.8975      0.8522
189     B         A           19           ALA           96.17           268    267    170     6.043     6.032     4.861     0.8725      0.8725      0.8721      0.8180
190     B         A           20           SER           94.16           268    267    170     6.043     6.032     4.861     0.8375      0.8375      0.8370      0.7720
191     B         A           21           GLY           92.22           268    267    170     6.043     6.032     4.861     0.8116      0.8116      0.8111      0.7394
192     B         A           22           LEU           94.49           268    267    170     6.043     6.032     4.861     0.8603      0.8603      0.8599      0.8016
193     B         A           23           SER           92.89           268    267    170     6.043     6.032     4.861     0.8398      0.8398      0.8393      0.7748
194     B         A           24           PRO           94.44           268    267    170     6.043     6.032     4.861     0.8188      0.8188      0.8184      0.7480
195     B         A           25           GLU           93.57           268    267    170     6.043     6.032     4.861     0.8167      0.8167      0.8162      0.7463
196     B         A           26           ASP           94.50           268    267    170     6.043     6.032     4.861     0.8552      0.8552      0.8548      0.7951
197     B         A           27           VAL           97.05           268    267    170     6.043     6.032     4.861     0.8876      0.8876      0.8872      0.8382
198     B         A           28           LEU           95.90           268    267    170     6.043     6.032     4.861     0.8681      0.8681      0.8678      0.8121
199     B         A           29           GLU           94.79           268    267    170     6.043     6.032     4.861     0.8658      0.8658      0.8655      0.8096
200     B         A           30           LEU           96.10           268    267    170     6.043     6.032     4.861     0.8849      0.8849      0.8845      0.8347
201     B         A           31           VAL           96.69           268    267    170     6.043     6.032     4.861     0.8809      0.8809      0.8806      0.8293
202     B         A           32           GLU           94.21           268    267    170     6.043     6.032     4.861     0.8487      0.8487      0.8482      0.7869
203     B         A           33           PHE           95.09           268    267    170     6.043     6.032     4.861     0.8700      0.8700      0.8697      0.8152
204     B         A           34           SER           92.92           268    267    170     6.043     6.032     4.861     0.7990      0.7990      0.7984      0.7250
205     B         A           35           PHE           92.52           268    267    170     6.043     6.032     4.861     0.8139      0.8139      0.8134      0.7426
206     B         A           36           GLU           91.35           268    267    170     6.043     6.032     4.861     0.7420      0.7420      0.7414      0.6560
207     B         A           37           ASN           91.46           268    267    170     6.043     6.032     4.861     0.7322      0.7322      0.7316      0.6449
208     B         A           38           ALA           89.76           268    267    170     6.043     6.032     4.861     0.6660      0.6660      0.6653      0.5704
209     B         A           39           PRO           86.72           268    267    170     6.043     6.032     4.861     0.5647      0.5647      0.5639      0.4629
210     B         A           40           LEU           87.30           268    267    170     6.043     6.032     4.861     0.5730      0.5730      0.5723      0.4719
211     B         A           41           HIS           87.63           268    267    170     6.043     6.032     4.861     0.5291      0.5291      0.5283      0.4288
212     B         A           42           GLY           86.67           268    267    170     6.043     6.032     4.861     0.4536      0.4536      0.4528      0.3581
213     B         A           43           ASP           89.69           268    267    170     6.043     6.032     4.861     0.5208      0.5208      0.5200      0.4190
214     B         A           44           ILE           90.33           268    267    170     6.043     6.032     4.861     0.5754      0.5754      0.5746      0.4735
215     B         A           45           PRO           89.42           268    267    170     6.043     6.032     4.861     0.5433      0.5433      0.5425      0.4418
216     B         A           46           LEU           91.43           268    267    170     6.043     6.032     4.861     0.5990      0.5990      0.5982      0.4963
217     B         A           47           GLU           90.57           268    267    170     6.043     6.032     4.861     0.6233      0.6233      0.6225      0.5239
218     B         A           48           ASP           89.70           268    267    170     6.043     6.032     4.861     0.7117      0.7117      0.7110      0.6207
219     B         A           49           PRO           88.51           268    267    170     6.043     6.032     4.861     0.7665      0.7665      0.7659      0.6855
220     B         A           50           THR           89.72           268    267    170     6.043     6.032     4.861     0.7920      0.7920      0.7914      0.7158
221     B         A           51           LEU           94.49           268    267    170     6.043     6.032     4.861     0.8636      0.8636      0.8632      0.8068
222     B         A           52           ASP           92.63           268    267    170     6.043     6.032     4.861     0.8323      0.8323      0.8319      0.7665
223     B         A           53           MET           91.52           268    267    170     6.043     6.032     4.861     0.8298      0.8298      0.8294      0.7634
224     B         A           54           THR           94.82           268    267    170     6.043     6.032     4.861     0.8643      0.8643      0.8639      0.8077
225     B         A           55           LEU           95.72           268    267    170     6.043     6.032     4.861     0.8783      0.8783      0.8779      0.8260
226     B         A           56           ARG           92.62           268    267    170     6.043     6.032     4.861     0.8289      0.8289      0.8285      0.7621
227     B         A           57           SER           91.40           268    267    170     6.043     6.032     4.861     0.7766      0.7766      0.7760      0.6971
228     B         A           58           ALA           94.11           268    267    170     6.043     6.032     4.861     0.8116      0.8116      0.8111      0.7399
229     B         A           59           SER           90.80           268    267    170     6.043     6.032     4.861     0.8002      0.8002      0.7997      0.7251
230     B         A           60           PRO           93.29           268    267    170     6.043     6.032     4.861     0.7595      0.7595      0.7589      0.6758
231     B         A           61           GLU           94.73           268    267    170     6.043     6.032     4.861     0.7317      0.7317      0.7311      0.6422
232     B         A           62           ARG           94.20           268    267    170     6.043     6.032     4.861     0.8016      0.8016      0.8011      0.7264
233     B         A           63           ARG           95.23           268    267    170     6.043     6.032     4.861     0.8316      0.8316      0.8311      0.7640
234     B         A           64           GLU           97.38           268    267    170     6.043     6.032     4.861     0.8114      0.8114      0.8109      0.7386
235     B         A           65           LYS           96.93           268    267    170     6.043     6.032     4.861     0.8446      0.8446      0.8442      0.7809
236     B         A           66           ALA           97.50           268    267    170     6.043     6.032     4.861     0.8646      0.8646      0.8642      0.8071
237     B         A           67           GLU           96.26           268    267    170     6.043     6.032     4.861     0.8605      0.8605      0.8601      0.8017
238     B         A           68           GLU           97.88           268    267    170     6.043     6.032     4.861     0.8495      0.8495      0.8491      0.7871
239     B         A           69           LEU           98.01           268    267    170     6.043     6.032     4.861     0.8783      0.8783      0.8780      0.8254
240     B         A           70           ARG           96.98           268    267    170     6.043     6.032     4.861     0.8573      0.8573      0.8569      0.7973
241     B         A           71           GLU           97.35           268    267    170     6.043     6.032     4.861     0.8510      0.8510      0.8506      0.7891
242     B         A           72           ARG           98.19           268    267    170     6.043     6.032     4.861     0.8475      0.8475      0.8471      0.7842
243     B         A           73           ILE           97.48           268    267    170     6.043     6.032     4.861     0.8689      0.8689      0.8685      0.8127
244     B         A           74           LEU           96.91           268    267    170     6.043     6.032     4.861     0.8545      0.8545      0.8540      0.7934
245     B         A           75           ARG           97.15           268    267    170     6.043     6.032     4.861     0.8109      0.8109      0.8104      0.7374
246     B         A           76           ALA           97.43           268    267    170     6.043     6.032     4.861     0.8000      0.8000      0.7995      0.7236
247     B         A           77           GLY           95.91           268    267    170     6.043     6.032     4.861     0.7187      0.7187      0.7180      0.6261
248     B         A           78           GLU           95.21           268    267    170     6.043     6.032     4.861     0.7256      0.7256      0.7249      0.6341
249     B         A           79           GLU           96.46           268    267    170     6.043     6.032     4.861     0.6768      0.6768      0.6760      0.5784
250     B         A           80           SER           96.37           268    267    170     6.043     6.032     4.861     0.6342      0.6342      0.6334      0.5320
251     B         A           81           LYS           95.83           268    267    170     6.043     6.032     4.861     0.4523      0.4523      0.4514      0.3509
252     B         A           82           ASP           95.12           268    267    170     6.043     6.032     4.861     0.6811      0.6811      0.6804      0.5838
253     B         A           83           LEU           93.08           268    267    170     6.043     6.032     4.861     0.7303      0.7303      0.7296      0.6397
254     B         A           84           GLU           95.29           268    267    170     6.043     6.032     4.861     0.6986      0.6986      0.6979      0.6037
255     B         A           85           GLU           97.06           268    267    170     6.043     6.032     4.861     0.7720      0.7720      0.7714      0.6891
256     B         A           86           LEU           96.29           268    267    170     6.043     6.032     4.861     0.8160      0.8160      0.8155      0.7437
257     B         A           87           ARG           95.23           268    267    170     6.043     6.032     4.861     0.7670      0.7670      0.7664      0.6835
258     B         A           88           ARG           97.31           268    267    170     6.043     6.032     4.861     0.7424      0.7424      0.7417      0.6543
259     B         A           89           ARG           97.81           268    267    170     6.043     6.032     4.861     0.7993      0.7993      0.7988      0.7227
260     B         A           90           ILE           96.85           268    267    170     6.043     6.032     4.861     0.8151      0.8151      0.8146      0.7427
261     B         A           91           GLU           96.43           268    267    170     6.043     6.032     4.861     0.7771      0.7771      0.7766      0.6957
262     B         A           92           GLU           97.69           268    267    170     6.043     6.032     4.861     0.7511      0.7511      0.7505      0.6643
263     B         A           93           ILE           97.99           268    267    170     6.043     6.032     4.861     0.8335      0.8335      0.8330      0.7659
264     B         A           94           VAL           96.88           268    267    170     6.043     6.032     4.861     0.7982      0.7982      0.7977      0.7215
265     B         A           95           ARG           95.56           268    267    170     6.043     6.032     4.861     0.7367      0.7367      0.7360      0.6477
266     B         A           96           GLU           97.05           268    267    170     6.043     6.032     4.861     0.6503      0.6503      0.6496      0.5496
267     B         A           97           THR           95.87           268    267    170     6.043     6.032     4.861     0.6586      0.6586      0.6578      0.5581
268     B         A           98           LEU           93.44           268    267    170     6.043     6.032     4.861     0.4221      0.4221      0.4213      0.3237
