i   AlignChn ScoredChain  AlignResNum  AlignResType  AlignRespLDDT      n0chn  n0dom  n0res    d0chn     d0dom     d0res   ipTM_pae  ipSAE_d0chn ipSAE_d0dom    ipSAE 
1       A         B            1           LYS           92.88           268    267     98     6.043     6.032     3.609     0.3159      0.3159      0.3151      0.1436
2       A         B            2           VAL           97.91           268    267     98     6.043     6.032     3.609     0.7612      0.7612      0.7606      0.5399
3       A         B            3           CYS           97.42           268    267     98     6.043     6.032     3.609     0.8228      0.8228      0.8223      0.6305
4       A         B            4           ASN           97.38           268    267     98     6.043     6.032     3.609     0.8445      0.8445      0.8440      0.6660
5       A         B            5           GLY           98.12           268    267     98     6.043     6.032     3.609     0.8061      0.8061      0.8056      0.6087
6       A         B            6           ILE           96.64           268    267     98     6.043     6.032     3.609     0.8079      0.8079      0.8074      0.6105
7       A         B            7           GLY           94.08           268    267     98     6.043     6.032     3.609     0.6710      0.6710      0.6703      0.4340
8       A         B            8           ILE           91.91           268    267     98     6.043     6.032     3.609     0.6577      0.6577      0.6570      0.4210
9       A         B            9           GLY           95.16           268    267     98     6.043     6.032     3.609     0.5720      0.5720      0.5712      0.3308
10      A         B           10           GLU           92.34           268    267     98     6.043     6.032     3.609     0.5374      0.5374      0.5366      0.3044
11      A         B           11           PHE           95.45           268    267     98     6.043     6.032     3.609     0.7061      0.7061      0.7054      0.4730
12      A         B           12           LYS           93.27           268    267     98     6.043     6.032     3.609     0.6328      0.6328      0.6320      0.3955
13      A         B           13           ASP           89.98           268    267     98     6.043     6.032     3.609     0.6031      0.6031      0.6024      0.3714
14      A         B           14           SER           93.78           268    267     98     6.043     6.032     3.609     0.7292      0.7292      0.7286      0.5090
15      A         B           15           LEU           93.50           268    267     98     6.043     6.032     3.609     0.7584      0.7584      0.7578      0.5435
16      A         B           16           SER           96.87           268    267     98     6.043     6.032     3.609     0.8371      0.8371      0.8367      0.6575
17      A         B           17           ILE           97.05           268    267     98     6.043     6.032     3.609     0.8619      0.8619      0.8615      0.6973
18      A         B           18           ASN           97.16           268    267     98     6.043     6.032     3.609     0.8379      0.8379      0.8374      0.6565
19      A         B           19           ALA           97.66           268    267     98     6.043     6.032     3.609     0.8245      0.8245      0.8240      0.6355
20      A         B           20           THR           95.63           268    267     98     6.043     6.032     3.609     0.7129      0.7129      0.7123      0.4833
21      A         B           21           ASN           96.24           268    267     98     6.043     6.032     3.609     0.8150      0.8150      0.8145      0.6208
22      A         B           22           ILE           96.60           268    267     98     6.043     6.032     3.609     0.7852      0.7852      0.7846      0.5762
23      A         B           23           LYS           94.73           268    267     98     6.043     6.032     3.609     0.6901      0.6901      0.6894      0.4569
24      A         B           24           HIS           94.46           268    267     98     6.043     6.032     3.609     0.6710      0.6710      0.6702      0.4323
25      A         B           25           PHE           97.60           268    267     98     6.043     6.032     3.609     0.8095      0.8095      0.8090      0.6102
26      A         B           26           LYS           96.14           268    267     98     6.043     6.032     3.609     0.7485      0.7485      0.7479      0.5250
27      A         B           27           ASN           95.67           268    267     98     6.043     6.032     3.609     0.6809      0.6809      0.6802      0.4394
28      A         B           28           CYS           98.25           268    267     98     6.043     6.032     3.609     0.8021      0.8021      0.8015      0.5972
29      A         B           29           THR           98.57           268    267     98     6.043     6.032     3.609     0.8138      0.8138      0.8133      0.6142
30      A         B           30           SER           98.47           268    267     98     6.043     6.032     3.609     0.8560      0.8560      0.8556      0.6842
31      A         B           31           ILE           98.64           268    267     98     6.043     6.032     3.609     0.8897      0.8897      0.8894      0.7460
32      A         B           32           SER           97.93           268    267     98     6.043     6.032     3.609     0.8541      0.8541      0.8537      0.6812
33      A         B           33           GLY           98.00           268    267     98     6.043     6.032     3.609     0.8684      0.8684      0.8680      0.7089
34      A         B           34           ASP           97.65           268    267     98     6.043     6.032     3.609     0.8839      0.8839      0.8836      0.7366
35      A         B           35           LEU           98.17           268    267     98     6.043     6.032     3.609     0.8871      0.8871      0.8868      0.7437
36      A         B           36           HIS           95.51           268    267     98     6.043     6.032     3.609     0.8076      0.8076      0.8071      0.6140
37      A         B           37           ILE           98.15           268    267     98     6.043     6.032     3.609     0.9114      0.9114      0.9111      0.7917
38      A         B           38           LEU           96.75           268    267     98     6.043     6.032     3.609     0.9062      0.9062      0.9059      0.7814
39      A         B           39           PRO           94.28           268    267     98     6.043     6.032     3.609     0.8788      0.8788      0.8784      0.7291
40      A         B           40           VAL           93.12           268    267     98     6.043     6.032     3.609     0.8440      0.8440      0.8436      0.6704
41      A         B           41           ALA           96.92           268    267     98     6.043     6.032     3.609     0.8555      0.8555      0.8551      0.6879
42      A         B           42           PHE           96.18           268    267     98     6.043     6.032     3.609     0.8175      0.8175      0.8170      0.6270
43      A         B           43           ARG           92.61           268    267     98     6.043     6.032     3.609     0.5972      0.5972      0.5964      0.3618
44      A         B           44           GLY           95.59           268    267     98     6.043     6.032     3.609     0.5307      0.5307      0.5299      0.3027
45      A         B           45           ASP           92.53           268    267     98     6.043     6.032     3.609     0.4562      0.4562      0.4554      0.2415
46      A         B           46           SER           90.59           268    267     98     6.043     6.032     3.609     0.3758      0.3758      0.3750      0.1861
47      A         B           47           PHE           87.98           268    267     98     6.043     6.032     3.609     0.4094      0.4094      0.4086      0.2083
48      A         B           48           THR           92.60           268    267     98     6.043     6.032     3.609     0.4417      0.4417      0.4409      0.2290
49      A         B           49           HIS           96.02           268    267     98     6.043     6.032     3.609     0.4498      0.4498      0.4490      0.2341
50      A         B           50           THR           95.63           268    267     98     6.043     6.032     3.609     0.5581      0.5581      0.5573      0.3230
51      A         B           51           PRO           97.35           268    267     98     6.043     6.032     3.609     0.6385      0.6385      0.6377      0.4008
52      A         B           52           PRO           97.02           268    267     98     6.043     6.032     3.609     0.7456      0.7456      0.7450      0.5236
53      A         B           53           LEU           97.78           268    267     98     6.043     6.032     3.609     0.8177      0.8177      0.8172      0.6248
54      A         B           54           ASP           97.22           268    267     98     6.043     6.032     3.609     0.7607      0.7607      0.7601      0.5420
55      A         B           55           PRO           95.46           268    267     98     6.043     6.032     3.609     0.7044      0.7044      0.7037      0.4699
56      A         B           56           GLN           96.20           268    267     98     6.043     6.032     3.609     0.6771      0.6771      0.6764      0.4392
57      A         B           57           GLU           96.99           268    267     98     6.043     6.032     3.609     0.7741      0.7741      0.7735      0.5582
58      A         B           58           LEU           97.32           268    267     98     6.043     6.032     3.609     0.8239      0.8239      0.8234      0.6323
59      A         B           59           ASP           96.88           268    267     98     6.043     6.032     3.609     0.7966      0.7966      0.7960      0.5917
60      A         B           60           ILE           97.27           268    267     98     6.043     6.032     3.609     0.8185      0.8185      0.8180      0.6232
61      A         B           61           LEU           98.31           268    267     98     6.043     6.032     3.609     0.8687      0.8687      0.8683      0.7075
62      A         B           62           LYS           97.66           268    267     98     6.043     6.032     3.609     0.8300      0.8300      0.8295      0.6422
63      A         B           63           THR           98.01           268    267     98     6.043     6.032     3.609     0.7892      0.7892      0.7887      0.5788
64      A         B           64           VAL           98.63           268    267     98     6.043     6.032     3.609     0.8794      0.8794      0.8791      0.7265
65      A         B           65           LYS           98.59           268    267     98     6.043     6.032     3.609     0.8250      0.8250      0.8245      0.6321
66      A         B           66           GLU           98.76           268    267     98     6.043     6.032     3.609     0.8923      0.8923      0.8920      0.7506
67      A         B           67           ILE           98.91           268    267     98     6.043     6.032     3.609     0.9232      0.9232      0.9229      0.8135
68      A         B           68           THR           98.68           268    267     98     6.043     6.032     3.609     0.9050      0.9050      0.9047      0.7760
69      A         B           69           GLY           98.56           268    267     98     6.043     6.032     3.609     0.9070      0.9070      0.9067      0.7806
70      A         B           70           PHE           98.43           268    267     98     6.043     6.032     3.609     0.9238      0.9238      0.9235      0.8156
71      A         B           71           LEU           98.89           268    267     98     6.043     6.032     3.609     0.9393      0.9393      0.9391      0.8496
72      A         B           72           LEU           97.83           268    267     98     6.043     6.032     3.609     0.9310      0.9310      0.9308      0.8318
73      A         B           73           ILE           98.44           268    267     98     6.043     6.032     3.609     0.9338      0.9338      0.9336      0.8379
74      A         B           74           GLN           96.25           268    267     98     6.043     6.032     3.609     0.8918      0.8918      0.8914      0.7540
75      A         B           75           ALA           96.43           268    267     98     6.043     6.032     3.609     0.9031      0.9031      0.9028      0.7739
76      A         B           76           TRP           97.58           268    267     98     6.043     6.032     3.609     0.8847      0.8847      0.8844      0.7392
77      A         B           77           PRO           96.02           268    267     98     6.043     6.032     3.609     0.8009      0.8009      0.8003      0.5992
78      A         B           78           GLU           89.80           268    267     98     6.043     6.032     3.609     0.5798      0.5798      0.5790      0.3443
79      A         B           79           ASN           90.30           268    267     98     6.043     6.032     3.609     0.4968      0.4968      0.4960      0.2733
80      A         B           80           ARG           94.63           268    267     98     6.043     6.032     3.609     0.6773      0.6773      0.6766      0.4376
81      A         B           81           THR           94.25           268    267     98     6.043     6.032     3.609     0.6524      0.6524      0.6517      0.4086
82      A         B           82           ASP           95.00           268    267     98     6.043     6.032     3.609     0.7386      0.7386      0.7379      0.5100
83      A         B           83           LEU           98.04           268    267     98     6.043     6.032     3.609     0.8416      0.8416      0.8411      0.6607
84      A         B           84           HIS           92.96           268    267     98     6.043     6.032     3.609     0.6883      0.6883      0.6876      0.4498
85      A         B           85           ALA           97.02           268    267     98     6.043     6.032     3.609     0.7808      0.7808      0.7802      0.5665
86      A         B           86           PHE           98.65           268    267     98     6.043     6.032     3.609     0.8755      0.8755      0.8751      0.7197
87      A         B           87           GLU           96.81           268    267     98     6.043     6.032     3.609     0.7942      0.7942      0.7937      0.5879
88      A         B           88           ASN           98.59           268    267     98     6.043     6.032     3.609     0.8546      0.8546      0.8542      0.6822
89      A         B           89           LEU           98.89           268    267     98     6.043     6.032     3.609     0.9033      0.9033      0.9030      0.7723
90      A         B           90           GLU           98.81           268    267     98     6.043     6.032     3.609     0.8718      0.8718      0.8714      0.7122
91      A         B           91           ILE           98.80           268    267     98     6.043     6.032     3.609     0.8947      0.8947      0.8944      0.7551
92      A         B           92           ILE           98.94           268    267     98     6.043     6.032     3.609     0.9236      0.9236      0.9233      0.8143
93      A         B           93           ARG           98.75           268    267     98     6.043     6.032     3.609     0.8918      0.8918      0.8915      0.7496
94      A         B           94           GLY           98.25           268    267     98     6.043     6.032     3.609     0.8694      0.8694      0.8690      0.7085
95      A         B           95           ARG           97.04           268    267     98     6.043     6.032     3.609     0.8186      0.8186      0.8181      0.6239
96      A         B           96           THR           95.26           268    267     98     6.043     6.032     3.609     0.8856      0.8856      0.8853      0.7389
97      A         B           97           LYS           94.94           268    267     98     6.043     6.032     3.609     0.8980      0.8980      0.8977      0.7635
98      A         B           98           GLN           95.76           268    267     98     6.043     6.032     3.609     0.8928      0.8928      0.8924      0.7537
99      A         B           99           HIS           92.87           268    267     98     6.043     6.032     3.609     0.8656      0.8656      0.8653      0.7046
100     A         B          100           GLY           94.39           268    267     98     6.043     6.032     3.609     0.8774      0.8774      0.8770      0.7256
101     A         B          101           GLN           94.53           268    267     98     6.043     6.032     3.609     0.8951      0.8951      0.8948      0.7587
102     A         B          102           PHE           97.33           268    267     98     6.043     6.032     3.609     0.9396      0.9396      0.9395      0.8500
103     A         B          103           SER           98.03           268    267     98     6.043     6.032     3.609     0.9170      0.9170      0.9167      0.8010
104     A         B          104           LEU           98.66           268    267     98     6.043     6.032     3.609     0.9400      0.9400      0.9398      0.8510
105     A         B          105           ALA           97.69           268    267     98     6.043     6.032     3.609     0.9289      0.9289      0.9286      0.8273
106     A         B          106           VAL           98.11           268    267     98     6.043     6.032     3.609     0.9329      0.9329      0.9326      0.8357
107     A         B          107           VAL           96.14           268    267     98     6.043     6.032     3.609     0.8907      0.8907      0.8904      0.7518
108     A         B          108           SER           94.22           268    267     98     6.043     6.032     3.609     0.8914      0.8914      0.8911      0.7510
109     A         B          109           LEU           97.10           268    267     98     6.043     6.032     3.609     0.9094      0.9094      0.9092      0.7868
110     A         B          110           ASN           94.78           268    267     98     6.043     6.032     3.609     0.8650      0.8650      0.8646      0.7044
111     A         B          111           ILE           96.75           268    267     98     6.043     6.032     3.609     0.8816      0.8816      0.8813      0.7328
112     A         B          112           THR           93.88           268    267     98     6.043     6.032     3.609     0.8396      0.8396      0.8391      0.6585
113     A         B          113           SER           93.41           268    267     98     6.043     6.032     3.609     0.7551      0.7551      0.7545      0.5313
114     A         B          114           LEU           96.70           268    267     98     6.043     6.032     3.609     0.8426      0.8426      0.8421      0.6618
115     A         B          115           GLY           95.46           268    267     98     6.043     6.032     3.609     0.7402      0.7402      0.7396      0.5119
116     A         B          116           LEU           96.97           268    267     98     6.043     6.032     3.609     0.8011      0.8011      0.8006      0.5955
117     A         B          117           ARG           90.92           268    267     98     6.043     6.032     3.609     0.5882      0.5882      0.5875      0.3499
118     A         B          118           SER           98.00           268    267     98     6.043     6.032     3.609     0.8036      0.8036      0.8031      0.5985
119     A         B          119           LEU           97.53           268    267     98     6.043     6.032     3.609     0.8674      0.8674      0.8670      0.7037
120     A         B          120           LYS           96.78           268    267     98     6.043     6.032     3.609     0.7097      0.7097      0.7090      0.4726
121     A         B          121           GLU           98.37           268    267     98     6.043     6.032     3.609     0.8762      0.8762      0.8758      0.7198
122     A         B          122           ILE           98.70           268    267     98     6.043     6.032     3.609     0.9106      0.9106      0.9103      0.7870
123     A         B          123           SER           98.47           268    267     98     6.043     6.032     3.609     0.8715      0.8715      0.8711      0.7117
124     A         B          124           ASP           96.87           268    267     98     6.043     6.032     3.609     0.8929      0.8929      0.8926      0.7518
125     A         B          125           GLY           97.25           268    267     98     6.043     6.032     3.609     0.8885      0.8885      0.8882      0.7444
126     A         B          126           ASP           97.13           268    267     98     6.043     6.032     3.609     0.9226      0.9226      0.9223      0.8127
127     A         B          127           VAL           97.94           268    267     98     6.043     6.032     3.609     0.9311      0.9311      0.9309      0.8313
128     A         B          128           ILE           97.13           268    267     98     6.043     6.032     3.609     0.9230      0.9230      0.9228      0.8141
129     A         B          129           ILE           97.39           268    267     98     6.043     6.032     3.609     0.9285      0.9285      0.9283      0.8260
130     A         B          130           SER           94.71           268    267     98     6.043     6.032     3.609     0.8400      0.8400      0.8396      0.6625
131     A         B          131           GLY           95.37           268    267     98     6.043     6.032     3.609     0.8680      0.8680      0.8677      0.7079
132     A         B          132           ASN           96.57           268    267     98     6.043     6.032     3.609     0.8940      0.8940      0.8936      0.7557
133     A         B          133           LYS           92.74           268    267     98     6.043     6.032     3.609     0.8302      0.8302      0.8297      0.6469
134     A         B          134           ASN           94.20           268    267     98     6.043     6.032     3.609     0.8508      0.8508      0.8504      0.6781
135     A         B          135           LEU           96.55           268    267     98     6.043     6.032     3.609     0.8656      0.8656      0.8652      0.7023
136     A         B          136           CYS           94.44           268    267     98     6.043     6.032     3.609     0.6840      0.6840      0.6833      0.4467
137     A         B          137           TYR           83.85           268    267     98     6.043     6.032     3.609     0.4380      0.4380      0.4372      0.2216
138     A         B          138           ALA           90.04           268    267     98     6.043     6.032     3.609     0.5167      0.5167      0.5159      0.2815
139     A         B          139           ASN           80.97           268    267     98     6.043     6.032     3.609     0.4376      0.4376      0.4368      0.2229
140     A         B          140           THR           84.57           268    267     98     6.043     6.032     3.609     0.4619      0.4619      0.4610      0.2402
141     A         B          141           ILE           91.41           268    267     98     6.043     6.032     3.609     0.6510      0.6510      0.6503      0.4059
142     A         B          142           ASN           93.78           268    267     98     6.043     6.032     3.609     0.7012      0.7012      0.7005      0.4619
143     A         B          143           TRP           96.26           268    267     98     6.043     6.032     3.609     0.8209      0.8209      0.8204      0.6257
144     A         B          144           LYS           94.42           268    267     98     6.043     6.032     3.609     0.7839      0.7839      0.7834      0.5704
145     A         B          145           LYS           95.25           268    267     98     6.043     6.032     3.609     0.7384      0.7384      0.7377      0.5077
146     A         B          146           LEU           97.27           268    267     98     6.043     6.032     3.609     0.8373      0.8373      0.8369      0.6516
147     A         B          147           PHE           97.96           268    267     98     6.043     6.032     3.609     0.8513      0.8513      0.8509      0.6753
148     A         B          148           GLY           97.70           268    267     98     6.043     6.032     3.609     0.6752      0.6752      0.6745      0.4326
149     A         B          149           THR           94.08           268    267     98     6.043     6.032     3.609     0.6850      0.6850      0.6843      0.4452
150     A         B          150           SER           93.94           268    267     98     6.043     6.032     3.609     0.6237      0.6237      0.6229      0.3822
151     A         B          151           GLY           93.29           268    267     98     6.043     6.032     3.609     0.7483      0.7483      0.7477      0.5246
152     A         B          152           GLN           97.25           268    267     98     6.043     6.032     3.609     0.8571      0.8571      0.8567      0.6868
153     A         B          153           LYS           94.71           268    267     98     6.043     6.032     3.609     0.8483      0.8483      0.8479      0.6728
154     A         B          154           THR           95.44           268    267     98     6.043     6.032     3.609     0.8582      0.8582      0.8577      0.6910
155     A         B          155           LYS           94.99           268    267     98     6.043     6.032     3.609     0.8714      0.8714      0.8710      0.7137
156     A         B          156           ILE           94.22           268    267     98     6.043     6.032     3.609     0.8499      0.8499      0.8495      0.6765
157     A         B          157           ILE           90.22           268    267     98     6.043     6.032     3.609     0.6887      0.6887      0.6880      0.4555
158     A         B          158           SER           91.76           268    267     98     6.043     6.032     3.609     0.7760      0.7760      0.7754      0.5622
159     A         B          159           ASN           95.09           268    267     98     6.043     6.032     3.609     0.8239      0.8239      0.8234      0.6319
160     A         B          160           ARG           93.99           268    267     98     6.043     6.032     3.609     0.7217      0.7217      0.7211      0.4907
161     A         B          161           GLY           90.63           268    267     98     6.043     6.032     3.609     0.5210      0.5210      0.5202      0.2916
162     A         B          162           GLU           85.46           268    267     98     6.043     6.032     3.609     0.5151      0.5151      0.5142      0.2826
163     A         B          163           ASN           91.31           268    267     98     6.043     6.032     3.609     0.4516      0.4516      0.4507      0.2319
164     A         B          164           SER           90.88           268    267     98     6.043     6.032     3.609     0.5040      0.5040      0.5032      0.2715
165     A         B          165           CYS           92.61           268    267     98     6.043     6.032     3.609     0.5292      0.5292      0.5283      0.2921
166     A         B          166           LYS           90.80           268    267     98     6.043     6.032     3.609     0.4840      0.4840      0.4832      0.2563
167     A         B          167           ALA           91.23           268    267     98     6.043     6.032     3.609     0.3463      0.3463      0.3456      0.1610
168     A         B          168           THR           84.27           268    267     98     6.043     6.032     3.609     0.2415      0.2415      0.2408      0.1028
169     A         B          169           GLY           83.95           268    267     46     6.043     6.032     2.095     0.1430      0.1615      0.1610      0.0227
170     A         B          170           GLN           67.37           268    267      0     6.043     6.032     1.000     0.1002      0.0000      0.0000      0.0000
171     B         A            1           MET           67.80           268    268      3     6.043     6.043     1.000     0.0835      0.1577      0.1577      0.0051
172     B         A            2           GLU           79.76           268    268    160     6.043     6.043     4.714     0.1946      0.1983      0.1983      0.1317
173     B         A            3           ILE           93.44           268    268    170     6.043     6.043     4.861     0.6527      0.6527      0.6527      0.5531
174     B         A            4           ARG           91.65           268    268    170     6.043     6.043     4.861     0.7774      0.7774      0.7774      0.6968
175     B         A            5           GLN           93.49           268    268    170     6.043     6.043     4.861     0.8143      0.8143      0.8143      0.7422
176     B         A            6           ALA           94.63           268    268    170     6.043     6.043     4.861     0.8326      0.8326      0.8326      0.7654
177     B         A            7           GLY           96.09           268    268    170     6.043     6.043     4.861     0.8414      0.8414      0.8414      0.7768
178     B         A            8           ILE           95.50           268    268    170     6.043     6.043     4.861     0.8853      0.8853      0.8853      0.8350
179     B         A            9           ARG           94.23           268    268    170     6.043     6.043     4.861     0.8565      0.8565      0.8565      0.7967
180     B         A           10           ALA           95.81           268    268    170     6.043     6.043     4.861     0.8758      0.8758      0.8758      0.8222
181     B         A           11           ALA           96.64           268    268    170     6.043     6.043     4.861     0.8894      0.8894      0.8894      0.8406
182     B         A           12           SER           94.82           268    268    170     6.043     6.043     4.861     0.8850      0.8850      0.8850      0.8348
183     B         A           13           SER           95.11           268    268    170     6.043     6.043     4.861     0.8751      0.8751      0.8751      0.8214
184     B         A           14           GLY           97.39           268    268    170     6.043     6.043     4.861     0.8894      0.8894      0.8894      0.8407
185     B         A           15           ALA           97.08           268    268    170     6.043     6.043     4.861     0.9136      0.9136      0.9136      0.8740
186     B         A           16           PHE           96.80           268    268    170     6.043     6.043     4.861     0.9211      0.9211      0.9211      0.8845
187     B         A           17           GLY           97.12           268    268    170     6.043     6.043     4.861     0.8972      0.8972      0.8972      0.8513
188     B         A           18           VAL           97.41           268    268    170     6.043     6.043     4.861     0.9090      0.9090      0.9090      0.8675
189     B         A           19           ALA           96.49           268    268    170     6.043     6.043     4.861     0.8902      0.8902      0.8902      0.8418
190     B         A           20           SER           94.82           268    268    170     6.043     6.043     4.861     0.8600      0.8600      0.8600      0.8013
191     B         A           21           GLY           93.45           268    268    170     6.043     6.043     4.861     0.8400      0.8400      0.8400      0.7752
192     B         A           22           LEU           95.07           268    268    170     6.043     6.043     4.861     0.8797      0.8797      0.8797      0.8273
193     B         A           23           SER           93.31           268    268    170     6.043     6.043     4.861     0.8594      0.8594      0.8594      0.8002
194     B         A           24           PRO           94.29           268    268    170     6.043     6.043     4.861     0.8331      0.8331      0.8331      0.7661
195     B         A           25           GLU           93.53           268    268    170     6.043     6.043     4.861     0.8229      0.8229      0.8229      0.7541
196     B         A           26           ASP           94.78           268    268    170     6.043     6.043     4.861     0.8670      0.8670      0.8670      0.8105
197     B         A           27           VAL           96.93           268    268    170     6.043     6.043     4.861     0.8928      0.8928      0.8928      0.8451
198     B         A           28           LEU           95.55           268    268    170     6.043     6.043     4.861     0.8727      0.8727      0.8727      0.8180
199     B         A           29           GLU           95.03           268    268    170     6.043     6.043     4.861     0.8709      0.8709      0.8709      0.8160
200     B         A           30           LEU           94.67           268    268    170     6.043     6.043     4.861     0.8630      0.8630      0.8630      0.8055
201     B         A           31           VAL           96.20           268    268    170     6.043     6.043     4.861     0.8736      0.8736      0.8736      0.8194
202     B         A           32           GLU           93.97           268    268    170     6.043     6.043     4.861     0.8529      0.8529      0.8529      0.7922
203     B         A           33           PHE           95.04           268    268    170     6.043     6.043     4.861     0.8762      0.8762      0.8762      0.8231
204     B         A           34           SER           92.68           268    268    170     6.043     6.043     4.861     0.8164      0.8164      0.8164      0.7463
205     B         A           35           PHE           92.45           268    268    170     6.043     6.043     4.861     0.8266      0.8266      0.8266      0.7584
206     B         A           36           GLU           91.93           268    268    170     6.043     6.043     4.861     0.7659      0.7659      0.7659      0.6842
207     B         A           37           ASN           91.78           268    268    170     6.043     6.043     4.861     0.7542      0.7542      0.7542      0.6705
208     B         A           38           ALA           90.15           268    268    170     6.043     6.043     4.861     0.6992      0.6992      0.6992      0.6068
209     B         A           39           PRO           88.27           268    268    170     6.043     6.043     4.861     0.6196      0.6196      0.6196      0.5196
210     B         A           40           LEU           88.68           268    268    170     6.043     6.043     4.861     0.6287      0.6287      0.6287      0.5295
211     B         A           41           HIS           90.03           268    268    170     6.043     6.043     4.861     0.5968      0.5968      0.5968      0.4967
212     B         A           42           GLY           88.83           268    268    170     6.043     6.043     4.861     0.5159      0.5159      0.5159      0.4175
213     B         A           43           ASP           91.63           268    268    170     6.043     6.043     4.861     0.5837      0.5837      0.5837      0.4821
214     B         A           44           ILE           91.75           268    268    170     6.043     6.043     4.861     0.6398      0.6398      0.6398      0.5410
215     B         A           45           PRO           91.17           268    268    170     6.043     6.043     4.861     0.6320      0.6320      0.6320      0.5329
216     B         A           46           LEU           92.96           268    268    170     6.043     6.043     4.861     0.6570      0.6570      0.6570      0.5581
217     B         A           47           GLU           90.93           268    268    170     6.043     6.043     4.861     0.6660      0.6660      0.6660      0.5699
218     B         A           48           ASP           90.96           268    268    170     6.043     6.043     4.861     0.7543      0.7543      0.7543      0.6701
219     B         A           49           PRO           89.04           268    268    170     6.043     6.043     4.861     0.7841      0.7841      0.7841      0.7068
220     B         A           50           THR           90.55           268    268    170     6.043     6.043     4.861     0.8108      0.8108      0.8108      0.7390
221     B         A           51           LEU           94.81           268    268    170     6.043     6.043     4.861     0.8773      0.8773      0.8773      0.8248
222     B         A           52           ASP           92.76           268    268    170     6.043     6.043     4.861     0.8487      0.8487      0.8487      0.7874
223     B         A           53           MET           91.94           268    268    170     6.043     6.043     4.861     0.8454      0.8454      0.8454      0.7833
224     B         A           54           THR           94.92           268    268    170     6.043     6.043     4.861     0.8770      0.8770      0.8770      0.8245
225     B         A           55           LEU           96.09           268    268    170     6.043     6.043     4.861     0.8946      0.8946      0.8946      0.8480
226     B         A           56           ARG           92.82           268    268    170     6.043     6.043     4.861     0.8458      0.8458      0.8458      0.7837
227     B         A           57           SER           91.87           268    268    170     6.043     6.043     4.861     0.8037      0.8037      0.8037      0.7302
228     B         A           58           ALA           94.58           268    268    170     6.043     6.043     4.861     0.8420      0.8420      0.8420      0.7783
229     B         A           59           SER           91.15           268    268    170     6.043     6.043     4.861     0.8231      0.8231      0.8231      0.7538
230     B         A           60           PRO           92.97           268    268    170     6.043     6.043     4.861     0.7872      0.7872      0.7872      0.7091
231     B         A           61           GLU           94.84           268    268    170     6.043     6.043     4.861     0.7463      0.7463      0.7463      0.6593
232     B         A           62           ARG           94.47           268    268    170     6.043     6.043     4.861     0.8134      0.8134      0.8134      0.7410
233     B         A           63           ARG           95.20           268    268    170     6.043     6.043     4.861     0.8413      0.8413      0.8413      0.7765
234     B         A           64           GLU           97.24           268    268    170     6.043     6.043     4.861     0.8297      0.8297      0.8297      0.7616
235     B         A           65           LYS           96.83           268    268    170     6.043     6.043     4.861     0.8538      0.8538      0.8538      0.7927
236     B         A           66           ALA           97.62           268    268    170     6.043     6.043     4.861     0.8766      0.8766      0.8766      0.8229
237     B         A           67           GLU           96.49           268    268    170     6.043     6.043     4.861     0.8721      0.8721      0.8721      0.8169
238     B         A           68           GLU           97.81           268    268    170     6.043     6.043     4.861     0.8597      0.8597      0.8597      0.8003
239     B         A           69           LEU           97.96           268    268    170     6.043     6.043     4.861     0.8868      0.8868      0.8868      0.8368
240     B         A           70           ARG           97.20           268    268    170     6.043     6.043     4.861     0.8702      0.8702      0.8702      0.8143
241     B         A           71           GLU           97.51           268    268    170     6.043     6.043     4.861     0.8640      0.8640      0.8640      0.8061
242     B         A           72           ARG           98.19           268    268    170     6.043     6.043     4.861     0.8612      0.8612      0.8612      0.8021
243     B         A           73           ILE           97.57           268    268    170     6.043     6.043     4.861     0.8810      0.8810      0.8810      0.8289
244     B         A           74           LEU           97.21           268    268    170     6.043     6.043     4.861     0.8711      0.8711      0.8711      0.8154
245     B         A           75           ARG           97.67           268    268    170     6.043     6.043     4.861     0.8348      0.8348      0.8348      0.7677
246     B         A           76           ALA           97.60           268    268    170     6.043     6.043     4.861     0.8219      0.8219      0.8219      0.7511
247     B         A           77           GLY           96.54           268    268    170     6.043     6.043     4.861     0.7542      0.7542      0.7542      0.6678
248     B         A           78           GLU           96.20           268    268    170     6.043     6.043     4.861     0.7708      0.7708      0.7708      0.6878
249     B         A           79           GLU           96.98           268    268    170     6.043     6.043     4.861     0.7281      0.7281      0.7281      0.6369
250     B         A           80           SER           96.78           268    268    170     6.043     6.043     4.861     0.6816      0.6816      0.6816      0.5839
251     B         A           81           LYS           96.41           268    268    170     6.043     6.043     4.861     0.5067      0.5067      0.5067      0.4022
252     B         A           82           ASP           95.58           268    268    170     6.043     6.043     4.861     0.7175      0.7175      0.7175      0.6252
253     B         A           83           LEU           93.54           268    268    170     6.043     6.043     4.861     0.7602      0.7602      0.7602      0.6751
254     B         A           84           GLU           95.56           268    268    170     6.043     6.043     4.861     0.7106      0.7106      0.7106      0.6174
255     B         A           85           GLU           97.42           268    268    170     6.043     6.043     4.861     0.7900      0.7900      0.7900      0.7111
256     B         A           86           LEU           96.41           268    268    170     6.043     6.043     4.861     0.8335      0.8335      0.8335      0.7659
257     B         A           87           ARG           95.58           268    268    170     6.043     6.043     4.861     0.7940      0.7940      0.7940      0.7161
258     B         A           88           ARG           97.41           268    268    170     6.043     6.043     4.861     0.7653      0.7653      0.7653      0.6815
259     B         A           89           ARG           97.76           268    268    170     6.043     6.043     4.861     0.8147      0.8147      0.8147      0.7420
260     B         A           90           ILE           96.53           268    268    170     6.043     6.043     4.861     0.8251      0.8251      0.8251      0.7553
261     B         A           91           GLU           95.92           268    268    170     6.043     6.043     4.861     0.7969      0.7969      0.7969      0.7199
262     B         A           92           GLU           97.65           268    268    170     6.043     6.043     4.861     0.7749      0.7749      0.7749      0.6929
263     B         A           93           ILE           97.71           268    268    170     6.043     6.043     4.861     0.8467      0.8467      0.8467      0.7830
264     B         A           94           VAL           96.63           268    268    170     6.043     6.043     4.861     0.8112      0.8112      0.8112      0.7377
265     B         A           95           ARG           95.53           268    268    170     6.043     6.043     4.861     0.7525      0.7525      0.7525      0.6664
266     B         A           96           GLU           96.97           268    268    170     6.043     6.043     4.861     0.6808      0.6808      0.6808      0.5832
267     B         A           97           THR           95.26           268    268    170     6.043     6.043     4.861     0.6816      0.6816      0.6816      0.5836
268     B         A           98           LEU           93.41           268    268    170     6.043     6.043     4.861     0.4478      0.4478      0.4478      0.3473
