i   AlignChn ScoredChain  AlignResNum  AlignResType  AlignRespLDDT      n0chn  n0dom  n0res    d0chn     d0dom     d0res   ipTM_pae  ipSAE_d0chn ipSAE_d0dom    ipSAE 
1       A         B            1           LYS           91.39           268    264     98     6.043     6.001     3.609     0.2676      0.2676      0.2650      0.1169
2       A         B            2           VAL           97.58           268    264     98     6.043     6.001     3.609     0.7140      0.7140      0.7113      0.4790
3       A         B            3           CYS           96.94           268    264     98     6.043     6.001     3.609     0.7822      0.7822      0.7799      0.5699
4       A         B            4           ASN           96.97           268    264     98     6.043     6.001     3.609     0.8169      0.8169      0.8148      0.6211
5       A         B            5           GLY           97.64           268    264     98     6.043     6.001     3.609     0.7762      0.7762      0.7739      0.5650
6       A         B            6           ILE           95.14           268    264     98     6.043     6.001     3.609     0.7675      0.7675      0.7652      0.5526
7       A         B            7           GLY           92.25           268    264     98     6.043     6.001     3.609     0.6411      0.6411      0.6380      0.4015
8       A         B            8           ILE           90.04           268    264     98     6.043     6.001     3.609     0.6352      0.6352      0.6322      0.3965
9       A         B            9           GLY           94.21           268    264     98     6.043     6.001     3.609     0.5527      0.5527      0.5494      0.3136
10      A         B           10           GLU           91.37           268    264     98     6.043     6.001     3.609     0.5105      0.5105      0.5072      0.2816
11      A         B           11           PHE           94.71           268    264     98     6.043     6.001     3.609     0.6954      0.6954      0.6926      0.4604
12      A         B           12           LYS           91.83           268    264     98     6.043     6.001     3.609     0.6114      0.6114      0.6082      0.3735
13      A         B           13           ASP           87.09           268    264     98     6.043     6.001     3.609     0.5663      0.5663      0.5631      0.3367
14      A         B           14           THR           92.46           268    264     98     6.043     6.001     3.609     0.7162      0.7162      0.7136      0.4915
15      A         B           15           LEU           90.90           268    264     98     6.043     6.001     3.609     0.7404      0.7404      0.7378      0.5192
16      A         B           16           SER           95.12           268    264     98     6.043     6.001     3.609     0.8051      0.8051      0.8030      0.6076
17      A         B           17           ILE           96.16           268    264     98     6.043     6.001     3.609     0.8293      0.8293      0.8274      0.6428
18      A         B           18           ASN           94.29           268    264     98     6.043     6.001     3.609     0.8052      0.8052      0.8031      0.6048
19      A         B           19           ALA           96.78           268    264     98     6.043     6.001     3.609     0.7912      0.7912      0.7890      0.5845
20      A         B           20           THR           93.75           268    264     98     6.043     6.001     3.609     0.6549      0.6549      0.6519      0.4160
21      A         B           21           ASN           95.10           268    264     98     6.043     6.001     3.609     0.7712      0.7712      0.7688      0.5565
22      A         B           22           ILE           96.79           268    264     98     6.043     6.001     3.609     0.7821      0.7821      0.7798      0.5708
23      A         B           23           LYS           95.25           268    264     98     6.043     6.001     3.609     0.7070      0.7070      0.7042      0.4747
24      A         B           24           HIS           94.72           268    264     98     6.043     6.001     3.609     0.6398      0.6398      0.6367      0.3982
25      A         B           25           PHE           97.47           268    264     98     6.043     6.001     3.609     0.7796      0.7796      0.7772      0.5660
26      A         B           26           LYS           96.05           268    264     98     6.043     6.001     3.609     0.7072      0.7072      0.7044      0.4724
27      A         B           27           TYR           97.22           268    264     98     6.043     6.001     3.609     0.6138      0.6138      0.6106      0.3686
28      A         B           28           CYS           97.77           268    264     98     6.043     6.001     3.609     0.7553      0.7553      0.7528      0.5309
29      A         B           29           THR           97.92           268    264     98     6.043     6.001     3.609     0.7745      0.7745      0.7721      0.5560
30      A         B           30           ALA           98.43           268    264     98     6.043     6.001     3.609     0.8343      0.8343      0.8324      0.6475
31      A         B           31           ILE           98.45           268    264     98     6.043     6.001     3.609     0.8592      0.8592      0.8575      0.6901
32      A         B           32           SER           97.71           268    264     98     6.043     6.001     3.609     0.8211      0.8211      0.8191      0.6269
33      A         B           33           GLY           97.46           268    264     98     6.043     6.001     3.609     0.8408      0.8408      0.8390      0.6611
34      A         B           34           ASP           97.00           268    264     98     6.043     6.001     3.609     0.8540      0.8540      0.8524      0.6831
35      A         B           35           LEU           97.70           268    264     98     6.043     6.001     3.609     0.8568      0.8568      0.8551      0.6890
36      A         B           36           HIS           94.56           268    264     98     6.043     6.001     3.609     0.7781      0.7781      0.7759      0.5708
37      A         B           37           ILE           97.65           268    264     98     6.043     6.001     3.609     0.8828      0.8828      0.8814      0.7363
38      A         B           38           LEU           94.98           268    264     98     6.043     6.001     3.609     0.8786      0.8786      0.8771      0.7287
39      A         B           39           PRO           91.89           268    264     98     6.043     6.001     3.609     0.8515      0.8515      0.8498      0.6804
40      A         B           40           VAL           90.95           268    264     98     6.043     6.001     3.609     0.8239      0.8239      0.8219      0.6364
41      A         B           41           ALA           95.76           268    264     98     6.043     6.001     3.609     0.8264      0.8264      0.8245      0.6394
42      A         B           42           PHE           95.49           268    264     98     6.043     6.001     3.609     0.7878      0.7878      0.7856      0.5821
43      A         B           43           LYS           90.98           268    264     98     6.043     6.001     3.609     0.5696      0.5696      0.5665      0.3353
44      A         B           44           GLY           93.76           268    264     98     6.043     6.001     3.609     0.4731      0.4731      0.4699      0.2545
45      A         B           45           ASP           87.37           268    264     98     6.043     6.001     3.609     0.3988      0.3988      0.3957      0.1997
46      A         B           46           SER           86.89           268    264     98     6.043     6.001     3.609     0.3305      0.3305      0.3276      0.1569
47      A         B           47           PHE           82.15           268    264     98     6.043     6.001     3.609     0.3620      0.3620      0.3590      0.1763
48      A         B           48           THR           87.01           268    264     98     6.043     6.001     3.609     0.3899      0.3899      0.3868      0.1926
49      A         B           49           ARG           93.61           268    264     98     6.043     6.001     3.609     0.3860      0.3860      0.3829      0.1900
50      A         B           50           THR           93.98           268    264     98     6.043     6.001     3.609     0.5175      0.5175      0.5143      0.2876
51      A         B           51           PRO           96.12           268    264     98     6.043     6.001     3.609     0.5966      0.5966      0.5935      0.3580
52      A         B           52           PRO           96.02           268    264     98     6.043     6.001     3.609     0.7074      0.7074      0.7047      0.4748
53      A         B           53           LEU           97.27           268    264     98     6.043     6.001     3.609     0.7862      0.7862      0.7840      0.5775
54      A         B           54           ASP           96.76           268    264     98     6.043     6.001     3.609     0.7370      0.7370      0.7344      0.5102
55      A         B           55           PRO           95.79           268    264     98     6.043     6.001     3.609     0.6799      0.6799      0.6770      0.4409
56      A         B           56           ARG           96.08           268    264     98     6.043     6.001     3.609     0.6501      0.6501      0.6471      0.4092
57      A         B           57           GLU           96.87           268    264     98     6.043     6.001     3.609     0.7650      0.7650      0.7625      0.5450
58      A         B           58           LEU           97.58           268    264     98     6.043     6.001     3.609     0.8096      0.8096      0.8075      0.6095
59      A         B           59           GLU           96.54           268    264     98     6.043     6.001     3.609     0.7500      0.7500      0.7475      0.5266
60      A         B           60           ILE           96.97           268    264     98     6.043     6.001     3.609     0.7773      0.7773      0.7750      0.5615
61      A         B           61           LEU           98.10           268    264     98     6.043     6.001     3.609     0.8380      0.8380      0.8361      0.6544
62      A         B           62           LYS           97.47           268    264     98     6.043     6.001     3.609     0.7983      0.7983      0.7962      0.5927
63      A         B           63           THR           97.69           268    264     98     6.043     6.001     3.609     0.7526      0.7526      0.7501      0.5278
64      A         B           64           VAL           98.51           268    264     98     6.043     6.001     3.609     0.8518      0.8518      0.8501      0.6769
65      A         B           65           LYS           98.60           268    264     98     6.043     6.001     3.609     0.8202      0.8202      0.8182      0.6242
66      A         B           66           GLU           98.64           268    264     98     6.043     6.001     3.609     0.8665      0.8665      0.8649      0.7027
67      A         B           67           ILE           98.80           268    264     98     6.043     6.001     3.609     0.8983      0.8983      0.8971      0.7630
68      A         B           68           THR           98.41           268    264     98     6.043     6.001     3.609     0.8751      0.8751      0.8736      0.7186
69      A         B           69           GLY           98.21           268    264     98     6.043     6.001     3.609     0.8788      0.8788      0.8773      0.7261
70      A         B           70           PHE           98.09           268    264     98     6.043     6.001     3.609     0.8990      0.8990      0.8978      0.7656
71      A         B           71           LEU           98.80           268    264     98     6.043     6.001     3.609     0.9173      0.9173      0.9163      0.8025
72      A         B           72           LEU           97.19           268    264     98     6.043     6.001     3.609     0.9079      0.9079      0.9068      0.7841
73      A         B           73           ILE           98.21           268    264     98     6.043     6.001     3.609     0.9086      0.9086      0.9074      0.7855
74      A         B           74           GLN           95.02           268    264     98     6.043     6.001     3.609     0.8660      0.8660      0.8645      0.7065
75      A         B           75           ALA           95.27           268    264     98     6.043     6.001     3.609     0.8792      0.8792      0.8778      0.7283
76      A         B           76           TRP           97.43           268    264     98     6.043     6.001     3.609     0.8639      0.8639      0.8623      0.7010
77      A         B           77           PRO           96.23           268    264     98     6.043     6.001     3.609     0.7848      0.7848      0.7826      0.5751
78      A         B           78           ASP           87.98           268    264     98     6.043     6.001     3.609     0.5600      0.5600      0.5568      0.3256
79      A         B           79           ASN           89.32           268    264     98     6.043     6.001     3.609     0.5008      0.5008      0.4976      0.2753
80      A         B           80           TRP           96.24           268    264     98     6.043     6.001     3.609     0.7626      0.7626      0.7602      0.5427
81      A         B           81           THR           93.75           268    264     98     6.043     6.001     3.609     0.6818      0.6818      0.6789      0.4406
82      A         B           82           ASP           95.55           268    264     98     6.043     6.001     3.609     0.7540      0.7540      0.7515      0.5300
83      A         B           83           LEU           98.11           268    264     98     6.043     6.001     3.609     0.8486      0.8486      0.8468      0.6722
84      A         B           84           HIS           95.33           268    264     98     6.043     6.001     3.609     0.7532      0.7532      0.7507      0.5288
85      A         B           85           ALA           97.00           268    264     98     6.043     6.001     3.609     0.7833      0.7833      0.7810      0.5697
86      A         B           86           PHE           98.63           268    264     98     6.043     6.001     3.609     0.8614      0.8614      0.8598      0.6944
87      A         B           87           GLU           97.26           268    264     98     6.043     6.001     3.609     0.7839      0.7839      0.7816      0.5724
88      A         B           88           ASN           98.35           268    264     98     6.043     6.001     3.609     0.8326      0.8326      0.8307      0.6452
89      A         B           89           LEU           98.79           268    264     98     6.043     6.001     3.609     0.8798      0.8798      0.8784      0.7271
90      A         B           90           GLU           98.70           268    264     98     6.043     6.001     3.609     0.8441      0.8441      0.8423      0.6638
91      A         B           91           ILE           98.61           268    264     98     6.043     6.001     3.609     0.8632      0.8632      0.8616      0.6967
92      A         B           92           ILE           98.88           268    264     98     6.043     6.001     3.609     0.8967      0.8967      0.8954      0.7598
93      A         B           93           ARG           98.52           268    264     98     6.043     6.001     3.609     0.8588      0.8588      0.8572      0.6890
94      A         B           94           GLY           97.85           268    264     98     6.043     6.001     3.609     0.8382      0.8382      0.8363      0.6545
95      A         B           95           ARG           96.37           268    264     98     6.043     6.001     3.609     0.7866      0.7866      0.7844      0.5755
96      A         B           96           THR           94.51           268    264     98     6.043     6.001     3.609     0.8626      0.8626      0.8610      0.6971
97      A         B           97           LYS           93.92           268    264     98     6.043     6.001     3.609     0.8706      0.8706      0.8691      0.7119
98      A         B           98           GLN           94.88           268    264     98     6.043     6.001     3.609     0.8532      0.8532      0.8515      0.6819
99      A         B           99           HIS           91.44           268    264     98     6.043     6.001     3.609     0.8206      0.8206      0.8186      0.6295
100     A         B          100           GLY           92.47           268    264     98     6.043     6.001     3.609     0.8311      0.8311      0.8292      0.6458
101     A         B          101           GLN           92.92           268    264     98     6.043     6.001     3.609     0.8544      0.8544      0.8527      0.6848
102     A         B          102           PHE           96.68           268    264     98     6.043     6.001     3.609     0.9143      0.9143      0.9133      0.7961
103     A         B          103           SER           97.60           268    264     98     6.043     6.001     3.609     0.8894      0.8894      0.8881      0.7464
104     A         B          104           LEU           98.56           268    264     98     6.043     6.001     3.609     0.9144      0.9144      0.9133      0.7963
105     A         B          105           ALA           97.21           268    264     98     6.043     6.001     3.609     0.9008      0.9008      0.8996      0.7698
106     A         B          106           VAL           97.96           268    264     98     6.043     6.001     3.609     0.9018      0.9018      0.9006      0.7717
107     A         B          107           VAL           94.64           268    264     98     6.043     6.001     3.609     0.8446      0.8446      0.8429      0.6694
108     A         B          108           GLY           94.24           268    264     98     6.043     6.001     3.609     0.8517      0.8517      0.8500      0.6793
109     A         B          109           LEU           96.79           268    264     98     6.043     6.001     3.609     0.8795      0.8795      0.8781      0.7285
110     A         B          110           ASN           94.41           268    264     98     6.043     6.001     3.609     0.8395      0.8395      0.8377      0.6600
111     A         B          111           ILE           96.76           268    264     98     6.043     6.001     3.609     0.8573      0.8573      0.8557      0.6883
112     A         B          112           THR           91.98           268    264     98     6.043     6.001     3.609     0.8129      0.8129      0.8109      0.6153
113     A         B          113           SER           91.22           268    264     98     6.043     6.001     3.609     0.7146      0.7146      0.7118      0.4794
114     A         B          114           LEU           96.22           268    264     98     6.043     6.001     3.609     0.8188      0.8188      0.8168      0.6229
115     A         B          115           GLY           95.11           268    264     98     6.043     6.001     3.609     0.7197      0.7197      0.7169      0.4851
116     A         B          116           LEU           96.94           268    264     98     6.043     6.001     3.609     0.8015      0.8015      0.7994      0.5961
117     A         B          117           ARG           93.03           268    264     98     6.043     6.001     3.609     0.6872      0.6872      0.6844      0.4500
118     A         B          118           SER           97.88           268    264     98     6.043     6.001     3.609     0.7883      0.7883      0.7860      0.5758
119     A         B          119           LEU           97.49           268    264     98     6.043     6.001     3.609     0.8422      0.8422      0.8404      0.6598
120     A         B          120           LYS           96.59           268    264     98     6.043     6.001     3.609     0.6954      0.6954      0.6926      0.4555
121     A         B          121           GLU           97.93           268    264     98     6.043     6.001     3.609     0.8354      0.8354      0.8335      0.6488
122     A         B          122           ILE           98.54           268    264     98     6.043     6.001     3.609     0.8819      0.8819      0.8804      0.7310
123     A         B          123           SER           98.05           268    264     98     6.043     6.001     3.609     0.8384      0.8384      0.8366      0.6543
124     A         B          124           ASP           95.96           268    264     98     6.043     6.001     3.609     0.8644      0.8644      0.8628      0.6989
125     A         B          125           GLY           96.60           268    264     98     6.043     6.001     3.609     0.8591      0.8591      0.8574      0.6905
126     A         B          126           ASP           96.30           268    264     98     6.043     6.001     3.609     0.8935      0.8935      0.8922      0.7542
127     A         B          127           VAL           97.77           268    264     98     6.043     6.001     3.609     0.9068      0.9068      0.9057      0.7809
128     A         B          128           ILE           96.59           268    264     98     6.043     6.001     3.609     0.8949      0.8949      0.8936      0.7574
129     A         B          129           ILE           97.27           268    264     98     6.043     6.001     3.609     0.8995      0.8995      0.8983      0.7669
130     A         B          130           SER           93.63           268    264     98     6.043     6.001     3.609     0.7924      0.7924      0.7902      0.5878
131     A         B          131           GLY           94.19           268    264     98     6.043     6.001     3.609     0.8252      0.8252      0.8233      0.6350
132     A         B          132           ASN           95.92           268    264     98     6.043     6.001     3.609     0.8594      0.8594      0.8578      0.6920
133     A         B          133           ARG           91.32           268    264     98     6.043     6.001     3.609     0.7927      0.7927      0.7905      0.5882
134     A         B          134           ASN           92.56           268    264     98     6.043     6.001     3.609     0.8198      0.8198      0.8179      0.6267
135     A         B          135           LEU           95.80           268    264     98     6.043     6.001     3.609     0.8354      0.8354      0.8336      0.6501
136     A         B          136           CYS           91.71           268    264     98     6.043     6.001     3.609     0.6635      0.6635      0.6606      0.4241
137     A         B          137           TYR           84.52           268    264     98     6.043     6.001     3.609     0.5170      0.5170      0.5137      0.2815
138     A         B          138           ALA           89.49           268    264     98     6.043     6.001     3.609     0.6276      0.6276      0.6244      0.3822
139     A         B          139           ASN           82.95           268    264     98     6.043     6.001     3.609     0.5875      0.5875      0.5842      0.3441
140     A         B          140           THR           82.59           268    264     98     6.043     6.001     3.609     0.5821      0.5821      0.5789      0.3394
141     A         B          141           ILE           90.60           268    264     98     6.043     6.001     3.609     0.7172      0.7172      0.7145      0.4809
142     A         B          142           ASN           92.49           268    264     98     6.043     6.001     3.609     0.6929      0.6929      0.6901      0.4520
143     A         B          143           TRP           95.62           268    264     98     6.043     6.001     3.609     0.8061      0.8061      0.8040      0.6029
144     A         B          144           LYS           93.27           268    264     98     6.043     6.001     3.609     0.7628      0.7628      0.7603      0.5404
145     A         B          145           LYS           94.01           268    264     98     6.043     6.001     3.609     0.7254      0.7254      0.7227      0.4911
146     A         B          146           LEU           96.71           268    264     98     6.043     6.001     3.609     0.8047      0.8047      0.8025      0.5997
147     A         B          147           PHE           97.53           268    264     98     6.043     6.001     3.609     0.8093      0.8093      0.8072      0.6068
148     A         B          148           GLY           96.71           268    264     98     6.043     6.001     3.609     0.6106      0.6106      0.6074      0.3652
149     A         B          149           THR           90.73           268    264     98     6.043     6.001     3.609     0.6336      0.6336      0.6305      0.3906
150     A         B          150           PRO           89.74           268    264     98     6.043     6.001     3.609     0.5823      0.5823      0.5791      0.3439
151     A         B          151           ASN           86.85           268    264     98     6.043     6.001     3.609     0.6539      0.6539      0.6509      0.4138
152     A         B          152           GLN           96.23           268    264     98     6.043     6.001     3.609     0.8197      0.8197      0.8177      0.6250
153     A         B          153           LYS           93.90           268    264     98     6.043     6.001     3.609     0.8061      0.8061      0.8040      0.6048
154     A         B          154           THR           94.98           268    264     98     6.043     6.001     3.609     0.8306      0.8306      0.8287      0.6435
155     A         B          155           LYS           94.32           268    264     98     6.043     6.001     3.609     0.8356      0.8356      0.8338      0.6515
156     A         B          156           ILE           94.15           268    264     98     6.043     6.001     3.609     0.8270      0.8270      0.8251      0.6380
157     A         B          157           MET           90.40           268    264     98     6.043     6.001     3.609     0.6369      0.6369      0.6339      0.3975
158     A         B          158           ASN           91.27           268    264     98     6.043     6.001     3.609     0.7445      0.7445      0.7419      0.5185
159     A         B          159           ASN           94.27           268    264     98     6.043     6.001     3.609     0.7917      0.7917      0.7895      0.5821
160     A         B          160           ARG           90.97           268    264     98     6.043     6.001     3.609     0.6928      0.6928      0.6899      0.4542
161     A         B          161           ALA           85.98           268    264     98     6.043     6.001     3.609     0.4913      0.4913      0.4880      0.2655
162     A         B          162           GLU           81.09           268    264     98     6.043     6.001     3.609     0.4423      0.4423      0.4390      0.2273
163     A         B          163           LYS           82.92           268    264     98     6.043     6.001     3.609     0.3873      0.3873      0.3842      0.1881
164     A         B          164           ASP           84.14           268    264     98     6.043     6.001     3.609     0.3655      0.3655      0.3624      0.1734
165     A         B          165           CYS           85.31           268    264     98     6.043     6.001     3.609     0.2645      0.2645      0.2619      0.1153
166     A         B          166           LYS           70.90           268    264     37     6.043     6.001     1.675     0.1428      0.1834      0.1814      0.0172
167     A         B          167           ALA           59.99           268    264      0     6.043     6.001     1.000     0.0785      0.0000      0.0000      0.0000
168     A         B          168           VAL           54.69           268    264      0     6.043     6.001     1.000     0.0667      0.0000      0.0000      0.0000
169     A         B          169           ASN           51.73           268    264      0     6.043     6.001     1.000     0.0582      0.0000      0.0000      0.0000
170     A         B          170           HIS           47.96           268    264      0     6.043     6.001     1.000     0.0490      0.0000      0.0000      0.0000
171     B         A            1           MET           59.21           268    267      0     6.043     6.032     1.000     0.0656      0.0000      0.0000      0.0000
172     B         A            2           GLU           76.77           268    267     86     6.043     6.032     3.335     0.1510      0.1799      0.1794      0.0630
173     B         A            3           ILE           92.79           268    267    170     6.043     6.032     4.861     0.5670      0.5670      0.5662      0.4634
174     B         A            4           ARG           91.49           268    267    170     6.043     6.032     4.861     0.7310      0.7310      0.7303      0.6421
175     B         A            5           GLN           92.47           268    267    170     6.043     6.032     4.861     0.7632      0.7632      0.7626      0.6804
176     B         A            6           ALA           94.33           268    267    170     6.043     6.032     4.861     0.7756      0.7756      0.7750      0.6954
177     B         A            7           GLY           96.02           268    267    170     6.043     6.032     4.861     0.7936      0.7936      0.7930      0.7174
178     B         A            8           ILE           95.15           268    267    170     6.043     6.032     4.861     0.8504      0.8504      0.8500      0.7902
179     B         A            9           ARG           93.45           268    267    170     6.043     6.032     4.861     0.8150      0.8150      0.8145      0.7447
180     B         A           10           ALA           95.95           268    267    170     6.043     6.032     4.861     0.8365      0.8365      0.8360      0.7720
181     B         A           11           ALA           96.68           268    267    170     6.043     6.032     4.861     0.8532      0.8532      0.8528      0.7938
182     B         A           12           SER           94.48           268    267    170     6.043     6.032     4.861     0.8515      0.8515      0.8511      0.7918
183     B         A           13           SER           94.48           268    267    170     6.043     6.032     4.861     0.8255      0.8255      0.8251      0.7582
184     B         A           14           GLY           97.23           268    267    170     6.043     6.032     4.861     0.8493      0.8493      0.8489      0.7888
185     B         A           15           ALA           96.74           268    267    170     6.043     6.032     4.861     0.8763      0.8763      0.8759      0.8247
186     B         A           16           PHE           96.08           268    267    170     6.043     6.032     4.861     0.8835      0.8835      0.8832      0.8345
187     B         A           17           GLY           96.40           268    267    170     6.043     6.032     4.861     0.8568      0.8568      0.8564      0.7988
188     B         A           18           VAL           97.15           268    267    170     6.043     6.032     4.861     0.8684      0.8684      0.8681      0.8141
189     B         A           19           ALA           95.25           268    267    170     6.043     6.032     4.861     0.8398      0.8398      0.8393      0.7764
190     B         A           20           SER           92.73           268    267    170     6.043     6.032     4.861     0.8085      0.8085      0.8080      0.7363
191     B         A           21           GLY           91.96           268    267    170     6.043     6.032     4.861     0.7793      0.7793      0.7788      0.7003
192     B         A           22           LEU           93.43           268    267    170     6.043     6.032     4.861     0.8230      0.8230      0.8225      0.7545
193     B         A           23           SER           92.41           268    267    170     6.043     6.032     4.861     0.7991      0.7991      0.7986      0.7242
194     B         A           24           PRO           94.13           268    267    170     6.043     6.032     4.861     0.7811      0.7811      0.7806      0.7021
195     B         A           25           GLU           92.38           268    267    170     6.043     6.032     4.861     0.7674      0.7674      0.7668      0.6864
196     B         A           26           ASP           93.86           268    267    170     6.043     6.032     4.861     0.8116      0.8116      0.8111      0.7403
197     B         A           27           VAL           96.80           268    267    170     6.043     6.032     4.861     0.8483      0.8483      0.8478      0.7874
198     B         A           28           LEU           95.64           268    267    170     6.043     6.032     4.861     0.8285      0.8285      0.8280      0.7617
199     B         A           29           GLU           94.38           268    267    170     6.043     6.032     4.861     0.8190      0.8190      0.8186      0.7501
200     B         A           30           LEU           95.41           268    267    170     6.043     6.032     4.861     0.8399      0.8399      0.8394      0.7765
201     B         A           31           VAL           96.69           268    267    170     6.043     6.032     4.861     0.8438      0.8438      0.8434      0.7816
202     B         A           32           GLU           94.09           268    267    170     6.043     6.032     4.861     0.8075      0.8075      0.8070      0.7354
203     B         A           33           PHE           94.53           268    267    170     6.043     6.032     4.861     0.8159      0.8159      0.8154      0.7462
204     B         A           34           SER           91.97           268    267    170     6.043     6.032     4.861     0.7634      0.7634      0.7628      0.6823
205     B         A           35           PHE           92.89           268    267    170     6.043     6.032     4.861     0.7690      0.7690      0.7684      0.6881
206     B         A           36           GLU           91.45           268    267    170     6.043     6.032     4.861     0.7103      0.7103      0.7097      0.6197
207     B         A           37           ASN           90.68           268    267    170     6.043     6.032     4.861     0.6889      0.6889      0.6882      0.5958
208     B         A           38           ALA           89.91           268    267    170     6.043     6.032     4.861     0.6344      0.6344      0.6337      0.5360
209     B         A           39           PRO           87.53           268    267    170     6.043     6.032     4.861     0.5466      0.5466      0.5458      0.4446
210     B         A           40           LEU           87.34           268    267    170     6.043     6.032     4.861     0.5558      0.5558      0.5550      0.4542
211     B         A           41           HIS           86.72           268    267    170     6.043     6.032     4.861     0.4999      0.4999      0.4991      0.4002
212     B         A           42           GLY           86.50           268    267    170     6.043     6.032     4.861     0.4430      0.4430      0.4422      0.3481
213     B         A           43           ASP           89.67           268    267    170     6.043     6.032     4.861     0.5162      0.5162      0.5154      0.4145
214     B         A           44           ILE           89.87           268    267    170     6.043     6.032     4.861     0.5749      0.5749      0.5741      0.4732
215     B         A           45           PRO           89.86           268    267    170     6.043     6.032     4.861     0.5640      0.5640      0.5632      0.4620
216     B         A           46           LEU           92.23           268    267    170     6.043     6.032     4.861     0.5888      0.5888      0.5880      0.4858
217     B         A           47           GLU           90.56           268    267    170     6.043     6.032     4.861     0.6010      0.6010      0.6002      0.5001
218     B         A           48           ASP           88.84           268    267    170     6.043     6.032     4.861     0.6796      0.6796      0.6789      0.5848
219     B         A           49           PRO           87.35           268    267    170     6.043     6.032     4.861     0.7308      0.7308      0.7302      0.6439
220     B         A           50           THR           88.89           268    267    170     6.043     6.032     4.861     0.7584      0.7584      0.7578      0.6759
221     B         A           51           LEU           93.97           268    267    170     6.043     6.032     4.861     0.8357      0.8357      0.8352      0.7717
222     B         A           52           ASP           92.02           268    267    170     6.043     6.032     4.861     0.8015      0.8015      0.8009      0.7285
223     B         A           53           MET           89.27           268    267    170     6.043     6.032     4.861     0.7976      0.7976      0.7971      0.7239
224     B         A           54           THR           93.39           268    267    170     6.043     6.032     4.861     0.8340      0.8340      0.8336      0.7697
225     B         A           55           LEU           95.12           268    267    170     6.043     6.032     4.861     0.8520      0.8520      0.8516      0.7926
226     B         A           56           ARG           90.48           268    267    170     6.043     6.032     4.861     0.8024      0.8024      0.8019      0.7297
227     B         A           57           SER           88.92           268    267    170     6.043     6.032     4.861     0.7457      0.7457      0.7451      0.6609
228     B         A           58           ALA           92.60           268    267    170     6.043     6.032     4.861     0.7830      0.7830      0.7824      0.7054
229     B         A           59           SER           89.68           268    267    170     6.043     6.032     4.861     0.7582      0.7582      0.7576      0.6747
230     B         A           60           PRO           92.37           268    267    170     6.043     6.032     4.861     0.7228      0.7228      0.7221      0.6330
231     B         A           61           GLU           94.50           268    267    170     6.043     6.032     4.861     0.6920      0.6920      0.6913      0.5971
232     B         A           62           ARG           92.68           268    267    170     6.043     6.032     4.861     0.7359      0.7359      0.7353      0.6480
233     B         A           63           ARG           94.69           268    267    170     6.043     6.032     4.861     0.7931      0.7931      0.7926      0.7166
234     B         A           64           GLU           97.24           268    267    170     6.043     6.032     4.861     0.7757      0.7757      0.7751      0.6953
235     B         A           65           LYS           96.79           268    267    170     6.043     6.032     4.861     0.8102      0.8102      0.8097      0.7379
236     B         A           66           ALA           97.38           268    267    170     6.043     6.032     4.861     0.8341      0.8341      0.8336      0.7685
237     B         A           67           GLU           96.01           268    267    170     6.043     6.032     4.861     0.8307      0.8307      0.8302      0.7641
238     B         A           68           GLU           97.81           268    267    170     6.043     6.032     4.861     0.8198      0.8198      0.8193      0.7500
239     B         A           69           LEU           98.05           268    267    170     6.043     6.032     4.861     0.8484      0.8484      0.8479      0.7870
240     B         A           70           ARG           96.97           268    267    170     6.043     6.032     4.861     0.8286      0.8286      0.8282      0.7613
241     B         A           71           GLU           97.22           268    267    170     6.043     6.032     4.861     0.8128      0.8128      0.8123      0.7413
242     B         A           72           ARG           98.17           268    267    170     6.043     6.032     4.861     0.8204      0.8204      0.8199      0.7505
243     B         A           73           ILE           97.63           268    267    170     6.043     6.032     4.861     0.8433      0.8433      0.8429      0.7804
244     B         A           74           LEU           97.21           268    267    170     6.043     6.032     4.861     0.8323      0.8323      0.8319      0.7660
245     B         A           75           ARG           97.57           268    267    170     6.043     6.032     4.861     0.7928      0.7928      0.7922      0.7157
246     B         A           76           ALA           97.52           268    267    170     6.043     6.032     4.861     0.7738      0.7738      0.7732      0.6924
247     B         A           77           GLY           96.21           268    267    170     6.043     6.032     4.861     0.6965      0.6965      0.6958      0.6014
248     B         A           78           GLU           95.47           268    267    170     6.043     6.032     4.861     0.7055      0.7055      0.7048      0.6116
249     B         A           79           GLU           96.22           268    267    170     6.043     6.032     4.861     0.6506      0.6506      0.6498      0.5501
250     B         A           80           SER           96.24           268    267    170     6.043     6.032     4.861     0.6003      0.6003      0.5995      0.4965
251     B         A           81           LYS           95.21           268    267    170     6.043     6.032     4.861     0.3952      0.3952      0.3944      0.2994
252     B         A           82           ASP           95.08           268    267    170     6.043     6.032     4.861     0.6404      0.6404      0.6397      0.5396
253     B         A           83           LEU           93.54           268    267    170     6.043     6.032     4.861     0.6904      0.6904      0.6896      0.5945
254     B         A           84           GLU           95.34           268    267    170     6.043     6.032     4.861     0.6541      0.6541      0.6533      0.5545
255     B         A           85           GLU           97.05           268    267    170     6.043     6.032     4.861     0.7344      0.7344      0.7338      0.6449
256     B         A           86           LEU           96.62           268    267    170     6.043     6.032     4.861     0.7865      0.7865      0.7859      0.7078
257     B         A           87           ARG           95.30           268    267    170     6.043     6.032     4.861     0.7406      0.7406      0.7400      0.6526
258     B         A           88           ARG           97.26           268    267    170     6.043     6.032     4.861     0.7069      0.7069      0.7062      0.6135
259     B         A           89           ARG           97.74           268    267    170     6.043     6.032     4.861     0.7661      0.7661      0.7655      0.6827
260     B         A           90           ILE           96.82           268    267    170     6.043     6.032     4.861     0.7778      0.7778      0.7772      0.6974
261     B         A           91           GLU           96.29           268    267    170     6.043     6.032     4.861     0.7440      0.7440      0.7434      0.6568
262     B         A           92           GLU           97.41           268    267    170     6.043     6.032     4.861     0.7144      0.7144      0.7137      0.6221
263     B         A           93           ILE           97.96           268    267    170     6.043     6.032     4.861     0.7990      0.7990      0.7985      0.7233
264     B         A           94           VAL           96.89           268    267    170     6.043     6.032     4.861     0.7553      0.7553      0.7547      0.6701
265     B         A           95           ARG           95.68           268    267    170     6.043     6.032     4.861     0.6967      0.6967      0.6960      0.6021
266     B         A           96           GLU           96.73           268    267    170     6.043     6.032     4.861     0.6081      0.6081      0.6073      0.5046
267     B         A           97           THR           95.49           268    267    170     6.043     6.032     4.861     0.5988      0.5988      0.5980      0.4945
268     B         A           98           LEU           93.68           268    267    170     6.043     6.032     4.861     0.3870      0.3870      0.3862      0.2923
