i   AlignChn ScoredChain  AlignResNum  AlignResType  AlignRespLDDT      n0chn  n0dom  n0res    d0chn     d0dom     d0res   ipTM_pae  ipSAE_d0chn ipSAE_d0dom    ipSAE 
1       A         B            1           LYS           92.20           287    286    117     6.234     6.224     3.994     0.2990      0.2990      0.2983      0.1509
2       A         B            2           VAL           97.64           287    286    117     6.234     6.224     3.994     0.7117      0.7117      0.7110      0.5082
3       A         B            3           CYS           97.65           287    286    117     6.234     6.224     3.994     0.7955      0.7955      0.7950      0.6198
4       A         B            4           ASN           97.25           287    286    117     6.234     6.224     3.994     0.8194      0.8194      0.8189      0.6550
5       A         B            5           GLY           97.55           287    286    117     6.234     6.224     3.994     0.7964      0.7964      0.7959      0.6239
6       A         B            6           ILE           95.40           287    286    117     6.234     6.224     3.994     0.8063      0.8063      0.8058      0.6375
7       A         B            7           GLY           91.22           287    286    117     6.234     6.224     3.994     0.6860      0.6860      0.6853      0.4808
8       A         B            8           ILE           89.96           287    286    117     6.234     6.224     3.994     0.6608      0.6608      0.6601      0.4538
9       A         B            9           GLY           93.34           287    286    117     6.234     6.224     3.994     0.5942      0.5942      0.5935      0.3816
10      A         B           10           GLU           92.53           287    286    117     6.234     6.224     3.994     0.5947      0.5947      0.5940      0.3849
11      A         B           11           PHE           94.60           287    286    117     6.234     6.224     3.994     0.7425      0.7425      0.7419      0.5507
12      A         B           12           LYS           90.31           287    286    117     6.234     6.224     3.994     0.6887      0.6887      0.6880      0.4890
13      A         B           13           ASP           87.82           287    286    117     6.234     6.224     3.994     0.6653      0.6653      0.6646      0.4645
14      A         B           14           SER           91.91           287    286    117     6.234     6.224     3.994     0.7525      0.7525      0.7520      0.5681
15      A         B           15           LEU           91.05           287    286    117     6.234     6.224     3.994     0.7819      0.7819      0.7814      0.6056
16      A         B           16           SER           94.93           287    286    117     6.234     6.224     3.994     0.8263      0.8263      0.8259      0.6707
17      A         B           17           ILE           97.17           287    286    117     6.234     6.224     3.994     0.8351      0.8351      0.8347      0.6804
18      A         B           18           ASN           96.43           287    286    117     6.234     6.224     3.994     0.8178      0.8178      0.8174      0.6533
19      A         B           19           ALA           97.46           287    286    117     6.234     6.224     3.994     0.8064      0.8064      0.8060      0.6378
20      A         B           20           THR           95.14           287    286    117     6.234     6.224     3.994     0.7036      0.7036      0.7029      0.5028
21      A         B           21           ASN           96.21           287    286    117     6.234     6.224     3.994     0.8012      0.8012      0.8007      0.6305
22      A         B           22           ILE           96.75           287    286    117     6.234     6.224     3.994     0.7761      0.7761      0.7756      0.5951
23      A         B           23           LYS           94.70           287    286    117     6.234     6.224     3.994     0.6991      0.6991      0.6984      0.4979
24      A         B           24           HIS           94.14           287    286    117     6.234     6.224     3.994     0.6326      0.6326      0.6319      0.4212
25      A         B           25           PHE           97.51           287    286    117     6.234     6.224     3.994     0.7943      0.7943      0.7938      0.6179
26      A         B           26           LYS           96.13           287    286    117     6.234     6.224     3.994     0.7487      0.7487      0.7481      0.5564
27      A         B           27           ASN           94.83           287    286    117     6.234     6.224     3.994     0.6613      0.6613      0.6606      0.4487
28      A         B           28           CYS           97.97           287    286    117     6.234     6.224     3.994     0.7603      0.7603      0.7597      0.5693
29      A         B           29           THR           98.29           287    286    117     6.234     6.224     3.994     0.7626      0.7626      0.7621      0.5721
30      A         B           30           SER           98.27           287    286    117     6.234     6.224     3.994     0.8218      0.8218      0.8213      0.6575
31      A         B           31           ILE           98.58           287    286    117     6.234     6.224     3.994     0.8562      0.8562      0.8558      0.7125
32      A         B           32           SER           97.69           287    286    117     6.234     6.224     3.994     0.8141      0.8141      0.8136      0.6462
33      A         B           33           GLY           96.86           287    286    117     6.234     6.224     3.994     0.8257      0.8257      0.8253      0.6664
34      A         B           34           ASP           96.28           287    286    117     6.234     6.224     3.994     0.8473      0.8473      0.8469      0.6994
35      A         B           35           LEU           97.71           287    286    117     6.234     6.224     3.994     0.8439      0.8439      0.8434      0.6943
36      A         B           36           HIS           92.94           287    286    117     6.234     6.224     3.994     0.7802      0.7802      0.7797      0.6025
37      A         B           37           ILE           97.59           287    286    117     6.234     6.224     3.994     0.8756      0.8756      0.8752      0.7486
38      A         B           38           LEU           92.89           287    286    117     6.234     6.224     3.994     0.8692      0.8692      0.8689      0.7382
39      A         B           39           PRO           89.97           287    286    117     6.234     6.224     3.994     0.8428      0.8428      0.8424      0.6943
40      A         B           40           VAL           90.22           287    286    117     6.234     6.224     3.994     0.8154      0.8154      0.8150      0.6534
41      A         B           41           ALA           95.70           287    286    117     6.234     6.224     3.994     0.8222      0.8222      0.8217      0.6633
42      A         B           42           PHE           94.64           287    286    117     6.234     6.224     3.994     0.7978      0.7978      0.7973      0.6275
43      A         B           43           ARG           88.63           287    286    117     6.234     6.224     3.994     0.6147      0.6147      0.6139      0.4085
44      A         B           44           GLY           93.37           287    286    117     6.234     6.224     3.994     0.5547      0.5547      0.5539      0.3526
45      A         B           45           ASP           88.35           287    286    117     6.234     6.224     3.994     0.4758      0.4758      0.4751      0.2845
46      A         B           46           SER           86.56           287    286    117     6.234     6.224     3.994     0.4656      0.4656      0.4649      0.2770
47      A         B           47           PHE           85.22           287    286    117     6.234     6.224     3.994     0.5007      0.5007      0.5000      0.3060
48      A         B           48           THR           87.86           287    286    117     6.234     6.224     3.994     0.5176      0.5176      0.5169      0.3216
49      A         B           49           HIS           92.01           287    286    117     6.234     6.224     3.994     0.5289      0.5289      0.5282      0.3311
50      A         B           50           THR           93.60           287    286    117     6.234     6.224     3.994     0.5876      0.5876      0.5869      0.3839
51      A         B           51           PRO           96.94           287    286    117     6.234     6.224     3.994     0.6563      0.6563      0.6556      0.4516
52      A         B           52           PRO           96.13           287    286    117     6.234     6.224     3.994     0.7411      0.7411      0.7406      0.5498
53      A         B           53           LEU           97.60           287    286    117     6.234     6.224     3.994     0.7994      0.7994      0.7989      0.6281
54      A         B           54           ASP           96.87           287    286    117     6.234     6.224     3.994     0.7608      0.7608      0.7602      0.5739
55      A         B           55           PRO           95.22           287    286    117     6.234     6.224     3.994     0.7067      0.7067      0.7061      0.5046
56      A         B           56           GLN           96.01           287    286    117     6.234     6.224     3.994     0.6896      0.6896      0.6890      0.4848
57      A         B           57           GLU           97.06           287    286    117     6.234     6.224     3.994     0.7679      0.7679      0.7673      0.5811
58      A         B           58           LEU           97.41           287    286    117     6.234     6.224     3.994     0.8048      0.8048      0.8043      0.6334
59      A         B           59           ASP           96.83           287    286    117     6.234     6.224     3.994     0.7845      0.7845      0.7839      0.6054
60      A         B           60           ILE           97.55           287    286    117     6.234     6.224     3.994     0.7978      0.7978      0.7973      0.6223
61      A         B           61           LEU           98.23           287    286    117     6.234     6.224     3.994     0.8411      0.8411      0.8407      0.6885
62      A         B           62           LYS           97.55           287    286    117     6.234     6.224     3.994     0.8101      0.8101      0.8096      0.6410
63      A         B           63           THR           98.00           287    286    117     6.234     6.224     3.994     0.7678      0.7678      0.7672      0.5793
64      A         B           64           VAL           98.57           287    286    117     6.234     6.224     3.994     0.8468      0.8468      0.8464      0.6970
65      A         B           65           LYS           98.59           287    286    117     6.234     6.224     3.994     0.8106      0.8106      0.8102      0.6402
66      A         B           66           GLU           98.30           287    286    117     6.234     6.224     3.994     0.8547      0.8547      0.8543      0.7098
67      A         B           67           ILE           98.84           287    286    117     6.234     6.224     3.994     0.8858      0.8858      0.8855      0.7637
68      A         B           68           THR           98.36           287    286    117     6.234     6.224     3.994     0.8611      0.8611      0.8607      0.7210
69      A         B           69           GLY           97.35           287    286    117     6.234     6.224     3.994     0.8546      0.8546      0.8542      0.7119
70      A         B           70           PHE           96.88           287    286    117     6.234     6.224     3.994     0.8845      0.8845      0.8842      0.7623
71      A         B           71           LEU           98.75           287    286    117     6.234     6.224     3.994     0.9040      0.9040      0.9037      0.7977
72      A         B           72           LEU           95.95           287    286    117     6.234     6.224     3.994     0.8920      0.8920      0.8917      0.7767
73      A         B           73           ILE           98.07           287    286    117     6.234     6.224     3.994     0.8889      0.8889      0.8886      0.7715
74      A         B           74           GLN           92.11           287    286    117     6.234     6.224     3.994     0.8420      0.8420      0.8416      0.6941
75      A         B           75           ALA           94.30           287    286    117     6.234     6.224     3.994     0.8596      0.8596      0.8592      0.7206
76      A         B           76           TRP           97.30           287    286    117     6.234     6.224     3.994     0.8484      0.8484      0.8480      0.7031
77      A         B           77           PRO           95.48           287    286    117     6.234     6.224     3.994     0.7686      0.7686      0.7680      0.5832
78      A         B           78           GLU           88.78           287    286    117     6.234     6.224     3.994     0.5882      0.5882      0.5875      0.3785
79      A         B           79           ASN           89.65           287    286    117     6.234     6.224     3.994     0.4887      0.4887      0.4880      0.2915
80      A         B           80           ARG           94.86           287    286    117     6.234     6.224     3.994     0.6630      0.6630      0.6624      0.4535
81      A         B           81           THR           93.63           287    286    117     6.234     6.224     3.994     0.5983      0.5983      0.5976      0.3857
82      A         B           82           ASP           95.15           287    286    117     6.234     6.224     3.994     0.7086      0.7086      0.7080      0.5052
83      A         B           83           LEU           97.93           287    286    117     6.234     6.224     3.994     0.8006      0.8006      0.8001      0.6275
84      A         B           84           HIS           92.93           287    286    117     6.234     6.224     3.994     0.6311      0.6311      0.6304      0.4213
85      A         B           85           ALA           96.99           287    286    117     6.234     6.224     3.994     0.7504      0.7504      0.7498      0.5571
86      A         B           86           PHE           98.56           287    286    117     6.234     6.224     3.994     0.8432      0.8432      0.8428      0.6921
87      A         B           87           GLU           96.69           287    286    117     6.234     6.224     3.994     0.7829      0.7829      0.7824      0.6022
88      A         B           88           ASN           98.35           287    286    117     6.234     6.224     3.994     0.8233      0.8233      0.8228      0.6599
89      A         B           89           LEU           98.82           287    286    117     6.234     6.224     3.994     0.8669      0.8669      0.8666      0.7307
90      A         B           90           GLU           98.69           287    286    117     6.234     6.224     3.994     0.8332      0.8332      0.8328      0.6751
91      A         B           91           ILE           98.66           287    286    117     6.234     6.224     3.994     0.8519      0.8519      0.8515      0.7054
92      A         B           92           ILE           98.85           287    286    117     6.234     6.224     3.994     0.8815      0.8815      0.8812      0.7561
93      A         B           93           ARG           98.34           287    286    117     6.234     6.224     3.994     0.8452      0.8452      0.8448      0.6947
94      A         B           94           GLY           96.46           287    286    117     6.234     6.224     3.994     0.8200      0.8200      0.8196      0.6565
95      A         B           95           ARG           94.52           287    286    117     6.234     6.224     3.994     0.7640      0.7640      0.7635      0.5764
96      A         B           96           THR           92.35           287    286    117     6.234     6.224     3.994     0.8362      0.8362      0.8358      0.6831
97      A         B           97           LYS           91.63           287    286    117     6.234     6.224     3.994     0.8473      0.8473      0.8469      0.7016
98      A         B           98           GLN           92.37           287    286    117     6.234     6.224     3.994     0.8379      0.8379      0.8375      0.6864
99      A         B           99           HIS           88.78           287    286    117     6.234     6.224     3.994     0.8195      0.8195      0.8190      0.6581
100     A         B          100           GLY           88.45           287    286    117     6.234     6.224     3.994     0.8189      0.8189      0.8184      0.6565
101     A         B          101           GLN           90.47           287    286    117     6.234     6.224     3.994     0.8081      0.8081      0.8077      0.6428
102     A         B          102           PHE           94.78           287    286    117     6.234     6.224     3.994     0.8806      0.8806      0.8803      0.7567
103     A         B          103           SER           96.59           287    286    117     6.234     6.224     3.994     0.8613      0.8613      0.8609      0.7235
104     A         B          104           LEU           98.41           287    286    117     6.234     6.224     3.994     0.8978      0.8978      0.8975      0.7866
105     A         B          105           ALA           96.56           287    286    117     6.234     6.224     3.994     0.8851      0.8851      0.8848      0.7645
106     A         B          106           VAL           97.72           287    286    117     6.234     6.224     3.994     0.8836      0.8836      0.8833      0.7618
107     A         B          107           VAL           92.47           287    286    117     6.234     6.224     3.994     0.8368      0.8368      0.8364      0.6864
108     A         B          108           SER           89.89           287    286    117     6.234     6.224     3.994     0.8305      0.8305      0.8300      0.6751
109     A         B          109           LEU           96.31           287    286    117     6.234     6.224     3.994     0.8579      0.8579      0.8575      0.7183
110     A         B          110           ASN           94.07           287    286    117     6.234     6.224     3.994     0.8298      0.8298      0.8293      0.6741
111     A         B          111           ILE           96.66           287    286    117     6.234     6.224     3.994     0.8364      0.8364      0.8360      0.6835
112     A         B          112           THR           93.29           287    286    117     6.234     6.224     3.994     0.8006      0.8006      0.8001      0.6288
113     A         B          113           SER           93.23           287    286    117     6.234     6.224     3.994     0.7239      0.7239      0.7233      0.5247
114     A         B          114           LEU           96.58           287    286    117     6.234     6.224     3.994     0.7928      0.7928      0.7923      0.6163
115     A         B          115           GLY           95.19           287    286    117     6.234     6.224     3.994     0.6797      0.6797      0.6791      0.4735
116     A         B          116           LEU           96.64           287    286    117     6.234     6.224     3.994     0.7634      0.7634      0.7628      0.5746
117     A         B          117           ARG           90.99           287    286    117     6.234     6.224     3.994     0.5920      0.5920      0.5912      0.3825
118     A         B          118           SER           97.53           287    286    117     6.234     6.224     3.994     0.7622      0.7622      0.7617      0.5719
119     A         B          119           LEU           97.16           287    286    117     6.234     6.224     3.994     0.8170      0.8170      0.8166      0.6505
120     A         B          120           LYS           96.11           287    286    117     6.234     6.224     3.994     0.6749      0.6749      0.6743      0.4642
121     A         B          121           GLU           98.04           287    286    117     6.234     6.224     3.994     0.8215      0.8215      0.8210      0.6580
122     A         B          122           ILE           98.39           287    286    117     6.234     6.224     3.994     0.8586      0.8586      0.8582      0.7171
123     A         B          123           SER           97.85           287    286    117     6.234     6.224     3.994     0.8195      0.8195      0.8191      0.6545
124     A         B          124           ASP           94.21           287    286    117     6.234     6.224     3.994     0.8246      0.8246      0.8242      0.6648
125     A         B          125           GLY           94.44           287    286    117     6.234     6.224     3.994     0.8130      0.8130      0.8126      0.6491
126     A         B          126           ASP           93.88           287    286    117     6.234     6.224     3.994     0.8643      0.8643      0.8640      0.7284
127     A         B          127           VAL           97.48           287    286    117     6.234     6.224     3.994     0.8839      0.8839      0.8836      0.7620
128     A         B          128           ILE           95.36           287    286    117     6.234     6.224     3.994     0.8835      0.8835      0.8832      0.7617
129     A         B          129           ILE           96.98           287    286    117     6.234     6.224     3.994     0.8789      0.8789      0.8785      0.7534
130     A         B          130           SER           91.89           287    286    117     6.234     6.224     3.994     0.7906      0.7906      0.7901      0.6181
131     A         B          131           GLY           91.37           287    286    117     6.234     6.224     3.994     0.8015      0.8015      0.8010      0.6324
132     A         B          132           ASN           95.63           287    286    117     6.234     6.224     3.994     0.8381      0.8381      0.8377      0.6861
133     A         B          133           LYS           90.99           287    286    117     6.234     6.224     3.994     0.7949      0.7949      0.7944      0.6218
134     A         B          134           ASN           93.45           287    286    117     6.234     6.224     3.994     0.7984      0.7984      0.7979      0.6267
135     A         B          135           LEU           96.32           287    286    117     6.234     6.224     3.994     0.8069      0.8069      0.8064      0.6378
136     A         B          136           CYS           93.95           287    286    117     6.234     6.224     3.994     0.6151      0.6151      0.6143      0.4053
137     A         B          137           TYR           85.48           287    286    117     6.234     6.224     3.994     0.3581      0.3581      0.3574      0.1897
138     A         B          138           ALA           91.47           287    286    117     6.234     6.224     3.994     0.4728      0.4728      0.4721      0.2750
139     A         B          139           ASN           82.09           287    286    117     6.234     6.224     3.994     0.4355      0.4355      0.4348      0.2456
140     A         B          140           THR           84.36           287    286    117     6.234     6.224     3.994     0.4322      0.4322      0.4315      0.2439
141     A         B          141           ILE           91.17           287    286    117     6.234     6.224     3.994     0.5860      0.5860      0.5853      0.3740
142     A         B          142           ASN           92.85           287    286    117     6.234     6.224     3.994     0.6246      0.6246      0.6239      0.4124
143     A         B          143           TRP           95.40           287    286    117     6.234     6.224     3.994     0.7468      0.7468      0.7462      0.5543
144     A         B          144           LYS           92.57           287    286    117     6.234     6.224     3.994     0.7017      0.7017      0.7011      0.4981
145     A         B          145           LYS           94.05           287    286    117     6.234     6.224     3.994     0.6495      0.6495      0.6488      0.4394
146     A         B          146           LEU           96.71           287    286    117     6.234     6.224     3.994     0.7650      0.7650      0.7645      0.5769
147     A         B          147           PHE           97.06           287    286    117     6.234     6.224     3.994     0.7602      0.7602      0.7597      0.5712
148     A         B          148           GLY           96.05           287    286    117     6.234     6.224     3.994     0.4638      0.4638      0.4631      0.2691
149     A         B          149           THR           87.62           287    286    117     6.234     6.224     3.994     0.4137      0.4137      0.4130      0.2327
150     A         B          150           SER           81.19           287    286    117     6.234     6.224     3.994     0.3530      0.3530      0.3523      0.1911
151     A         B          151           GLY           86.39           287    286    117     6.234     6.224     3.994     0.5105      0.5105      0.5098      0.3111
152     A         B          152           GLN           94.69           287    286    117     6.234     6.224     3.994     0.7062      0.7062      0.7056      0.5073
153     A         B          153           LYS           89.31           287    286    117     6.234     6.224     3.994     0.6943      0.6943      0.6937      0.4955
154     A         B          154           THR           93.65           287    286    117     6.234     6.224     3.994     0.7648      0.7648      0.7643      0.5819
155     A         B          155           LYS           90.88           287    286    117     6.234     6.224     3.994     0.7764      0.7764      0.7759      0.5980
156     A         B          156           ILE           93.67           287    286    117     6.234     6.224     3.994     0.7809      0.7809      0.7804      0.6031
157     A         B          157           ILE           88.41           287    286    117     6.234     6.224     3.994     0.6381      0.6381      0.6375      0.4342
158     A         B          158           SER           89.16           287    286    117     6.234     6.224     3.994     0.7124      0.7124      0.7118      0.5149
159     A         B          159           ASN           94.72           287    286    117     6.234     6.224     3.994     0.7786      0.7786      0.7780      0.5977
160     A         B          160           ARG           93.56           287    286    117     6.234     6.224     3.994     0.6722      0.6722      0.6715      0.4653
161     A         B          161           GLY           90.30           287    286    117     6.234     6.224     3.994     0.4908      0.4908      0.4900      0.2917
162     A         B          162           GLU           84.16           287    286    117     6.234     6.224     3.994     0.4483      0.4483      0.4476      0.2564
163     A         B          163           ASN           89.54           287    286    117     6.234     6.224     3.994     0.3800      0.3800      0.3793      0.2052
164     A         B          164           SER           89.98           287    286    117     6.234     6.224     3.994     0.4369      0.4369      0.4361      0.2463
165     A         B          165           CYS           91.69           287    286    117     6.234     6.224     3.994     0.4516      0.4516      0.4508      0.2575
166     A         B          166           LYS           88.97           287    286    117     6.234     6.224     3.994     0.4126      0.4126      0.4119      0.2283
167     A         B          167           ALA           89.56           287    286    117     6.234     6.224     3.994     0.2740      0.2740      0.2734      0.1357
168     A         B          168           THR           81.94           287    286     99     6.234     6.224     3.631     0.1846      0.1931      0.1926      0.0755
169     A         B          169           GLY           80.82           287    286      7     6.234     6.224     1.000     0.1155      0.1581      0.1577      0.0048
170     A         B          170           GLN           63.62           287    286      0     6.234     6.224     1.000     0.0832      0.0000      0.0000      0.0000
171     B         A            1           LEU           81.55           287    287    170     6.234     6.234     4.861     0.3824      0.3824      0.3824      0.2795
172     B         A            2           LEU           91.02           287    287    170     6.234     6.234     4.861     0.6720      0.6720      0.6720      0.5596
173     B         A            3           GLU           90.72           287    287    170     6.234     6.234     4.861     0.7256      0.7256      0.7256      0.6208
174     B         A            4           GLU           88.54           287    287    170     6.234     6.234     4.861     0.7730      0.7730      0.7730      0.6781
175     B         A            5           ALA           94.74           287    287    170     6.234     6.234     4.861     0.8140      0.8140      0.8140      0.7298
176     B         A            6           LYS           95.12           287    287    170     6.234     6.234     4.861     0.8142      0.8142      0.8142      0.7301
177     B         A            7           GLU           91.98           287    287    170     6.234     6.234     4.861     0.8197      0.8197      0.8197      0.7372
178     B         A            8           LEU           93.96           287    287    170     6.234     6.234     4.861     0.8563      0.8563      0.8563      0.7861
179     B         A            9           LYS           96.80           287    287    170     6.234     6.234     4.861     0.8593      0.8593      0.8593      0.7901
180     B         A           10           GLU           95.38           287    287    170     6.234     6.234     4.861     0.8171      0.8171      0.8171      0.7338
181     B         A           11           LEU           92.56           287    287    170     6.234     6.234     4.861     0.8446      0.8446      0.8446      0.7701
182     B         A           12           GLY           95.31           287    287    170     6.234     6.234     4.861     0.8236      0.8236      0.8236      0.7422
183     B         A           13           ASP           96.65           287    287    170     6.234     6.234     4.861     0.8485      0.8485      0.8485      0.7753
184     B         A           14           GLU           92.40           287    287    170     6.234     6.234     4.861     0.7976      0.7976      0.7976      0.7086
185     B         A           15           TYR           92.64           287    287    170     6.234     6.234     4.861     0.8411      0.8411      0.8411      0.7653
186     B         A           16           ILE           93.40           287    287    170     6.234     6.234     4.861     0.8124      0.8124      0.8124      0.7276
187     B         A           17           LYS           93.94           287    287    170     6.234     6.234     4.861     0.7522      0.7522      0.7522      0.6521
188     B         A           18           ASN           91.34           287    287    170     6.234     6.234     4.861     0.7194      0.7194      0.7194      0.6135
189     B         A           19           ASN           90.98           287    287    170     6.234     6.234     4.861     0.7428      0.7428      0.7428      0.6413
190     B         A           20           GLU           89.70           287    287    170     6.234     6.234     4.861     0.7989      0.7989      0.7989      0.7104
191     B         A           21           TYR           93.28           287    287    170     6.234     6.234     4.861     0.8478      0.8478      0.8478      0.7748
192     B         A           22           ASP           88.96           287    287    170     6.234     6.234     4.861     0.8451      0.8451      0.8451      0.7716
193     B         A           23           THR           90.72           287    287    170     6.234     6.234     4.861     0.8537      0.8537      0.8537      0.7829
194     B         A           24           ALA           95.57           287    287    170     6.234     6.234     4.861     0.8756      0.8756      0.8756      0.8130
195     B         A           25           LEU           94.40           287    287    170     6.234     6.234     4.861     0.8898      0.8898      0.8898      0.8330
196     B         A           26           LEU           93.00           287    287    170     6.234     6.234     4.861     0.8845      0.8845      0.8845      0.8255
197     B         A           27           LEU           94.67           287    287    170     6.234     6.234     4.861     0.8911      0.8911      0.8911      0.8348
198     B         A           28           TYR           97.19           287    287    170     6.234     6.234     4.861     0.9024      0.9024      0.9024      0.8509
199     B         A           29           SER           94.24           287    287    170     6.234     6.234     4.861     0.8777      0.8777      0.8777      0.8164
200     B         A           30           GLN           92.50           287    287    170     6.234     6.234     4.861     0.8535      0.8535      0.8535      0.7831
201     B         A           31           ALA           96.74           287    287    170     6.234     6.234     4.861     0.8913      0.8913      0.8913      0.8352
202     B         A           32           LEU           96.48           287    287    170     6.234     6.234     4.861     0.8878      0.8878      0.8878      0.8301
203     B         A           33           ILE           93.66           287    287    170     6.234     6.234     4.861     0.8800      0.8800      0.8800      0.8195
204     B         A           34           LEU           93.41           287    287    170     6.234     6.234     4.861     0.8775      0.8775      0.8775      0.8158
205     B         A           35           ALA           96.46           287    287    170     6.234     6.234     4.861     0.8810      0.8810      0.8810      0.8203
206     B         A           36           VAL           94.95           287    287    170     6.234     6.234     4.861     0.8577      0.8577      0.8577      0.7880
207     B         A           37           LEU           91.90           287    287    170     6.234     6.234     4.861     0.8281      0.8281      0.8281      0.7487
208     B         A           38           GLY           92.29           287    287    170     6.234     6.234     4.861     0.7907      0.7907      0.7907      0.7014
209     B         A           39           GLU           89.44           287    287    170     6.234     6.234     4.861     0.7231      0.7231      0.7231      0.6196
210     B         A           40           SER           93.94           287    287    170     6.234     6.234     4.861     0.6752      0.6752      0.6752      0.5652
211     B         A           41           SER           95.44           287    287    170     6.234     6.234     4.861     0.6976      0.6976      0.6976      0.5879
212     B         A           42           LEU           95.25           287    287    170     6.234     6.234     4.861     0.7437      0.7437      0.7437      0.6417
213     B         A           43           GLU           96.26           287    287    170     6.234     6.234     4.861     0.7291      0.7291      0.7291      0.6238
214     B         A           44           GLU           95.51           287    287    170     6.234     6.234     4.861     0.8127      0.8127      0.8127      0.7280
215     B         A           45           LEU           97.42           287    287    170     6.234     6.234     4.861     0.8357      0.8357      0.8357      0.7580
216     B         A           46           GLU           96.59           287    287    170     6.234     6.234     4.861     0.7993      0.7993      0.7993      0.7105
217     B         A           47           GLU           96.91           287    287    170     6.234     6.234     4.861     0.8408      0.8408      0.8408      0.7648
218     B         A           48           ILE           97.58           287    287    170     6.234     6.234     4.861     0.8625      0.8625      0.8625      0.7945
219     B         A           49           GLY           97.62           287    287    170     6.234     6.234     4.861     0.8287      0.8287      0.8287      0.7490
220     B         A           50           LYS           97.09           287    287    170     6.234     6.234     4.861     0.8239      0.8239      0.8239      0.7425
221     B         A           51           LYS           96.82           287    287    170     6.234     6.234     4.861     0.8690      0.8690      0.8690      0.8034
222     B         A           52           TYR           97.27           287    287    170     6.234     6.234     4.861     0.8840      0.8840      0.8840      0.8246
223     B         A           53           ILE           97.00           287    287    170     6.234     6.234     4.861     0.8673      0.8673      0.8673      0.8013
224     B         A           54           GLU           94.83           287    287    170     6.234     6.234     4.861     0.8277      0.8277      0.8277      0.7477
225     B         A           55           SER           95.41           287    287    170     6.234     6.234     4.861     0.8452      0.8452      0.8452      0.7712
226     B         A           56           LEU           95.20           287    287    170     6.234     6.234     4.861     0.8589      0.8589      0.8589      0.7897
227     B         A           57           ARG           94.40           287    287    170     6.234     6.234     4.861     0.8264      0.8264      0.8264      0.7461
228     B         A           58           LYS           93.90           287    287    170     6.234     6.234     4.861     0.8086      0.8086      0.8086      0.7229
229     B         A           59           VAL           92.33           287    287    170     6.234     6.234     4.861     0.8016      0.8016      0.8016      0.7147
230     B         A           60           VAL           93.13           287    287    170     6.234     6.234     4.861     0.8062      0.8062      0.8062      0.7202
231     B         A           61           PRO           91.24           287    287    170     6.234     6.234     4.861     0.7411      0.7411      0.7411      0.6401
232     B         A           62           GLU           85.60           287    287    170     6.234     6.234     4.861     0.7324      0.7324      0.7324      0.6306
233     B         A           63           ILE           87.77           287    287    170     6.234     6.234     4.861     0.7499      0.7499      0.7499      0.6511
234     B         A           64           LEU           90.14           287    287    170     6.234     6.234     4.861     0.7447      0.7447      0.7447      0.6443
235     B         A           65           LYS           86.59           287    287    170     6.234     6.234     4.861     0.6282      0.6282      0.6282      0.5139
236     B         A           66           ASN           79.97           287    287    170     6.234     6.234     4.861     0.5792      0.5792      0.5792      0.4639
237     B         A           67           HIS           80.07           287    287    170     6.234     6.234     4.861     0.5321      0.5321      0.5321      0.4164
238     B         A           68           GLY           79.27           287    287    170     6.234     6.234     4.861     0.4061      0.4061      0.4061      0.3008
239     B         A           69           LYS           75.58           287    287    170     6.234     6.234     4.861     0.3023      0.3023      0.3023      0.2123
240     B         A           70           SER           74.53           287    287    170     6.234     6.234     4.861     0.3091      0.3091      0.3091      0.2177
241     B         A           71           GLY           76.73           287    287    170     6.234     6.234     4.861     0.3407      0.3407      0.3407      0.2430
242     B         A           72           PRO           77.96           287    287    170     6.234     6.234     4.861     0.4571      0.4571      0.4571      0.3437
243     B         A           73           ASP           82.40           287    287    170     6.234     6.234     4.861     0.5229      0.5229      0.5229      0.4049
244     B         A           74           THR           79.94           287    287    170     6.234     6.234     4.861     0.5491      0.5491      0.5491      0.4323
245     B         A           75           ASP           83.41           287    287    170     6.234     6.234     4.861     0.6182      0.6182      0.6182      0.5033
246     B         A           76           LEU           91.93           287    287    170     6.234     6.234     4.861     0.7732      0.7732      0.7732      0.6792
247     B         A           77           ILE           92.12           287    287    170     6.234     6.234     4.861     0.7850      0.7850      0.7850      0.6940
248     B         A           78           SER           88.32           287    287    170     6.234     6.234     4.861     0.7674      0.7674      0.7674      0.6726
249     B         A           79           VAL           90.77           287    287    170     6.234     6.234     4.861     0.8049      0.8049      0.8049      0.7195
250     B         A           80           LEU           94.97           287    287    170     6.234     6.234     4.861     0.8281      0.8281      0.8281      0.7486
251     B         A           81           ASN           93.24           287    287    170     6.234     6.234     4.861     0.8003      0.8003      0.8003      0.7131
252     B         A           82           THR           91.13           287    287    170     6.234     6.234     4.861     0.7785      0.7785      0.7785      0.6857
253     B         A           83           LEU           93.37           287    287    170     6.234     6.234     4.861     0.8083      0.8083      0.8083      0.7231
254     B         A           84           ILE           95.38           287    287    170     6.234     6.234     4.861     0.7915      0.7915      0.7915      0.7013
255     B         A           85           LYS           91.51           287    287    170     6.234     6.234     4.861     0.6688      0.6688      0.6688      0.5574
256     B         A           86           LEU           86.69           287    287    170     6.234     6.234     4.861     0.5873      0.5873      0.5873      0.4717
257     B         A           87           LEU           91.08           287    287    170     6.234     6.234     4.861     0.5574      0.5574      0.5574      0.4416
258     B         A           88           PRO           88.59           287    287    170     6.234     6.234     4.861     0.4207      0.4207      0.4207      0.3127
259     B         A           89           SER           91.67           287    287    170     6.234     6.234     4.861     0.4777      0.4777      0.4777      0.3630
260     B         A           90           GLU           95.45           287    287    170     6.234     6.234     4.861     0.5621      0.5621      0.5621      0.4437
261     B         A           91           GLU           94.37           287    287    170     6.234     6.234     4.861     0.6538      0.6538      0.6538      0.5386
262     B         A           92           ILE           95.73           287    287    170     6.234     6.234     4.861     0.7651      0.7651      0.7651      0.6681
263     B         A           93           LYS           96.59           287    287    170     6.234     6.234     4.861     0.7517      0.7517      0.7517      0.6518
264     B         A           94           GLU           97.07           287    287    170     6.234     6.234     4.861     0.7580      0.7580      0.7580      0.6594
265     B         A           95           PHE           97.35           287    287    170     6.234     6.234     4.861     0.8323      0.8323      0.8323      0.7536
266     B         A           96           LEU           97.47           287    287    170     6.234     6.234     4.861     0.8207      0.8207      0.8207      0.7384
267     B         A           97           LYS           97.54           287    287    170     6.234     6.234     4.861     0.8040      0.8040      0.8040      0.7169
268     B         A           98           LYS           97.57           287    287    170     6.234     6.234     4.861     0.7833      0.7833      0.7833      0.6903
269     B         A           99           PHE           97.57           287    287    170     6.234     6.234     4.861     0.8425      0.8425      0.8425      0.7674
270     B         A          100           LYS           96.40           287    287    170     6.234     6.234     4.861     0.8153      0.8153      0.8153      0.7316
271     B         A          101           LYS           96.98           287    287    170     6.234     6.234     4.861     0.7897      0.7897      0.7897      0.6992
272     B         A          102           GLU           96.50           287    287    170     6.234     6.234     4.861     0.8072      0.8072      0.8072      0.7210
273     B         A          103           VAL           96.03           287    287    170     6.234     6.234     4.861     0.8311      0.8311      0.8311      0.7523
274     B         A          104           GLU           94.55           287    287    170     6.234     6.234     4.861     0.7971      0.7971      0.7971      0.7082
275     B         A          105           LYS           95.80           287    287    170     6.234     6.234     4.861     0.7704      0.7704      0.7704      0.6748
276     B         A          106           ALA           95.33           287    287    170     6.234     6.234     4.861     0.7773      0.7773      0.7773      0.6828
277     B         A          107           SER           92.02           287    287    170     6.234     6.234     4.861     0.7423      0.7423      0.7423      0.6405
278     B         A          108           GLU           93.05           287    287    170     6.234     6.234     4.861     0.7583      0.7583      0.7583      0.6599
279     B         A          109           GLU           94.01           287    287    170     6.234     6.234     4.861     0.7373      0.7373      0.7373      0.6340
280     B         A          110           ALA           93.30           287    287    170     6.234     6.234     4.861     0.7360      0.7360      0.7360      0.6325
281     B         A          111           GLU           90.21           287    287    170     6.234     6.234     4.861     0.7025      0.7025      0.7025      0.5933
282     B         A          112           LYS           91.77           287    287    170     6.234     6.234     4.861     0.7083      0.7083      0.7083      0.6002
283     B         A          113           GLU           91.64           287    287    170     6.234     6.234     4.861     0.6383      0.6383      0.6383      0.5216
284     B         A          114           TYR           90.47           287    287    170     6.234     6.234     4.861     0.6075      0.6075      0.6075      0.4892
285     B         A          115           LEU           84.88           287    287    170     6.234     6.234     4.861     0.4619      0.4619      0.4619      0.3464
286     B         A          116           GLU           83.24           287    287    170     6.234     6.234     4.861     0.3306      0.3306      0.3306      0.2341
287     B         A          117           SER           71.47           287    287      8     6.234     6.234     1.000     0.1049      0.1641      0.1641      0.0050
