i   AlignChn ScoredChain  AlignResNum  AlignResType  AlignRespLDDT      n0chn  n0dom  n0res    d0chn     d0dom     d0res   ipTM_pae  ipSAE_d0chn ipSAE_d0dom    ipSAE 
1       A         B            1           LYS           93.04           287    286    117     6.234     6.224     3.994     0.2824      0.2824      0.2818      0.1408
2       A         B            2           VAL           97.61           287    286    117     6.234     6.224     3.994     0.7466      0.7466      0.7460      0.5517
3       A         B            3           CYS           97.64           287    286    117     6.234     6.224     3.994     0.8074      0.8074      0.8070      0.6370
4       A         B            4           ASN           97.18           287    286    117     6.234     6.224     3.994     0.8235      0.8235      0.8230      0.6613
5       A         B            5           GLY           97.59           287    286    117     6.234     6.224     3.994     0.7995      0.7995      0.7990      0.6281
6       A         B            6           ILE           95.48           287    286    117     6.234     6.224     3.994     0.8071      0.8071      0.8066      0.6388
7       A         B            7           GLY           91.27           287    286    117     6.234     6.224     3.994     0.6918      0.6918      0.6912      0.4876
8       A         B            8           ILE           90.67           287    286    117     6.234     6.224     3.994     0.6739      0.6739      0.6732      0.4678
9       A         B            9           GLY           93.15           287    286    117     6.234     6.224     3.994     0.5995      0.5995      0.5988      0.3868
10      A         B           10           GLU           92.40           287    286    117     6.234     6.224     3.994     0.5913      0.5913      0.5906      0.3815
11      A         B           11           PHE           94.79           287    286    117     6.234     6.224     3.994     0.7383      0.7383      0.7377      0.5453
12      A         B           12           LYS           90.33           287    286    117     6.234     6.224     3.994     0.6865      0.6865      0.6858      0.4865
13      A         B           13           ASP           88.11           287    286    117     6.234     6.224     3.994     0.6677      0.6677      0.6670      0.4673
14      A         B           14           SER           92.22           287    286    117     6.234     6.224     3.994     0.7576      0.7576      0.7571      0.5747
15      A         B           15           LEU           91.36           287    286    117     6.234     6.224     3.994     0.7870      0.7870      0.7865      0.6126
16      A         B           16           SER           94.91           287    286    117     6.234     6.224     3.994     0.8309      0.8309      0.8305      0.6777
17      A         B           17           ILE           97.22           287    286    117     6.234     6.224     3.994     0.8386      0.8386      0.8382      0.6859
18      A         B           18           ASN           96.45           287    286    117     6.234     6.224     3.994     0.8225      0.8225      0.8221      0.6603
19      A         B           19           ALA           97.45           287    286    117     6.234     6.224     3.994     0.8098      0.8098      0.8093      0.6423
20      A         B           20           THR           94.78           287    286    117     6.234     6.224     3.994     0.7097      0.7097      0.7091      0.5100
21      A         B           21           ASN           96.36           287    286    117     6.234     6.224     3.994     0.8059      0.8059      0.8054      0.6373
22      A         B           22           ILE           97.38           287    286    117     6.234     6.224     3.994     0.7996      0.7996      0.7991      0.6271
23      A         B           23           LYS           94.61           287    286    117     6.234     6.224     3.994     0.6882      0.6882      0.6876      0.4854
24      A         B           24           HIS           95.35           287    286    117     6.234     6.224     3.994     0.6922      0.6922      0.6916      0.4869
25      A         B           25           PHE           97.62           287    286    117     6.234     6.224     3.994     0.8042      0.8042      0.8037      0.6321
26      A         B           26           LYS           96.26           287    286    117     6.234     6.224     3.994     0.7625      0.7625      0.7620      0.5746
27      A         B           27           ASN           94.90           287    286    117     6.234     6.224     3.994     0.6796      0.6796      0.6789      0.4692
28      A         B           28           CYS           98.06           287    286    117     6.234     6.224     3.994     0.7739      0.7739      0.7734      0.5878
29      A         B           29           THR           98.37           287    286    117     6.234     6.224     3.994     0.7757      0.7757      0.7751      0.5899
30      A         B           30           SER           98.20           287    286    117     6.234     6.224     3.994     0.8220      0.8220      0.8215      0.6578
31      A         B           31           ILE           98.48           287    286    117     6.234     6.224     3.994     0.8523      0.8523      0.8519      0.7060
32      A         B           32           SER           97.50           287    286    117     6.234     6.224     3.994     0.8117      0.8117      0.8112      0.6428
33      A         B           33           GLY           96.76           287    286    117     6.234     6.224     3.994     0.8233      0.8233      0.8229      0.6627
34      A         B           34           ASP           96.23           287    286    117     6.234     6.224     3.994     0.8484      0.8484      0.8480      0.7011
35      A         B           35           LEU           97.64           287    286    117     6.234     6.224     3.994     0.8480      0.8480      0.8476      0.7010
36      A         B           36           HIS           92.38           287    286    117     6.234     6.224     3.994     0.7672      0.7672      0.7666      0.5851
37      A         B           37           ILE           97.46           287    286    117     6.234     6.224     3.994     0.8745      0.8745      0.8742      0.7468
38      A         B           38           LEU           92.73           287    286    117     6.234     6.224     3.994     0.8722      0.8722      0.8718      0.7431
39      A         B           39           PRO           89.53           287    286    117     6.234     6.224     3.994     0.8470      0.8470      0.8466      0.7008
40      A         B           40           VAL           90.11           287    286    117     6.234     6.224     3.994     0.8187      0.8187      0.8182      0.6580
41      A         B           41           ALA           95.50           287    286    117     6.234     6.224     3.994     0.8263      0.8263      0.8259      0.6692
42      A         B           42           PHE           94.43           287    286    117     6.234     6.224     3.994     0.8068      0.8068      0.8063      0.6401
43      A         B           43           ARG           89.11           287    286    117     6.234     6.224     3.994     0.6517      0.6517      0.6511      0.4468
44      A         B           44           GLY           93.05           287    286    117     6.234     6.224     3.994     0.5426      0.5426      0.5419      0.3419
45      A         B           45           ASP           88.41           287    286    117     6.234     6.224     3.994     0.4443      0.4443      0.4436      0.2600
46      A         B           46           SER           86.27           287    286    117     6.234     6.224     3.994     0.4316      0.4316      0.4309      0.2504
47      A         B           47           PHE           84.95           287    286    117     6.234     6.224     3.994     0.4597      0.4597      0.4590      0.2732
48      A         B           48           THR           88.24           287    286    117     6.234     6.224     3.994     0.4887      0.4887      0.4880      0.2969
49      A         B           49           HIS           92.81           287    286    117     6.234     6.224     3.994     0.5128      0.5128      0.5121      0.3166
50      A         B           50           THR           93.91           287    286    117     6.234     6.224     3.994     0.5726      0.5726      0.5719      0.3692
51      A         B           51           PRO           96.83           287    286    117     6.234     6.224     3.994     0.6504      0.6504      0.6497      0.4450
52      A         B           52           PRO           95.87           287    286    117     6.234     6.224     3.994     0.7477      0.7477      0.7471      0.5579
53      A         B           53           LEU           97.55           287    286    117     6.234     6.224     3.994     0.8051      0.8051      0.8046      0.6362
54      A         B           54           ASP           96.82           287    286    117     6.234     6.224     3.994     0.7653      0.7653      0.7648      0.5799
55      A         B           55           PRO           95.04           287    286    117     6.234     6.224     3.994     0.7084      0.7084      0.7078      0.5065
56      A         B           56           GLN           95.81           287    286    117     6.234     6.224     3.994     0.6891      0.6891      0.6884      0.4841
57      A         B           57           GLU           97.06           287    286    117     6.234     6.224     3.994     0.7688      0.7688      0.7682      0.5821
58      A         B           58           LEU           97.32           287    286    117     6.234     6.224     3.994     0.8018      0.8018      0.8013      0.6290
59      A         B           59           ASP           96.81           287    286    117     6.234     6.224     3.994     0.7869      0.7869      0.7864      0.6086
60      A         B           60           ILE           97.51           287    286    117     6.234     6.224     3.994     0.8006      0.8006      0.8001      0.6262
61      A         B           61           LEU           98.22           287    286    117     6.234     6.224     3.994     0.8437      0.8437      0.8433      0.6924
62      A         B           62           LYS           97.60           287    286    117     6.234     6.224     3.994     0.8155      0.8155      0.8151      0.6490
63      A         B           63           THR           97.93           287    286    117     6.234     6.224     3.994     0.7726      0.7726      0.7720      0.5858
64      A         B           64           VAL           98.60           287    286    117     6.234     6.224     3.994     0.8504      0.8504      0.8500      0.7028
65      A         B           65           LYS           98.52           287    286    117     6.234     6.224     3.994     0.8049      0.8049      0.8044      0.6316
66      A         B           66           GLU           98.27           287    286    117     6.234     6.224     3.994     0.8603      0.8603      0.8599      0.7192
67      A         B           67           ILE           98.83           287    286    117     6.234     6.224     3.994     0.8888      0.8888      0.8885      0.7690
68      A         B           68           THR           98.38           287    286    117     6.234     6.224     3.994     0.8677      0.8677      0.8674      0.7322
69      A         B           69           GLY           97.39           287    286    117     6.234     6.224     3.994     0.8595      0.8595      0.8591      0.7197
70      A         B           70           PHE           96.85           287    286    117     6.234     6.224     3.994     0.8884      0.8884      0.8881      0.7691
71      A         B           71           LEU           98.75           287    286    117     6.234     6.224     3.994     0.9068      0.9068      0.9066      0.8030
72      A         B           72           LEU           95.66           287    286    117     6.234     6.224     3.994     0.8923      0.8923      0.8920      0.7769
73      A         B           73           ILE           97.95           287    286    117     6.234     6.224     3.994     0.8909      0.8909      0.8906      0.7749
74      A         B           74           GLN           91.95           287    286    117     6.234     6.224     3.994     0.8480      0.8480      0.8476      0.7035
75      A         B           75           ALA           93.93           287    286    117     6.234     6.224     3.994     0.8633      0.8633      0.8629      0.7268
76      A         B           76           TRP           97.14           287    286    117     6.234     6.224     3.994     0.8509      0.8509      0.8505      0.7070
77      A         B           77           PRO           95.37           287    286    117     6.234     6.224     3.994     0.7681      0.7681      0.7675      0.5825
78      A         B           78           GLU           85.90           287    286    117     6.234     6.224     3.994     0.5398      0.5398      0.5391      0.3341
79      A         B           79           ASN           89.07           287    286    117     6.234     6.224     3.994     0.5016      0.5016      0.5009      0.3019
80      A         B           80           ARG           94.75           287    286    117     6.234     6.224     3.994     0.6504      0.6504      0.6497      0.4396
81      A         B           81           THR           93.98           287    286    117     6.234     6.224     3.994     0.6003      0.6003      0.5996      0.3873
82      A         B           82           ASP           95.02           287    286    117     6.234     6.224     3.994     0.7013      0.7013      0.7007      0.4963
83      A         B           83           LEU           97.90           287    286    117     6.234     6.224     3.994     0.8012      0.8012      0.8007      0.6282
84      A         B           84           HIS           92.86           287    286    117     6.234     6.224     3.994     0.6224      0.6224      0.6216      0.4119
85      A         B           85           ALA           97.07           287    286    117     6.234     6.224     3.994     0.7550      0.7550      0.7544      0.5631
86      A         B           86           PHE           98.60           287    286    117     6.234     6.224     3.994     0.8474      0.8474      0.8470      0.6987
87      A         B           87           GLU           96.91           287    286    117     6.234     6.224     3.994     0.7883      0.7883      0.7878      0.6096
88      A         B           88           ASN           98.40           287    286    117     6.234     6.224     3.994     0.8291      0.8291      0.8286      0.6688
89      A         B           89           LEU           98.84           287    286    117     6.234     6.224     3.994     0.8729      0.8729      0.8726      0.7410
90      A         B           90           GLU           98.68           287    286    117     6.234     6.224     3.994     0.8421      0.8421      0.8417      0.6892
91      A         B           91           ILE           98.66           287    286    117     6.234     6.224     3.994     0.8555      0.8555      0.8551      0.7114
92      A         B           92           ILE           98.86           287    286    117     6.234     6.224     3.994     0.8852      0.8852      0.8849      0.7628
93      A         B           93           ARG           98.43           287    286    117     6.234     6.224     3.994     0.8531      0.8531      0.8527      0.7076
94      A         B           94           GLY           96.54           287    286    117     6.234     6.224     3.994     0.8260      0.8260      0.8256      0.6658
95      A         B           95           ARG           94.64           287    286    117     6.234     6.224     3.994     0.7746      0.7746      0.7741      0.5910
96      A         B           96           THR           92.26           287    286    117     6.234     6.224     3.994     0.8410      0.8410      0.8406      0.6907
97      A         B           97           LYS           91.37           287    286    117     6.234     6.224     3.994     0.8510      0.8510      0.8506      0.7075
98      A         B           98           GLN           92.36           287    286    117     6.234     6.224     3.994     0.8479      0.8479      0.8475      0.7023
99      A         B           99           HIS           88.48           287    286    117     6.234     6.224     3.994     0.8288      0.8288      0.8283      0.6722
100     A         B          100           GLY           88.15           287    286    117     6.234     6.224     3.994     0.8259      0.8259      0.8254      0.6671
101     A         B          101           GLN           90.15           287    286    117     6.234     6.224     3.994     0.8134      0.8134      0.8130      0.6507
102     A         B          102           PHE           94.67           287    286    117     6.234     6.224     3.994     0.8826      0.8826      0.8823      0.7603
103     A         B          103           SER           96.57           287    286    117     6.234     6.224     3.994     0.8668      0.8668      0.8665      0.7329
104     A         B          104           LEU           98.42           287    286    117     6.234     6.224     3.994     0.9002      0.9002      0.8999      0.7910
105     A         B          105           ALA           96.46           287    286    117     6.234     6.224     3.994     0.8840      0.8840      0.8837      0.7623
106     A         B          106           VAL           97.62           287    286    117     6.234     6.224     3.994     0.8848      0.8848      0.8845      0.7639
107     A         B          107           VAL           92.31           287    286    117     6.234     6.224     3.994     0.8424      0.8424      0.8420      0.6949
108     A         B          108           SER           89.69           287    286    117     6.234     6.224     3.994     0.8348      0.8348      0.8344      0.6815
109     A         B          109           LEU           96.10           287    286    117     6.234     6.224     3.994     0.8596      0.8596      0.8593      0.7210
110     A         B          110           ASN           94.01           287    286    117     6.234     6.224     3.994     0.8322      0.8322      0.8317      0.6776
111     A         B          111           ILE           96.50           287    286    117     6.234     6.224     3.994     0.8384      0.8384      0.8380      0.6865
112     A         B          112           THR           93.58           287    286    117     6.234     6.224     3.994     0.8116      0.8116      0.8111      0.6446
113     A         B          113           SER           93.86           287    286    117     6.234     6.224     3.994     0.7487      0.7487      0.7481      0.5560
114     A         B          114           LEU           96.65           287    286    117     6.234     6.224     3.994     0.8013      0.8013      0.8008      0.6285
115     A         B          115           GLY           95.42           287    286    117     6.234     6.224     3.994     0.6937      0.6937      0.6931      0.4891
116     A         B          116           LEU           96.81           287    286    117     6.234     6.224     3.994     0.7826      0.7826      0.7820      0.6008
117     A         B          117           ARG           92.60           287    286    117     6.234     6.224     3.994     0.6581      0.6581      0.6574      0.4495
118     A         B          118           SER           97.61           287    286    117     6.234     6.224     3.994     0.7808      0.7808      0.7802      0.5973
119     A         B          119           LEU           97.32           287    286    117     6.234     6.224     3.994     0.8267      0.8267      0.8263      0.6653
120     A         B          120           LYS           95.78           287    286    117     6.234     6.224     3.994     0.6552      0.6552      0.6545      0.4425
121     A         B          121           GLU           97.95           287    286    117     6.234     6.224     3.994     0.8204      0.8204      0.8199      0.6565
122     A         B          122           ILE           98.45           287    286    117     6.234     6.224     3.994     0.8629      0.8629      0.8625      0.7242
123     A         B          123           SER           97.89           287    286    117     6.234     6.224     3.994     0.8279      0.8279      0.8275      0.6676
124     A         B          124           ASP           94.24           287    286    117     6.234     6.224     3.994     0.8344      0.8344      0.8339      0.6798
125     A         B          125           GLY           94.33           287    286    117     6.234     6.224     3.994     0.8181      0.8181      0.8177      0.6564
126     A         B          126           ASP           93.81           287    286    117     6.234     6.224     3.994     0.8670      0.8670      0.8666      0.7328
127     A         B          127           VAL           97.48           287    286    117     6.234     6.224     3.994     0.8858      0.8858      0.8855      0.7652
128     A         B          128           ILE           95.36           287    286    117     6.234     6.224     3.994     0.8886      0.8886      0.8883      0.7705
129     A         B          129           ILE           97.05           287    286    117     6.234     6.224     3.994     0.8817      0.8817      0.8814      0.7583
130     A         B          130           SER           92.31           287    286    117     6.234     6.224     3.994     0.7996      0.7996      0.7991      0.6308
131     A         B          131           GLY           91.29           287    286    117     6.234     6.224     3.994     0.8040      0.8040      0.8035      0.6355
132     A         B          132           ASN           95.48           287    286    117     6.234     6.224     3.994     0.8351      0.8351      0.8347      0.6812
133     A         B          133           LYS           90.51           287    286    117     6.234     6.224     3.994     0.7815      0.7815      0.7810      0.6029
134     A         B          134           ASN           93.65           287    286    117     6.234     6.224     3.994     0.8045      0.8045      0.8040      0.6351
135     A         B          135           LEU           96.24           287    286    117     6.234     6.224     3.994     0.8059      0.8059      0.8054      0.6361
136     A         B          136           CYS           93.99           287    286    117     6.234     6.224     3.994     0.6143      0.6143      0.6135      0.4043
137     A         B          137           TYR           85.26           287    286    117     6.234     6.224     3.994     0.3554      0.3554      0.3547      0.1878
138     A         B          138           ALA           91.41           287    286    117     6.234     6.224     3.994     0.4631      0.4631      0.4623      0.2669
139     A         B          139           ASN           81.59           287    286    117     6.234     6.224     3.994     0.4306      0.4306      0.4298      0.2418
140     A         B          140           THR           83.83           287    286    117     6.234     6.224     3.994     0.4287      0.4287      0.4279      0.2411
141     A         B          141           ILE           91.42           287    286    117     6.234     6.224     3.994     0.5956      0.5956      0.5949      0.3832
142     A         B          142           ASN           92.63           287    286    117     6.234     6.224     3.994     0.6222      0.6222      0.6214      0.4100
143     A         B          143           TRP           95.54           287    286    117     6.234     6.224     3.994     0.7475      0.7475      0.7470      0.5554
144     A         B          144           LYS           92.29           287    286    117     6.234     6.224     3.994     0.7031      0.7031      0.7024      0.4994
145     A         B          145           LYS           93.52           287    286    117     6.234     6.224     3.994     0.6674      0.6674      0.6667      0.4588
146     A         B          146           LEU           96.70           287    286    117     6.234     6.224     3.994     0.7730      0.7730      0.7725      0.5877
147     A         B          147           PHE           97.10           287    286    117     6.234     6.224     3.994     0.7718      0.7718      0.7712      0.5867
148     A         B          148           GLY           96.17           287    286    117     6.234     6.224     3.994     0.5379      0.5379      0.5372      0.3310
149     A         B          149           THR           89.55           287    286    117     6.234     6.224     3.994     0.5262      0.5262      0.5254      0.3224
150     A         B          150           SER           84.49           287    286    117     6.234     6.224     3.994     0.4464      0.4464      0.4457      0.2586
151     A         B          151           GLY           86.59           287    286    117     6.234     6.224     3.994     0.5847      0.5847      0.5840      0.3784
152     A         B          152           GLN           94.70           287    286    117     6.234     6.224     3.994     0.7384      0.7384      0.7378      0.5464
153     A         B          153           LYS           89.15           287    286    117     6.234     6.224     3.994     0.6822      0.6822      0.6816      0.4818
154     A         B          154           THR           93.98           287    286    117     6.234     6.224     3.994     0.7753      0.7753      0.7748      0.5956
155     A         B          155           LYS           91.05           287    286    117     6.234     6.224     3.994     0.7875      0.7875      0.7869      0.6129
156     A         B          156           ILE           93.94           287    286    117     6.234     6.224     3.994     0.7957      0.7957      0.7952      0.6234
157     A         B          157           ILE           88.38           287    286    117     6.234     6.224     3.994     0.6403      0.6403      0.6396      0.4361
158     A         B          158           SER           88.76           287    286    117     6.234     6.224     3.994     0.7145      0.7145      0.7139      0.5170
159     A         B          159           ASN           94.58           287    286    117     6.234     6.224     3.994     0.7712      0.7712      0.7706      0.5873
160     A         B          160           ARG           93.58           287    286    117     6.234     6.224     3.994     0.6646      0.6646      0.6639      0.4566
161     A         B          161           GLY           90.16           287    286    117     6.234     6.224     3.994     0.4892      0.4892      0.4885      0.2901
162     A         B          162           GLU           83.54           287    286    117     6.234     6.224     3.994     0.4511      0.4511      0.4504      0.2585
163     A         B          163           ASN           89.50           287    286    117     6.234     6.224     3.994     0.3865      0.3865      0.3858      0.2095
164     A         B          164           SER           90.31           287    286    117     6.234     6.224     3.994     0.4410      0.4410      0.4403      0.2492
165     A         B          165           CYS           92.14           287    286    117     6.234     6.224     3.994     0.4664      0.4664      0.4657      0.2688
166     A         B          166           LYS           88.56           287    286    117     6.234     6.224     3.994     0.4092      0.4092      0.4085      0.2255
167     A         B          167           ALA           89.71           287    286    117     6.234     6.224     3.994     0.2787      0.2787      0.2780      0.1384
168     A         B          168           THR           82.14           287    286    101     6.234     6.224     3.673     0.1862      0.1938      0.1933      0.0774
169     A         B          169           GLY           80.56           287    286     11     6.234     6.224     1.000     0.1189      0.1576      0.1572      0.0048
170     A         B          170           GLN           64.42           287    286      0     6.234     6.224     1.000     0.0898      0.0000      0.0000      0.0000
171     B         A            1           LEU           81.09           287    287    170     6.234     6.234     4.861     0.3791      0.3791      0.3791      0.2767
172     B         A            2           LEU           90.50           287    287    170     6.234     6.234     4.861     0.6676      0.6676      0.6676      0.5546
173     B         A            3           GLU           90.40           287    287    170     6.234     6.234     4.861     0.7187      0.7187      0.7187      0.6127
174     B         A            4           GLU           88.06           287    287    170     6.234     6.234     4.861     0.7767      0.7767      0.7767      0.6824
175     B         A            5           ALA           94.28           287    287    170     6.234     6.234     4.861     0.8130      0.8130      0.8130      0.7284
176     B         A            6           LYS           94.95           287    287    170     6.234     6.234     4.861     0.8151      0.8151      0.8151      0.7313
177     B         A            7           GLU           91.78           287    287    170     6.234     6.234     4.861     0.8195      0.8195      0.8195      0.7369
178     B         A            8           LEU           93.50           287    287    170     6.234     6.234     4.861     0.8547      0.8547      0.8547      0.7838
179     B         A            9           LYS           96.52           287    287    170     6.234     6.234     4.861     0.8582      0.8582      0.8582      0.7885
180     B         A           10           GLU           95.32           287    287    170     6.234     6.234     4.861     0.8189      0.8189      0.8189      0.7359
181     B         A           11           LEU           92.09           287    287    170     6.234     6.234     4.861     0.8450      0.8450      0.8450      0.7705
182     B         A           12           GLY           94.74           287    287    170     6.234     6.234     4.861     0.8227      0.8227      0.8227      0.7410
183     B         A           13           ASP           96.32           287    287    170     6.234     6.234     4.861     0.8499      0.8499      0.8499      0.7773
184     B         A           14           GLU           91.97           287    287    170     6.234     6.234     4.861     0.8017      0.8017      0.8017      0.7137
185     B         A           15           TYR           92.05           287    287    170     6.234     6.234     4.861     0.8408      0.8408      0.8408      0.7649
186     B         A           16           ILE           92.88           287    287    170     6.234     6.234     4.861     0.8133      0.8133      0.8133      0.7288
187     B         A           17           LYS           93.58           287    287    170     6.234     6.234     4.861     0.7583      0.7583      0.7583      0.6595
188     B         A           18           ASN           90.87           287    287    170     6.234     6.234     4.861     0.7236      0.7236      0.7236      0.6183
189     B         A           19           ASN           90.23           287    287    170     6.234     6.234     4.861     0.7486      0.7486      0.7486      0.6483
190     B         A           20           GLU           88.97           287    287    170     6.234     6.234     4.861     0.8052      0.8052      0.8052      0.7185
191     B         A           21           TYR           93.09           287    287    170     6.234     6.234     4.861     0.8550      0.8550      0.8550      0.7846
192     B         A           22           ASP           89.47           287    287    170     6.234     6.234     4.861     0.8542      0.8542      0.8542      0.7838
193     B         A           23           THR           90.54           287    287    170     6.234     6.234     4.861     0.8616      0.8616      0.8616      0.7936
194     B         A           24           ALA           95.29           287    287    170     6.234     6.234     4.861     0.8796      0.8796      0.8796      0.8184
195     B         A           25           LEU           94.08           287    287    170     6.234     6.234     4.861     0.8926      0.8926      0.8926      0.8370
196     B         A           26           LEU           92.49           287    287    170     6.234     6.234     4.861     0.8864      0.8864      0.8864      0.8281
197     B         A           27           LEU           94.16           287    287    170     6.234     6.234     4.861     0.8944      0.8944      0.8944      0.8395
198     B         A           28           TYR           96.95           287    287    170     6.234     6.234     4.861     0.9050      0.9050      0.9050      0.8547
199     B         A           29           SER           93.65           287    287    170     6.234     6.234     4.861     0.8811      0.8811      0.8811      0.8211
200     B         A           30           GLN           92.43           287    287    170     6.234     6.234     4.861     0.8665      0.8665      0.8665      0.8008
201     B         A           31           ALA           96.48           287    287    170     6.234     6.234     4.861     0.8936      0.8936      0.8936      0.8384
202     B         A           32           LEU           96.21           287    287    170     6.234     6.234     4.861     0.8903      0.8903      0.8903      0.8336
203     B         A           33           ILE           93.40           287    287    170     6.234     6.234     4.861     0.8810      0.8810      0.8810      0.8209
204     B         A           34           LEU           92.95           287    287    170     6.234     6.234     4.861     0.8800      0.8800      0.8800      0.8192
205     B         A           35           ALA           96.29           287    287    170     6.234     6.234     4.861     0.8833      0.8833      0.8833      0.8235
206     B         A           36           VAL           94.84           287    287    170     6.234     6.234     4.861     0.8621      0.8621      0.8621      0.7942
207     B         A           37           LEU           91.75           287    287    170     6.234     6.234     4.861     0.8334      0.8334      0.8334      0.7557
208     B         A           38           GLY           91.97           287    287    170     6.234     6.234     4.861     0.7963      0.7963      0.7963      0.7085
209     B         A           39           GLU           89.33           287    287    170     6.234     6.234     4.861     0.7315      0.7315      0.7315      0.6294
210     B         A           40           SER           93.79           287    287    170     6.234     6.234     4.861     0.6889      0.6889      0.6889      0.5806
211     B         A           41           SER           95.45           287    287    170     6.234     6.234     4.861     0.7082      0.7082      0.7082      0.6002
212     B         A           42           LEU           95.41           287    287    170     6.234     6.234     4.861     0.7564      0.7564      0.7564      0.6570
213     B         A           43           GLU           96.16           287    287    170     6.234     6.234     4.861     0.7445      0.7445      0.7445      0.6422
214     B         A           44           GLU           95.36           287    287    170     6.234     6.234     4.861     0.8210      0.8210      0.8210      0.7388
215     B         A           45           LEU           97.44           287    287    170     6.234     6.234     4.861     0.8438      0.8438      0.8438      0.7689
216     B         A           46           GLU           97.05           287    287    170     6.234     6.234     4.861     0.8234      0.8234      0.8234      0.7418
217     B         A           47           GLU           96.84           287    287    170     6.234     6.234     4.861     0.8491      0.8491      0.8491      0.7759
218     B         A           48           ILE           97.39           287    287    170     6.234     6.234     4.861     0.8648      0.8648      0.8648      0.7977
219     B         A           49           GLY           97.58           287    287    170     6.234     6.234     4.861     0.8330      0.8330      0.8330      0.7546
220     B         A           50           LYS           96.90           287    287    170     6.234     6.234     4.861     0.8291      0.8291      0.8291      0.7493
221     B         A           51           LYS           96.66           287    287    170     6.234     6.234     4.861     0.8733      0.8733      0.8733      0.8095
222     B         A           52           TYR           97.14           287    287    170     6.234     6.234     4.861     0.8881      0.8881      0.8881      0.8303
223     B         A           53           ILE           96.96           287    287    170     6.234     6.234     4.861     0.8713      0.8713      0.8713      0.8068
224     B         A           54           GLU           94.87           287    287    170     6.234     6.234     4.861     0.8354      0.8354      0.8354      0.7580
225     B         A           55           SER           95.36           287    287    170     6.234     6.234     4.861     0.8526      0.8526      0.8526      0.7812
226     B         A           56           LEU           95.19           287    287    170     6.234     6.234     4.861     0.8638      0.8638      0.8638      0.7964
227     B         A           57           ARG           94.35           287    287    170     6.234     6.234     4.861     0.8337      0.8337      0.8337      0.7558
228     B         A           58           LYS           93.66           287    287    170     6.234     6.234     4.861     0.8192      0.8192      0.8192      0.7366
229     B         A           59           VAL           92.15           287    287    170     6.234     6.234     4.861     0.8096      0.8096      0.8096      0.7250
230     B         A           60           VAL           92.73           287    287    170     6.234     6.234     4.861     0.8140      0.8140      0.8140      0.7302
231     B         A           61           PRO           90.77           287    287    170     6.234     6.234     4.861     0.7461      0.7461      0.7461      0.6461
232     B         A           62           GLU           85.02           287    287    170     6.234     6.234     4.861     0.7358      0.7358      0.7358      0.6348
233     B         A           63           ILE           87.55           287    287    170     6.234     6.234     4.861     0.7551      0.7551      0.7551      0.6576
234     B         A           64           LEU           89.88           287    287    170     6.234     6.234     4.861     0.7455      0.7455      0.7455      0.6454
235     B         A           65           LYS           85.88           287    287    170     6.234     6.234     4.861     0.6321      0.6321      0.6321      0.5183
236     B         A           66           ASN           79.21           287    287    170     6.234     6.234     4.861     0.5937      0.5937      0.5937      0.4788
237     B         A           67           HIS           79.52           287    287    170     6.234     6.234     4.861     0.5616      0.5616      0.5616      0.4455
238     B         A           68           GLY           79.05           287    287    170     6.234     6.234     4.861     0.4311      0.4311      0.4311      0.3232
239     B         A           69           LYS           74.71           287    287    170     6.234     6.234     4.861     0.3187      0.3187      0.3187      0.2259
240     B         A           70           SER           74.82           287    287    170     6.234     6.234     4.861     0.3127      0.3127      0.3127      0.2206
241     B         A           71           GLY           76.38           287    287    170     6.234     6.234     4.861     0.3552      0.3552      0.3552      0.2549
242     B         A           72           PRO           79.19           287    287    170     6.234     6.234     4.861     0.4944      0.4944      0.4944      0.3782
243     B         A           73           ASP           83.28           287    287    170     6.234     6.234     4.861     0.5608      0.5608      0.5608      0.4422
244     B         A           74           THR           80.33           287    287    170     6.234     6.234     4.861     0.5889      0.5889      0.5889      0.4727
245     B         A           75           ASP           83.38           287    287    170     6.234     6.234     4.861     0.6518      0.6518      0.6518      0.5394
246     B         A           76           LEU           91.20           287    287    170     6.234     6.234     4.861     0.7822      0.7822      0.7822      0.6907
247     B         A           77           ILE           92.21           287    287    170     6.234     6.234     4.861     0.8016      0.8016      0.8016      0.7150
248     B         A           78           SER           88.30           287    287    170     6.234     6.234     4.861     0.7824      0.7824      0.7824      0.6912
249     B         A           79           VAL           90.48           287    287    170     6.234     6.234     4.861     0.8199      0.8199      0.8199      0.7391
250     B         A           80           LEU           95.39           287    287    170     6.234     6.234     4.861     0.8413      0.8413      0.8413      0.7662
251     B         A           81           ASN           93.43           287    287    170     6.234     6.234     4.861     0.8164      0.8164      0.8164      0.7338
252     B         A           82           THR           91.49           287    287    170     6.234     6.234     4.861     0.7964      0.7964      0.7964      0.7082
253     B         A           83           LEU           93.46           287    287    170     6.234     6.234     4.861     0.8275      0.8275      0.8275      0.7482
254     B         A           84           ILE           95.64           287    287    170     6.234     6.234     4.861     0.8092      0.8092      0.8092      0.7240
255     B         A           85           LYS           91.78           287    287    170     6.234     6.234     4.861     0.6956      0.6956      0.6956      0.5876
256     B         A           86           LEU           86.53           287    287    170     6.234     6.234     4.861     0.6044      0.6044      0.6044      0.4894
257     B         A           87           LEU           90.98           287    287    170     6.234     6.234     4.861     0.5747      0.5747      0.5747      0.4592
258     B         A           88           PRO           88.40           287    287    170     6.234     6.234     4.861     0.4351      0.4351      0.4351      0.3258
259     B         A           89           SER           91.55           287    287    170     6.234     6.234     4.861     0.4869      0.4869      0.4869      0.3722
260     B         A           90           GLU           95.38           287    287    170     6.234     6.234     4.861     0.5795      0.5795      0.5795      0.4615
261     B         A           91           GLU           94.51           287    287    170     6.234     6.234     4.861     0.6616      0.6616      0.6616      0.5474
262     B         A           92           ILE           95.91           287    287    170     6.234     6.234     4.861     0.7700      0.7700      0.7700      0.6743
263     B         A           93           LYS           96.56           287    287    170     6.234     6.234     4.861     0.7577      0.7577      0.7577      0.6592
264     B         A           94           GLU           97.13           287    287    170     6.234     6.234     4.861     0.7678      0.7678      0.7678      0.6715
265     B         A           95           PHE           97.40           287    287    170     6.234     6.234     4.861     0.8364      0.8364      0.8364      0.7591
266     B         A           96           LEU           97.57           287    287    170     6.234     6.234     4.861     0.8277      0.8277      0.8277      0.7476
267     B         A           97           LYS           97.82           287    287    170     6.234     6.234     4.861     0.8176      0.8176      0.8176      0.7345
268     B         A           98           LYS           97.65           287    287    170     6.234     6.234     4.861     0.7948      0.7948      0.7948      0.7049
269     B         A           99           PHE           97.69           287    287    170     6.234     6.234     4.861     0.8473      0.8473      0.8473      0.7739
270     B         A          100           LYS           96.73           287    287    170     6.234     6.234     4.861     0.8217      0.8217      0.8217      0.7399
271     B         A          101           LYS           97.24           287    287    170     6.234     6.234     4.861     0.7978      0.7978      0.7978      0.7095
272     B         A          102           GLU           96.56           287    287    170     6.234     6.234     4.861     0.8114      0.8114      0.8114      0.7263
273     B         A          103           VAL           96.26           287    287    170     6.234     6.234     4.861     0.8395      0.8395      0.8395      0.7636
274     B         A          104           GLU           95.20           287    287    170     6.234     6.234     4.861     0.8024      0.8024      0.8024      0.7150
275     B         A          105           LYS           95.92           287    287    170     6.234     6.234     4.861     0.7739      0.7739      0.7739      0.6790
276     B         A          106           ALA           95.36           287    287    170     6.234     6.234     4.861     0.7856      0.7856      0.7856      0.6933
277     B         A          107           SER           92.24           287    287    170     6.234     6.234     4.861     0.7503      0.7503      0.7503      0.6501
278     B         A          108           GLU           92.95           287    287    170     6.234     6.234     4.861     0.7635      0.7635      0.7635      0.6663
279     B         A          109           GLU           94.02           287    287    170     6.234     6.234     4.861     0.7484      0.7484      0.7484      0.6475
280     B         A          110           ALA           93.10           287    287    170     6.234     6.234     4.861     0.7416      0.7416      0.7416      0.6393
281     B         A          111           GLU           89.97           287    287    170     6.234     6.234     4.861     0.7060      0.7060      0.7060      0.5973
282     B         A          112           LYS           91.89           287    287    170     6.234     6.234     4.861     0.7190      0.7190      0.7190      0.6128
283     B         A          113           GLU           91.33           287    287    170     6.234     6.234     4.861     0.6524      0.6524      0.6524      0.5370
284     B         A          114           TYR           90.28           287    287    170     6.234     6.234     4.861     0.6193      0.6193      0.6193      0.5018
285     B         A          115           LEU           85.13           287    287    170     6.234     6.234     4.861     0.4882      0.4882      0.4882      0.3709
286     B         A          116           GLU           83.98           287    287    170     6.234     6.234     4.861     0.3386      0.3386      0.3386      0.2409
287     B         A          117           SER           71.84           287    287      7     6.234     6.234     1.000     0.1041      0.1667      0.1667      0.0051
