i   AlignChn ScoredChain  AlignResNum  AlignResType  AlignRespLDDT      n0chn  n0dom  n0res    d0chn     d0dom     d0res   ipTM_pae  ipSAE_d0chn ipSAE_d0dom    ipSAE 
1       A         B            1           LYS           90.34           287    286    117     6.234     6.224     3.994     0.3080      0.3080      0.3073      0.1566
2       A         B            2           VAL           97.01           287    286    117     6.234     6.224     3.994     0.7389      0.7389      0.7383      0.5422
3       A         B            3           CYS           96.72           287    286    117     6.234     6.224     3.994     0.8002      0.8002      0.7997      0.6266
4       A         B            4           ASN           96.10           287    286    117     6.234     6.224     3.994     0.8221      0.8221      0.8216      0.6594
5       A         B            5           GLY           96.68           287    286    117     6.234     6.224     3.994     0.7995      0.7995      0.7990      0.6287
6       A         B            6           ILE           93.35           287    286    117     6.234     6.224     3.994     0.8017      0.8017      0.8012      0.6317
7       A         B            7           GLY           88.82           287    286    117     6.234     6.224     3.994     0.6777      0.6777      0.6770      0.4724
8       A         B            8           ILE           87.96           287    286    117     6.234     6.224     3.994     0.6845      0.6845      0.6838      0.4805
9       A         B            9           GLY           91.09           287    286    117     6.234     6.224     3.994     0.6266      0.6266      0.6259      0.4145
10      A         B           10           GLU           89.59           287    286    117     6.234     6.224     3.994     0.6081      0.6081      0.6074      0.3983
11      A         B           11           PHE           92.56           287    286    117     6.234     6.224     3.994     0.7617      0.7617      0.7612      0.5762
12      A         B           12           LYS           87.59           287    286    117     6.234     6.224     3.994     0.6977      0.6977      0.6971      0.5009
13      A         B           13           ASP           84.12           287    286    117     6.234     6.224     3.994     0.6781      0.6781      0.6775      0.4799
14      A         B           14           THR           89.98           287    286    117     6.234     6.224     3.994     0.7717      0.7717      0.7712      0.5931
15      A         B           15           LEU           86.87           287    286    117     6.234     6.224     3.994     0.7900      0.7900      0.7894      0.6172
16      A         B           16           SER           91.56           287    286    117     6.234     6.224     3.994     0.8295      0.8295      0.8291      0.6758
17      A         B           17           ILE           95.33           287    286    117     6.234     6.224     3.994     0.8417      0.8417      0.8413      0.6911
18      A         B           18           ASN           91.64           287    286    117     6.234     6.224     3.994     0.8228      0.8228      0.8224      0.6610
19      A         B           19           ALA           95.46           287    286    117     6.234     6.224     3.994     0.8086      0.8086      0.8082      0.6411
20      A         B           20           THR           91.64           287    286    117     6.234     6.224     3.994     0.7113      0.7113      0.7106      0.5121
21      A         B           21           ASN           93.46           287    286    117     6.234     6.224     3.994     0.8050      0.8050      0.8045      0.6362
22      A         B           22           ILE           95.82           287    286    117     6.234     6.224     3.994     0.8086      0.8086      0.8082      0.6404
23      A         B           23           LYS           93.59           287    286    117     6.234     6.224     3.994     0.7246      0.7246      0.7239      0.5281
24      A         B           24           HIS           93.30           287    286    117     6.234     6.224     3.994     0.7013      0.7013      0.7007      0.4976
25      A         B           25           PHE           96.67           287    286    117     6.234     6.224     3.994     0.8058      0.8058      0.8053      0.6346
26      A         B           26           LYS           95.00           287    286    117     6.234     6.224     3.994     0.7388      0.7388      0.7382      0.5444
27      A         B           27           TYR           96.17           287    286    117     6.234     6.224     3.994     0.6548      0.6548      0.6541      0.4415
28      A         B           28           CYS           97.14           287    286    117     6.234     6.224     3.994     0.7747      0.7747      0.7742      0.5890
29      A         B           29           THR           97.67           287    286    117     6.234     6.224     3.994     0.7818      0.7818      0.7812      0.5983
30      A         B           30           ALA           98.16           287    286    117     6.234     6.224     3.994     0.8356      0.8356      0.8352      0.6792
31      A         B           31           ILE           98.18           287    286    117     6.234     6.224     3.994     0.8588      0.8588      0.8584      0.7168
32      A         B           32           SER           97.16           287    286    117     6.234     6.224     3.994     0.8259      0.8259      0.8255      0.6644
33      A         B           33           GLY           96.13           287    286    117     6.234     6.224     3.994     0.8301      0.8301      0.8296      0.6730
34      A         B           34           ASP           94.95           287    286    117     6.234     6.224     3.994     0.8434      0.8434      0.8430      0.6931
35      A         B           35           LEU           96.82           287    286    117     6.234     6.224     3.994     0.8451      0.8451      0.8447      0.6965
36      A         B           36           HIS           91.79           287    286    117     6.234     6.224     3.994     0.8093      0.8093      0.8088      0.6435
37      A         B           37           ILE           96.31           287    286    117     6.234     6.224     3.994     0.8769      0.8769      0.8766      0.7506
38      A         B           38           LEU           89.95           287    286    117     6.234     6.224     3.994     0.8715      0.8715      0.8712      0.7419
39      A         B           39           PRO           87.39           287    286    117     6.234     6.224     3.994     0.8456      0.8456      0.8452      0.6988
40      A         B           40           VAL           86.06           287    286    117     6.234     6.224     3.994     0.8222      0.8222      0.8218      0.6638
41      A         B           41           ALA           93.32           287    286    117     6.234     6.224     3.994     0.8353      0.8353      0.8349      0.6834
42      A         B           42           PHE           93.01           287    286    117     6.234     6.224     3.994     0.8165      0.8165      0.8160      0.6543
43      A         B           43           LYS           87.17           287    286    117     6.234     6.224     3.994     0.6999      0.6999      0.6993      0.5020
44      A         B           44           GLY           89.95           287    286    117     6.234     6.224     3.994     0.6084      0.6084      0.6077      0.4048
45      A         B           45           ASP           82.36           287    286    117     6.234     6.224     3.994     0.5391      0.5391      0.5383      0.3384
46      A         B           46           SER           80.32           287    286    117     6.234     6.224     3.994     0.5057      0.5057      0.5050      0.3112
47      A         B           47           PHE           77.11           287    286    117     6.234     6.224     3.994     0.5573      0.5573      0.5566      0.3555
48      A         B           48           THR           81.04           287    286    117     6.234     6.224     3.994     0.5749      0.5749      0.5742      0.3731
49      A         B           49           ARG           87.17           287    286    117     6.234     6.224     3.994     0.5833      0.5833      0.5826      0.3819
50      A         B           50           THR           89.54           287    286    117     6.234     6.224     3.994     0.6219      0.6219      0.6212      0.4177
51      A         B           51           PRO           93.36           287    286    117     6.234     6.224     3.994     0.6695      0.6695      0.6688      0.4664
52      A         B           52           PRO           93.44           287    286    117     6.234     6.224     3.994     0.7527      0.7527      0.7522      0.5648
53      A         B           53           LEU           95.51           287    286    117     6.234     6.224     3.994     0.8046      0.8046      0.8041      0.6359
54      A         B           54           ASP           94.87           287    286    117     6.234     6.224     3.994     0.7683      0.7683      0.7678      0.5839
55      A         B           55           PRO           94.30           287    286    117     6.234     6.224     3.994     0.7064      0.7064      0.7058      0.5041
56      A         B           56           ARG           94.53           287    286    117     6.234     6.224     3.994     0.6846      0.6846      0.6839      0.4791
57      A         B           57           GLU           95.60           287    286    117     6.234     6.224     3.994     0.7854      0.7854      0.7849      0.6051
58      A         B           58           LEU           96.76           287    286    117     6.234     6.224     3.994     0.8138      0.8138      0.8133      0.6464
59      A         B           59           GLU           95.79           287    286    117     6.234     6.224     3.994     0.7746      0.7746      0.7741      0.5918
60      A         B           60           ILE           96.07           287    286    117     6.234     6.224     3.994     0.7879      0.7879      0.7873      0.6078
61      A         B           61           LEU           97.53           287    286    117     6.234     6.224     3.994     0.8352      0.8352      0.8348      0.6791
62      A         B           62           LYS           96.91           287    286    117     6.234     6.224     3.994     0.8063      0.8063      0.8059      0.6354
63      A         B           63           THR           97.29           287    286    117     6.234     6.224     3.994     0.7665      0.7665      0.7659      0.5774
64      A         B           64           VAL           98.18           287    286    117     6.234     6.224     3.994     0.8474      0.8474      0.8470      0.6979
65      A         B           65           LYS           98.26           287    286    117     6.234     6.224     3.994     0.8124      0.8124      0.8119      0.6427
66      A         B           66           GLU           98.11           287    286    117     6.234     6.224     3.994     0.8564      0.8564      0.8560      0.7127
67      A         B           67           ILE           98.63           287    286    117     6.234     6.224     3.994     0.8851      0.8851      0.8848      0.7625
68      A         B           68           THR           97.90           287    286    117     6.234     6.224     3.994     0.8613      0.8613      0.8610      0.7214
69      A         B           69           GLY           96.72           287    286    117     6.234     6.224     3.994     0.8546      0.8546      0.8542      0.7116
70      A         B           70           PHE           96.07           287    286    117     6.234     6.224     3.994     0.8820      0.8820      0.8816      0.7578
71      A         B           71           LEU           98.43           287    286    117     6.234     6.224     3.994     0.8996      0.8996      0.8993      0.7897
72      A         B           72           LEU           93.83           287    286    117     6.234     6.224     3.994     0.8905      0.8905      0.8902      0.7736
73      A         B           73           ILE           97.09           287    286    117     6.234     6.224     3.994     0.8847      0.8847      0.8844      0.7637
74      A         B           74           GLN           89.01           287    286    117     6.234     6.224     3.994     0.8315      0.8315      0.8311      0.6775
75      A         B           75           ALA           92.27           287    286    117     6.234     6.224     3.994     0.8563      0.8563      0.8559      0.7150
76      A         B           76           TRP           96.15           287    286    117     6.234     6.224     3.994     0.8410      0.8410      0.8406      0.6911
77      A         B           77           PRO           94.75           287    286    117     6.234     6.224     3.994     0.7664      0.7664      0.7658      0.5799
78      A         B           78           ASP           86.21           287    286    117     6.234     6.224     3.994     0.5747      0.5747      0.5739      0.3654
79      A         B           79           ASN           87.30           287    286    117     6.234     6.224     3.994     0.4753      0.4753      0.4746      0.2798
80      A         B           80           TRP           95.66           287    286    117     6.234     6.224     3.994     0.7454      0.7454      0.7448      0.5524
81      A         B           81           THR           93.71           287    286    117     6.234     6.224     3.994     0.6582      0.6582      0.6575      0.4480
82      A         B           82           ASP           95.38           287    286    117     6.234     6.224     3.994     0.7474      0.7474      0.7468      0.5536
83      A         B           83           LEU           97.91           287    286    117     6.234     6.224     3.994     0.8294      0.8294      0.8289      0.6705
84      A         B           84           HIS           95.20           287    286    117     6.234     6.224     3.994     0.7479      0.7479      0.7473      0.5559
85      A         B           85           ALA           96.61           287    286    117     6.234     6.224     3.994     0.7868      0.7868      0.7863      0.6065
86      A         B           86           PHE           98.40           287    286    117     6.234     6.224     3.994     0.8467      0.8467      0.8463      0.6976
87      A         B           87           GLU           96.76           287    286    117     6.234     6.224     3.994     0.7864      0.7864      0.7859      0.6069
88      A         B           88           ASN           98.00           287    286    117     6.234     6.224     3.994     0.8236      0.8236      0.8232      0.6603
89      A         B           89           LEU           98.67           287    286    117     6.234     6.224     3.994     0.8642      0.8642      0.8638      0.7259
90      A         B           90           GLU           98.54           287    286    117     6.234     6.224     3.994     0.8341      0.8341      0.8336      0.6763
91      A         B           91           ILE           98.47           287    286    117     6.234     6.224     3.994     0.8503      0.8503      0.8499      0.7029
92      A         B           92           ILE           98.77           287    286    117     6.234     6.224     3.994     0.8800      0.8800      0.8797      0.7535
93      A         B           93           ARG           97.97           287    286    117     6.234     6.224     3.994     0.8424      0.8424      0.8419      0.6902
94      A         B           94           GLY           95.81           287    286    117     6.234     6.224     3.994     0.8095      0.8095      0.8090      0.6407
95      A         B           95           ARG           91.97           287    286    117     6.234     6.224     3.994     0.7249      0.7249      0.7243      0.5269
96      A         B           96           THR           90.85           287    286    117     6.234     6.224     3.994     0.8300      0.8300      0.8296      0.6734
97      A         B           97           LYS           90.32           287    286    117     6.234     6.224     3.994     0.8463      0.8463      0.8459      0.6998
98      A         B           98           GLN           90.32           287    286    117     6.234     6.224     3.994     0.8393      0.8393      0.8389      0.6885
99      A         B           99           HIS           86.50           287    286    117     6.234     6.224     3.994     0.8170      0.8170      0.8165      0.6542
100     A         B          100           GLY           86.41           287    286    117     6.234     6.224     3.994     0.8180      0.8180      0.8176      0.6555
101     A         B          101           GLN           88.74           287    286    117     6.234     6.224     3.994     0.8131      0.8131      0.8127      0.6495
102     A         B          102           PHE           93.50           287    286    117     6.234     6.224     3.994     0.8771      0.8771      0.8768      0.7505
103     A         B          103           SER           96.22           287    286    117     6.234     6.224     3.994     0.8614      0.8614      0.8610      0.7236
104     A         B          104           LEU           98.11           287    286    117     6.234     6.224     3.994     0.8933      0.8933      0.8930      0.7782
105     A         B          105           ALA           94.44           287    286    117     6.234     6.224     3.994     0.8790      0.8790      0.8787      0.7535
106     A         B          106           VAL           96.81           287    286    117     6.234     6.224     3.994     0.8786      0.8786      0.8783      0.7529
107     A         B          107           VAL           88.37           287    286    117     6.234     6.224     3.994     0.8312      0.8312      0.8307      0.6769
108     A         B          108           GLY           88.77           287    286    117     6.234     6.224     3.994     0.8256      0.8256      0.8251      0.6676
109     A         B          109           LEU           95.10           287    286    117     6.234     6.224     3.994     0.8488      0.8488      0.8484      0.7028
110     A         B          110           ASN           92.72           287    286    117     6.234     6.224     3.994     0.8194      0.8194      0.8189      0.6577
111     A         B          111           ILE           96.58           287    286    117     6.234     6.224     3.994     0.8264      0.8264      0.8259      0.6670
112     A         B          112           THR           92.67           287    286    117     6.234     6.224     3.994     0.7934      0.7934      0.7929      0.6179
113     A         B          113           SER           92.51           287    286    117     6.234     6.224     3.994     0.7090      0.7090      0.7084      0.5062
114     A         B          114           LEU           96.41           287    286    117     6.234     6.224     3.994     0.7870      0.7870      0.7865      0.6078
115     A         B          115           GLY           95.25           287    286    117     6.234     6.224     3.994     0.6875      0.6875      0.6869      0.4819
116     A         B          116           LEU           96.81           287    286    117     6.234     6.224     3.994     0.7616      0.7616      0.7610      0.5718
117     A         B          117           ARG           90.97           287    286    117     6.234     6.224     3.994     0.5802      0.5802      0.5795      0.3713
118     A         B          118           SER           97.45           287    286    117     6.234     6.224     3.994     0.7663      0.7663      0.7657      0.5770
119     A         B          119           LEU           97.32           287    286    117     6.234     6.224     3.994     0.8158      0.8158      0.8153      0.6484
120     A         B          120           LYS           96.10           287    286    117     6.234     6.224     3.994     0.6880      0.6880      0.6873      0.4789
121     A         B          121           GLU           97.77           287    286    117     6.234     6.224     3.994     0.8194      0.8194      0.8190      0.6549
122     A         B          122           ILE           98.38           287    286    117     6.234     6.224     3.994     0.8565      0.8565      0.8562      0.7135
123     A         B          123           SER           97.37           287    286    117     6.234     6.224     3.994     0.8183      0.8183      0.8178      0.6527
124     A         B          124           ASP           93.34           287    286    117     6.234     6.224     3.994     0.8292      0.8292      0.8288      0.6714
125     A         B          125           GLY           94.17           287    286    117     6.234     6.224     3.994     0.8158      0.8158      0.8153      0.6524
126     A         B          126           ASP           93.85           287    286    117     6.234     6.224     3.994     0.8627      0.8627      0.8623      0.7252
127     A         B          127           VAL           97.20           287    286    117     6.234     6.224     3.994     0.8772      0.8772      0.8769      0.7501
128     A         B          128           ILE           93.55           287    286    117     6.234     6.224     3.994     0.8762      0.8762      0.8758      0.7486
129     A         B          129           ILE           96.08           287    286    117     6.234     6.224     3.994     0.8701      0.8701      0.8698      0.7381
130     A         B          130           SER           88.79           287    286    117     6.234     6.224     3.994     0.7862      0.7862      0.7857      0.6109
131     A         B          131           GLY           88.98           287    286    117     6.234     6.224     3.994     0.8001      0.8001      0.7996      0.6301
132     A         B          132           ASN           94.36           287    286    117     6.234     6.224     3.994     0.8277      0.8277      0.8272      0.6693
133     A         B          133           ARG           89.33           287    286    117     6.234     6.224     3.994     0.7727      0.7727      0.7721      0.5903
134     A         B          134           ASN           92.83           287    286    117     6.234     6.224     3.994     0.7960      0.7960      0.7955      0.6226
135     A         B          135           LEU           95.95           287    286    117     6.234     6.224     3.994     0.8009      0.8009      0.8004      0.6284
136     A         B          136           CYS           92.60           287    286    117     6.234     6.224     3.994     0.6412      0.6412      0.6405      0.4320
137     A         B          137           TYR           86.67           287    286    117     6.234     6.224     3.994     0.4360      0.4360      0.4353      0.2456
138     A         B          138           ALA           90.52           287    286    117     6.234     6.224     3.994     0.5192      0.5192      0.5184      0.3135
139     A         B          139           ASN           81.56           287    286    117     6.234     6.224     3.994     0.4732      0.4732      0.4724      0.2750
140     A         B          140           THR           84.34           287    286    117     6.234     6.224     3.994     0.4503      0.4503      0.4495      0.2577
141     A         B          141           ILE           91.10           287    286    117     6.234     6.224     3.994     0.6215      0.6215      0.6207      0.4088
142     A         B          142           ASN           92.89           287    286    117     6.234     6.224     3.994     0.6416      0.6416      0.6409      0.4300
143     A         B          143           TRP           95.56           287    286    117     6.234     6.224     3.994     0.7507      0.7507      0.7501      0.5589
144     A         B          144           LYS           93.21           287    286    117     6.234     6.224     3.994     0.7111      0.7111      0.7105      0.5085
145     A         B          145           LYS           93.82           287    286    117     6.234     6.224     3.994     0.6539      0.6539      0.6532      0.4440
146     A         B          146           LEU           96.53           287    286    117     6.234     6.224     3.994     0.7759      0.7759      0.7754      0.5914
147     A         B          147           PHE           97.20           287    286    117     6.234     6.224     3.994     0.7776      0.7776      0.7771      0.5942
148     A         B          148           GLY           95.74           287    286    117     6.234     6.224     3.994     0.5819      0.5819      0.5812      0.3711
149     A         B          149           THR           87.65           287    286    117     6.234     6.224     3.994     0.5856      0.5856      0.5848      0.3764
150     A         B          150           PRO           89.10           287    286    117     6.234     6.224     3.994     0.5538      0.5538      0.5531      0.3484
151     A         B          151           ASN           82.91           287    286    117     6.234     6.224     3.994     0.6191      0.6191      0.6184      0.4139
152     A         B          152           GLN           94.59           287    286    117     6.234     6.224     3.994     0.7676      0.7676      0.7670      0.5835
153     A         B          153           LYS           90.06           287    286    117     6.234     6.224     3.994     0.7410      0.7410      0.7404      0.5494
154     A         B          154           THR           93.75           287    286    117     6.234     6.224     3.994     0.7760      0.7760      0.7755      0.5959
155     A         B          155           LYS           89.30           287    286    117     6.234     6.224     3.994     0.7894      0.7894      0.7889      0.6143
156     A         B          156           ILE           93.11           287    286    117     6.234     6.224     3.994     0.7829      0.7829      0.7824      0.6052
157     A         B          157           MET           86.64           287    286    117     6.234     6.224     3.994     0.6073      0.6073      0.6066      0.4015
158     A         B          158           ASN           86.67           287    286    117     6.234     6.224     3.994     0.7205      0.7205      0.7199      0.5239
159     A         B          159           ASN           94.30           287    286    117     6.234     6.224     3.994     0.7784      0.7784      0.7779      0.5967
160     A         B          160           ARG           91.84           287    286    117     6.234     6.224     3.994     0.7097      0.7097      0.7090      0.5082
161     A         B          161           ALA           89.43           287    286    117     6.234     6.224     3.994     0.5631      0.5631      0.5624      0.3550
162     A         B          162           GLU           84.57           287    286    117     6.234     6.224     3.994     0.5025      0.5025      0.5017      0.3008
163     A         B          163           LYS           88.77           287    286    117     6.234     6.224     3.994     0.4515      0.4515      0.4507      0.2580
164     A         B          164           ASP           87.86           287    286    117     6.234     6.224     3.994     0.4718      0.4718      0.4710      0.2730
165     A         B          165           CYS           89.05           287    286    117     6.234     6.224     3.994     0.4780      0.4780      0.4772      0.2786
166     A         B          166           LYS           85.14           287    286    117     6.234     6.224     3.994     0.4006      0.4006      0.3998      0.2188
167     A         B          167           ALA           80.00           287    286    117     6.234     6.224     3.994     0.2524      0.2524      0.2518      0.1226
168     A         B          168           VAL           73.24           287    286     83     6.234     6.224     3.261     0.1700      0.1831      0.1826      0.0580
169     A         B          169           ASN           63.31           287    286      6     6.234     6.224     1.000     0.1156      0.1588      0.1584      0.0048
170     A         B          170           HIS           55.56           287    286      0     6.234     6.224     1.000     0.0855      0.0000      0.0000      0.0000
171     B         A            1           LEU           79.77           287    287    170     6.234     6.234     4.861     0.4476      0.4476      0.4476      0.3373
172     B         A            2           LEU           89.77           287    287    170     6.234     6.234     4.861     0.7092      0.7092      0.7092      0.6021
173     B         A            3           GLU           88.10           287    287    170     6.234     6.234     4.861     0.7359      0.7359      0.7359      0.6330
174     B         A            4           GLU           84.71           287    287    170     6.234     6.234     4.861     0.7755      0.7755      0.7755      0.6813
175     B         A            5           ALA           92.26           287    287    170     6.234     6.234     4.861     0.8109      0.8109      0.8109      0.7262
176     B         A            6           LYS           93.58           287    287    170     6.234     6.234     4.861     0.8097      0.8097      0.8097      0.7247
177     B         A            7           GLU           88.09           287    287    170     6.234     6.234     4.861     0.8011      0.8011      0.8011      0.7136
178     B         A            8           LEU           90.37           287    287    170     6.234     6.234     4.861     0.8413      0.8413      0.8413      0.7663
179     B         A            9           LYS           95.38           287    287    170     6.234     6.234     4.861     0.8457      0.8457      0.8457      0.7721
180     B         A           10           GLU           93.39           287    287    170     6.234     6.234     4.861     0.8006      0.8006      0.8006      0.7128
181     B         A           11           LEU           89.67           287    287    170     6.234     6.234     4.861     0.8231      0.8231      0.8231      0.7419
182     B         A           12           GLY           93.95           287    287    170     6.234     6.234     4.861     0.8144      0.8144      0.8144      0.7304
183     B         A           13           ASP           95.47           287    287    170     6.234     6.234     4.861     0.8308      0.8308      0.8308      0.7521
184     B         A           14           GLU           91.18           287    287    170     6.234     6.234     4.861     0.7685      0.7685      0.7685      0.6722
185     B         A           15           TYR           90.96           287    287    170     6.234     6.234     4.861     0.8143      0.8143      0.8143      0.7301
186     B         A           16           ILE           91.89           287    287    170     6.234     6.234     4.861     0.7736      0.7736      0.7736      0.6786
187     B         A           17           LYS           93.66           287    287    170     6.234     6.234     4.861     0.7311      0.7311      0.7311      0.6269
188     B         A           18           ASN           91.19           287    287    170     6.234     6.234     4.861     0.6902      0.6902      0.6902      0.5796
189     B         A           19           ASN           90.89           287    287    170     6.234     6.234     4.861     0.7117      0.7117      0.7117      0.6047
190     B         A           20           GLU           87.59           287    287    170     6.234     6.234     4.861     0.7633      0.7633      0.7633      0.6662
191     B         A           21           TYR           91.97           287    287    170     6.234     6.234     4.861     0.8213      0.8213      0.8213      0.7400
192     B         A           22           ASP           84.28           287    287    170     6.234     6.234     4.861     0.8126      0.8126      0.8126      0.7292
193     B         A           23           THR           87.93           287    287    170     6.234     6.234     4.861     0.8266      0.8266      0.8266      0.7469
194     B         A           24           ALA           94.22           287    287    170     6.234     6.234     4.861     0.8536      0.8536      0.8536      0.7830
195     B         A           25           LEU           92.18           287    287    170     6.234     6.234     4.861     0.8670      0.8670      0.8670      0.8014
196     B         A           26           LEU           89.07           287    287    170     6.234     6.234     4.861     0.8622      0.8622      0.8622      0.7949
197     B         A           27           LEU           92.54           287    287    170     6.234     6.234     4.861     0.8731      0.8731      0.8731      0.8099
198     B         A           28           TYR           95.95           287    287    170     6.234     6.234     4.861     0.8868      0.8868      0.8868      0.8291
199     B         A           29           SER           91.56           287    287    170     6.234     6.234     4.861     0.8641      0.8641      0.8641      0.7979
200     B         A           30           GLN           89.57           287    287    170     6.234     6.234     4.861     0.8544      0.8544      0.8544      0.7846
201     B         A           31           ALA           94.79           287    287    170     6.234     6.234     4.861     0.8755      0.8755      0.8755      0.8135
202     B         A           32           LEU           95.08           287    287    170     6.234     6.234     4.861     0.8793      0.8793      0.8793      0.8186
203     B         A           33           ILE           90.39           287    287    170     6.234     6.234     4.861     0.8684      0.8684      0.8684      0.8040
204     B         A           34           LEU           90.16           287    287    170     6.234     6.234     4.861     0.8620      0.8620      0.8620      0.7948
205     B         A           35           ALA           94.73           287    287    170     6.234     6.234     4.861     0.8703      0.8703      0.8703      0.8059
206     B         A           36           VAL           92.68           287    287    170     6.234     6.234     4.861     0.8509      0.8509      0.8509      0.7794
207     B         A           37           LEU           88.08           287    287    170     6.234     6.234     4.861     0.8073      0.8073      0.8073      0.7223
208     B         A           38           GLY           88.90           287    287    170     6.234     6.234     4.861     0.7727      0.7727      0.7727      0.6795
209     B         A           39           GLU           86.63           287    287    170     6.234     6.234     4.861     0.7249      0.7249      0.7249      0.6217
210     B         A           40           SER           92.13           287    287    170     6.234     6.234     4.861     0.6758      0.6758      0.6758      0.5660
211     B         A           41           SER           94.25           287    287    170     6.234     6.234     4.861     0.6875      0.6875      0.6875      0.5767
212     B         A           42           LEU           94.51           287    287    170     6.234     6.234     4.861     0.7347      0.7347      0.7347      0.6314
213     B         A           43           GLU           95.64           287    287    170     6.234     6.234     4.861     0.7187      0.7187      0.7187      0.6119
214     B         A           44           GLU           94.59           287    287    170     6.234     6.234     4.861     0.7973      0.7973      0.7973      0.7086
215     B         A           45           LEU           96.74           287    287    170     6.234     6.234     4.861     0.8304      0.8304      0.8304      0.7513
216     B         A           46           GLU           96.45           287    287    170     6.234     6.234     4.861     0.8072      0.8072      0.8072      0.7213
217     B         A           47           GLU           96.20           287    287    170     6.234     6.234     4.861     0.8244      0.8244      0.8244      0.7433
218     B         A           48           ILE           96.80           287    287    170     6.234     6.234     4.861     0.8436      0.8436      0.8436      0.7693
219     B         A           49           GLY           97.07           287    287    170     6.234     6.234     4.861     0.8171      0.8171      0.8171      0.7341
220     B         A           50           LYS           96.49           287    287    170     6.234     6.234     4.861     0.8047      0.8047      0.8047      0.7179
221     B         A           51           LYS           96.08           287    287    170     6.234     6.234     4.861     0.8479      0.8479      0.8479      0.7749
222     B         A           52           TYR           96.26           287    287    170     6.234     6.234     4.861     0.8673      0.8673      0.8673      0.8017
223     B         A           53           ILE           96.49           287    287    170     6.234     6.234     4.861     0.8520      0.8520      0.8520      0.7807
224     B         A           54           GLU           94.21           287    287    170     6.234     6.234     4.861     0.7981      0.7981      0.7981      0.7096
225     B         A           55           SER           94.26           287    287    170     6.234     6.234     4.861     0.8198      0.8198      0.8198      0.7377
226     B         A           56           LEU           94.32           287    287    170     6.234     6.234     4.861     0.8386      0.8386      0.8386      0.7625
227     B         A           57           ARG           93.72           287    287    170     6.234     6.234     4.861     0.7968      0.7968      0.7968      0.7081
228     B         A           58           LYS           93.33           287    287    170     6.234     6.234     4.861     0.7786      0.7786      0.7786      0.6851
229     B         A           59           VAL           90.89           287    287    170     6.234     6.234     4.861     0.7575      0.7575      0.7575      0.6601
230     B         A           60           VAL           92.04           287    287    170     6.234     6.234     4.861     0.7695      0.7695      0.7695      0.6741
231     B         A           61           PRO           90.97           287    287    170     6.234     6.234     4.861     0.7040      0.7040      0.7040      0.5967
232     B         A           62           GLU           84.69           287    287    170     6.234     6.234     4.861     0.6995      0.6995      0.6995      0.5925
233     B         A           63           ILE           86.29           287    287    170     6.234     6.234     4.861     0.7146      0.7146      0.7146      0.6095
234     B         A           64           LEU           89.68           287    287    170     6.234     6.234     4.861     0.7104      0.7104      0.7104      0.6040
235     B         A           65           LYS           87.36           287    287    170     6.234     6.234     4.861     0.5996      0.5996      0.5996      0.4837
236     B         A           66           ASN           80.42           287    287    170     6.234     6.234     4.861     0.5614      0.5614      0.5614      0.4453
237     B         A           67           HIS           79.34           287    287    170     6.234     6.234     4.861     0.4979      0.4979      0.4979      0.3835
238     B         A           68           GLY           79.62           287    287    170     6.234     6.234     4.861     0.3344      0.3344      0.3344      0.2400
239     B         A           69           LYS           75.03           287    287    160     6.234     6.234     4.714     0.2360      0.2425      0.2425      0.1576
240     B         A           70           SER           73.11           287    287    152     6.234     6.234     4.592     0.2199      0.2305      0.2305      0.1424
241     B         A           71           GLY           74.10           287    287    162     6.234     6.234     4.744     0.2632      0.2697      0.2697      0.1790
242     B         A           72           PRO           76.83           287    287    170     6.234     6.234     4.861     0.4048      0.4048      0.4048      0.2971
243     B         A           73           ASP           80.85           287    287    170     6.234     6.234     4.861     0.4792      0.4792      0.4792      0.3637
244     B         A           74           THR           77.99           287    287    170     6.234     6.234     4.861     0.5241      0.5241      0.5241      0.4077
245     B         A           75           ASP           81.70           287    287    170     6.234     6.234     4.861     0.6145      0.6145      0.6145      0.4990
246     B         A           76           LEU           90.09           287    287    170     6.234     6.234     4.861     0.7666      0.7666      0.7666      0.6714
247     B         A           77           ILE           91.23           287    287    170     6.234     6.234     4.861     0.7878      0.7878      0.7878      0.6977
248     B         A           78           SER           86.94           287    287    170     6.234     6.234     4.861     0.7673      0.7673      0.7673      0.6728
249     B         A           79           VAL           89.13           287    287    170     6.234     6.234     4.861     0.8072      0.8072      0.8072      0.7228
250     B         A           80           LEU           93.93           287    287    170     6.234     6.234     4.861     0.8336      0.8336      0.8336      0.7564
251     B         A           81           ASN           92.37           287    287    170     6.234     6.234     4.861     0.8076      0.8076      0.8076      0.7227
252     B         A           82           THR           89.37           287    287    170     6.234     6.234     4.861     0.7871      0.7871      0.7871      0.6968
253     B         A           83           LEU           91.07           287    287    170     6.234     6.234     4.861     0.8178      0.8178      0.8178      0.7357
254     B         A           84           ILE           94.44           287    287    170     6.234     6.234     4.861     0.8009      0.8009      0.8009      0.7136
255     B         A           85           LYS           89.77           287    287    170     6.234     6.234     4.861     0.6979      0.6979      0.6979      0.5902
256     B         A           86           LEU           85.23           287    287    170     6.234     6.234     4.861     0.6083      0.6083      0.6083      0.4933
257     B         A           87           LEU           88.19           287    287    170     6.234     6.234     4.861     0.5499      0.5499      0.5499      0.4342
258     B         A           88           PRO           84.87           287    287    170     6.234     6.234     4.861     0.4221      0.4221      0.4221      0.3142
259     B         A           89           SER           88.55           287    287    170     6.234     6.234     4.861     0.4620      0.4620      0.4620      0.3491
260     B         A           90           GLU           93.76           287    287    170     6.234     6.234     4.861     0.5446      0.5446      0.5446      0.4266
261     B         A           91           GLU           92.69           287    287    170     6.234     6.234     4.861     0.6306      0.6306      0.6306      0.5139
262     B         A           92           ILE           93.85           287    287    170     6.234     6.234     4.861     0.7394      0.7394      0.7394      0.6377
263     B         A           93           LYS           95.19           287    287    170     6.234     6.234     4.861     0.7395      0.7395      0.7395      0.6376
264     B         A           94           GLU           96.36           287    287    170     6.234     6.234     4.861     0.7479      0.7479      0.7479      0.6476
265     B         A           95           PHE           96.51           287    287    170     6.234     6.234     4.861     0.8255      0.8255      0.8255      0.7453
266     B         A           96           LEU           96.71           287    287    170     6.234     6.234     4.861     0.8178      0.8178      0.8178      0.7351
267     B         A           97           LYS           97.22           287    287    170     6.234     6.234     4.861     0.8036      0.8036      0.8036      0.7168
268     B         A           98           LYS           97.16           287    287    170     6.234     6.234     4.861     0.7845      0.7845      0.7845      0.6923
269     B         A           99           PHE           97.05           287    287    170     6.234     6.234     4.861     0.8394      0.8394      0.8394      0.7636
270     B         A          100           LYS           95.88           287    287    170     6.234     6.234     4.861     0.8121      0.8121      0.8121      0.7278
271     B         A          101           LYS           96.73           287    287    170     6.234     6.234     4.861     0.7886      0.7886      0.7886      0.6983
272     B         A          102           GLU           95.97           287    287    170     6.234     6.234     4.861     0.8036      0.8036      0.8036      0.7165
273     B         A          103           VAL           95.21           287    287    170     6.234     6.234     4.861     0.8227      0.8227      0.8227      0.7416
274     B         A          104           GLU           94.20           287    287    170     6.234     6.234     4.861     0.7845      0.7845      0.7845      0.6926
275     B         A          105           LYS           94.84           287    287    170     6.234     6.234     4.861     0.7247      0.7247      0.7247      0.6204
276     B         A          106           ALA           94.59           287    287    170     6.234     6.234     4.861     0.7541      0.7541      0.7541      0.6545
277     B         A          107           SER           91.44           287    287    170     6.234     6.234     4.861     0.7241      0.7241      0.7241      0.6189
278     B         A          108           GLU           92.65           287    287    170     6.234     6.234     4.861     0.7396      0.7396      0.7396      0.6374
279     B         A          109           GLU           93.89           287    287    170     6.234     6.234     4.861     0.7178      0.7178      0.7178      0.6112
280     B         A          110           ALA           92.73           287    287    170     6.234     6.234     4.861     0.7097      0.7097      0.7097      0.6017
281     B         A          111           GLU           90.28           287    287    170     6.234     6.234     4.861     0.6804      0.6804      0.6804      0.5682
282     B         A          112           LYS           92.09           287    287    170     6.234     6.234     4.861     0.6831      0.6831      0.6831      0.5717
283     B         A          113           GLU           91.53           287    287    170     6.234     6.234     4.861     0.6061      0.6061      0.6061      0.4875
284     B         A          114           TYR           90.49           287    287    170     6.234     6.234     4.861     0.5824      0.5824      0.5824      0.4632
285     B         A          115           LEU           85.98           287    287    170     6.234     6.234     4.861     0.4496      0.4496      0.4496      0.3353
286     B         A          116           GLU           84.86           287    287    169     6.234     6.234     4.847     0.3227      0.3238      0.3238      0.2273
287     B         A          117           SER           73.39           287    287      5     6.234     6.234     1.000     0.1019      0.1661      0.1661      0.0051
