i   AlignChn ScoredChain  AlignResNum  AlignResType  AlignRespLDDT      n0chn  n0dom  n0res    d0chn     d0dom     d0res   ipTM_pae  ipSAE_d0chn ipSAE_d0dom    ipSAE 
1       A         B            1           LYS           93.78           268    267     98     6.043     6.032     3.609     0.2353      0.2353      0.2347      0.0997
2       A         B            2           VAL           98.01           268    267     98     6.043     6.032     3.609     0.6015      0.6015      0.6007      0.3548
3       A         B            3           CYS           98.04           268    267     98     6.043     6.032     3.609     0.6608      0.6608      0.6601      0.4156
4       A         B            4           ASN           98.19           268    267     98     6.043     6.032     3.609     0.6924      0.6924      0.6917      0.4508
5       A         B            5           GLY           98.62           268    267     98     6.043     6.032     3.609     0.6521      0.6521      0.6514      0.4090
6       A         B            6           ILE           97.36           268    267     98     6.043     6.032     3.609     0.6531      0.6531      0.6523      0.4103
7       A         B            7           GLY           94.47           268    267     98     6.043     6.032     3.609     0.5283      0.5283      0.5274      0.2925
8       A         B            8           ILE           93.99           268    267     98     6.043     6.032     3.609     0.5261      0.5261      0.5253      0.2914
9       A         B            9           GLY           96.61           268    267     98     6.043     6.032     3.609     0.4658      0.4658      0.4650      0.2415
10      A         B           10           GLU           94.52           268    267     98     6.043     6.032     3.609     0.4403      0.4403      0.4395      0.2260
11      A         B           11           PHE           97.26           268    267     98     6.043     6.032     3.609     0.5797      0.5797      0.5789      0.3375
12      A         B           12           LYS           95.00           268    267     98     6.043     6.032     3.609     0.5198      0.5198      0.5190      0.2872
13      A         B           13           ASP           92.60           268    267     98     6.043     6.032     3.609     0.4873      0.4873      0.4865      0.2669
14      A         B           14           SER           95.71           268    267     98     6.043     6.032     3.609     0.6060      0.6060      0.6052      0.3675
15      A         B           15           LEU           95.94           268    267     98     6.043     6.032     3.609     0.6393      0.6393      0.6385      0.3977
16      A         B           16           SER           97.08           268    267     98     6.043     6.032     3.609     0.6893      0.6893      0.6886      0.4521
17      A         B           17           ILE           98.13           268    267     98     6.043     6.032     3.609     0.7121      0.7121      0.7114      0.4771
18      A         B           18           ASN           97.85           268    267     98     6.043     6.032     3.609     0.6984      0.6984      0.6977      0.4604
19      A         B           19           ALA           98.21           268    267     98     6.043     6.032     3.609     0.6871      0.6871      0.6864      0.4479
20      A         B           20           THR           96.48           268    267     98     6.043     6.032     3.609     0.5575      0.5575      0.5567      0.3196
21      A         B           21           ASN           97.99           268    267     98     6.043     6.032     3.609     0.6609      0.6609      0.6602      0.4194
22      A         B           22           ILE           98.11           268    267     98     6.043     6.032     3.609     0.6588      0.6588      0.6581      0.4157
23      A         B           23           LYS           95.78           268    267     98     6.043     6.032     3.609     0.5564      0.5564      0.5556      0.3195
24      A         B           24           HIS           96.53           268    267     98     6.043     6.032     3.609     0.5504      0.5504      0.5495      0.3111
25      A         B           25           PHE           98.38           268    267     98     6.043     6.032     3.609     0.6618      0.6618      0.6611      0.4175
26      A         B           26           LYS           97.22           268    267     98     6.043     6.032     3.609     0.6159      0.6159      0.6151      0.3707
27      A         B           27           ASN           96.00           268    267     98     6.043     6.032     3.609     0.5439      0.5439      0.5431      0.3031
28      A         B           28           CYS           98.45           268    267     98     6.043     6.032     3.609     0.6268      0.6268      0.6260      0.3795
29      A         B           29           THR           97.93           268    267     98     6.043     6.032     3.609     0.5771      0.5771      0.5763      0.3311
30      A         B           30           SER           98.58           268    267     98     6.043     6.032     3.609     0.6919      0.6919      0.6912      0.4487
31      A         B           31           ILE           98.80           268    267     98     6.043     6.032     3.609     0.7168      0.7168      0.7161      0.4794
32      A         B           32           SER           98.11           268    267     98     6.043     6.032     3.609     0.6622      0.6622      0.6614      0.4160
33      A         B           33           GLY           98.34           268    267     98     6.043     6.032     3.609     0.6880      0.6880      0.6873      0.4473
34      A         B           34           ASP           97.71           268    267     98     6.043     6.032     3.609     0.7022      0.7022      0.7015      0.4642
35      A         B           35           LEU           98.55           268    267     98     6.043     6.032     3.609     0.7148      0.7148      0.7141      0.4798
36      A         B           36           HIS           96.39           268    267     98     6.043     6.032     3.609     0.6788      0.6788      0.6781      0.4413
37      A         B           37           ILE           98.26           268    267     98     6.043     6.032     3.609     0.7612      0.7612      0.7606      0.5420
38      A         B           38           LEU           95.36           268    267     98     6.043     6.032     3.609     0.7521      0.7521      0.7515      0.5300
39      A         B           39           PRO           93.09           268    267     98     6.043     6.032     3.609     0.7164      0.7164      0.7158      0.4827
40      A         B           40           VAL           95.07           268    267     98     6.043     6.032     3.609     0.6990      0.6990      0.6983      0.4643
41      A         B           41           ALA           97.45           268    267     98     6.043     6.032     3.609     0.7107      0.7107      0.7100      0.4767
42      A         B           42           PHE           96.69           268    267     98     6.043     6.032     3.609     0.6865      0.6865      0.6858      0.4498
43      A         B           43           ARG           93.98           268    267     98     6.043     6.032     3.609     0.5686      0.5686      0.5678      0.3311
44      A         B           44           GLY           95.61           268    267     98     6.043     6.032     3.609     0.4796      0.4796      0.4788      0.2599
45      A         B           45           ASP           94.65           268    267     98     6.043     6.032     3.609     0.4384      0.4384      0.4376      0.2296
46      A         B           46           SER           87.31           268    267     98     6.043     6.032     3.609     0.3512      0.3512      0.3505      0.1704
47      A         B           47           PHE           91.38           268    267     98     6.043     6.032     3.609     0.3707      0.3707      0.3700      0.1823
48      A         B           48           THR           94.68           268    267     98     6.043     6.032     3.609     0.4223      0.4223      0.4215      0.2160
49      A         B           49           HIS           95.86           268    267     98     6.043     6.032     3.609     0.4050      0.4050      0.4042      0.2043
50      A         B           50           THR           97.14           268    267     98     6.043     6.032     3.609     0.5179      0.5179      0.5171      0.2878
51      A         B           51           PRO           97.51           268    267     98     6.043     6.032     3.609     0.5506      0.5506      0.5498      0.3145
52      A         B           52           PRO           96.88           268    267     98     6.043     6.032     3.609     0.6246      0.6246      0.6238      0.3818
53      A         B           53           LEU           98.40           268    267     98     6.043     6.032     3.609     0.6787      0.6787      0.6780      0.4384
54      A         B           54           ASP           97.88           268    267     98     6.043     6.032     3.609     0.6203      0.6203      0.6195      0.3765
55      A         B           55           PRO           96.88           268    267     98     6.043     6.032     3.609     0.5829      0.5829      0.5821      0.3404
56      A         B           56           GLN           97.17           268    267     98     6.043     6.032     3.609     0.5536      0.5536      0.5528      0.3140
57      A         B           57           GLU           98.09           268    267     98     6.043     6.032     3.609     0.6387      0.6387      0.6379      0.3928
58      A         B           58           LEU           98.41           268    267     98     6.043     6.032     3.609     0.6773      0.6773      0.6766      0.4346
59      A         B           59           ASP           97.67           268    267     98     6.043     6.032     3.609     0.6498      0.6498      0.6490      0.4053
60      A         B           60           ILE           98.23           268    267     98     6.043     6.032     3.609     0.6668      0.6668      0.6661      0.4215
61      A         B           61           LEU           98.72           268    267     98     6.043     6.032     3.609     0.7168      0.7168      0.7161      0.4802
62      A         B           62           LYS           98.03           268    267     98     6.043     6.032     3.609     0.6836      0.6836      0.6829      0.4415
63      A         B           63           THR           98.33           268    267     98     6.043     6.032     3.609     0.6396      0.6396      0.6388      0.3923
64      A         B           64           VAL           98.75           268    267     98     6.043     6.032     3.609     0.7158      0.7158      0.7152      0.4777
65      A         B           65           LYS           98.78           268    267     98     6.043     6.032     3.609     0.6792      0.6792      0.6785      0.4340
66      A         B           66           GLU           98.75           268    267     98     6.043     6.032     3.609     0.7371      0.7371      0.7364      0.5035
67      A         B           67           ILE           98.94           268    267     98     6.043     6.032     3.609     0.7713      0.7713      0.7707      0.5508
68      A         B           68           THR           98.81           268    267     98     6.043     6.032     3.609     0.7465      0.7465      0.7459      0.5168
69      A         B           69           GLY           98.66           268    267     98     6.043     6.032     3.609     0.7409      0.7409      0.7403      0.5103
70      A         B           70           PHE           98.07           268    267     98     6.043     6.032     3.609     0.7730      0.7730      0.7724      0.5549
71      A         B           71           LEU           98.95           268    267     98     6.043     6.032     3.609     0.7966      0.7966      0.7960      0.5882
72      A         B           72           LEU           97.17           268    267     98     6.043     6.032     3.609     0.7769      0.7769      0.7763      0.5606
73      A         B           73           ILE           98.48           268    267     98     6.043     6.032     3.609     0.7917      0.7917      0.7911      0.5842
74      A         B           74           GLN           94.26           268    267     98     6.043     6.032     3.609     0.7553      0.7553      0.7546      0.5333
75      A         B           75           ALA           95.87           268    267     98     6.043     6.032     3.609     0.7635      0.7635      0.7629      0.5425
76      A         B           76           TRP           98.13           268    267     98     6.043     6.032     3.609     0.7379      0.7379      0.7372      0.5097
77      A         B           77           PRO           97.01           268    267     98     6.043     6.032     3.609     0.6558      0.6558      0.6551      0.4120
78      A         B           78           GLU           91.38           268    267     98     6.043     6.032     3.609     0.4614      0.4614      0.4606      0.2419
79      A         B           79           ASN           92.20           268    267     98     6.043     6.032     3.609     0.3549      0.3549      0.3542      0.1710
80      A         B           80           ARG           96.47           268    267     98     6.043     6.032     3.609     0.5460      0.5460      0.5452      0.3063
81      A         B           81           THR           95.18           268    267     98     6.043     6.032     3.609     0.4999      0.4999      0.4990      0.2676
82      A         B           82           ASP           96.99           268    267     98     6.043     6.032     3.609     0.5916      0.5916      0.5908      0.3460
83      A         B           83           LEU           98.64           268    267     98     6.043     6.032     3.609     0.6923      0.6923      0.6916      0.4515
84      A         B           84           HIS           94.68           268    267     98     6.043     6.032     3.609     0.5333      0.5333      0.5325      0.2956
85      A         B           85           ALA           97.96           268    267     98     6.043     6.032     3.609     0.6350      0.6350      0.6342      0.3886
86      A         B           86           PHE           98.88           268    267     98     6.043     6.032     3.609     0.7288      0.7288      0.7282      0.4957
87      A         B           87           GLU           97.82           268    267     98     6.043     6.032     3.609     0.6590      0.6590      0.6583      0.4148
88      A         B           88           ASN           98.73           268    267     98     6.043     6.032     3.609     0.7034      0.7034      0.7027      0.4627
89      A         B           89           LEU           98.96           268    267     98     6.043     6.032     3.609     0.7563      0.7563      0.7556      0.5301
90      A         B           90           GLU           98.89           268    267     98     6.043     6.032     3.609     0.7187      0.7187      0.7180      0.4807
91      A         B           91           ILE           98.85           268    267     98     6.043     6.032     3.609     0.7396      0.7396      0.7389      0.5067
92      A         B           92           ILE           98.97           268    267     98     6.043     6.032     3.609     0.7708      0.7708      0.7702      0.5501
93      A         B           93           ARG           98.78           268    267     98     6.043     6.032     3.609     0.7272      0.7272      0.7265      0.4912
94      A         B           94           GLY           97.97           268    267     98     6.043     6.032     3.609     0.6991      0.6991      0.6984      0.4578
95      A         B           95           ARG           97.15           268    267     98     6.043     6.032     3.609     0.6522      0.6522      0.6515      0.4053
96      A         B           96           THR           94.53           268    267     98     6.043     6.032     3.609     0.7177      0.7177      0.7170      0.4816
97      A         B           97           LYS           92.80           268    267     98     6.043     6.032     3.609     0.7358      0.7358      0.7352      0.5049
98      A         B           98           GLN           94.01           268    267     98     6.043     6.032     3.609     0.7246      0.7246      0.7239      0.4909
99      A         B           99           HIS           90.05           268    267     98     6.043     6.032     3.609     0.7158      0.7158      0.7151      0.4795
100     A         B          100           GLY           89.88           268    267     98     6.043     6.032     3.609     0.7028      0.7028      0.7021      0.4643
101     A         B          101           GLN           89.79           268    267     98     6.043     6.032     3.609     0.6849      0.6849      0.6842      0.4440
102     A         B          102           PHE           95.41           268    267     98     6.043     6.032     3.609     0.7851      0.7851      0.7845      0.5720
103     A         B          103           SER           97.80           268    267     98     6.043     6.032     3.609     0.7630      0.7630      0.7624      0.5406
104     A         B          104           LEU           98.76           268    267     98     6.043     6.032     3.609     0.7944      0.7944      0.7939      0.5856
105     A         B          105           ALA           96.90           268    267     98     6.043     6.032     3.609     0.7838      0.7838      0.7833      0.5719
106     A         B          106           VAL           98.12           268    267     98     6.043     6.032     3.609     0.7837      0.7837      0.7831      0.5714
107     A         B          107           VAL           93.50           268    267     98     6.043     6.032     3.609     0.7343      0.7343      0.7336      0.5058
108     A         B          108           SER           91.97           268    267     98     6.043     6.032     3.609     0.7306      0.7306      0.7299      0.4990
109     A         B          109           LEU           97.29           268    267     98     6.043     6.032     3.609     0.7518      0.7518      0.7512      0.5265
110     A         B          110           ASN           95.31           268    267     98     6.043     6.032     3.609     0.6992      0.6992      0.6985      0.4619
111     A         B          111           ILE           97.72           268    267     98     6.043     6.032     3.609     0.7139      0.7139      0.7132      0.4787
112     A         B          112           THR           94.86           268    267     98     6.043     6.032     3.609     0.6798      0.6798      0.6791      0.4380
113     A         B          113           SER           94.95           268    267     98     6.043     6.032     3.609     0.6138      0.6138      0.6130      0.3669
114     A         B          114           LEU           97.87           268    267     98     6.043     6.032     3.609     0.6766      0.6766      0.6758      0.4329
115     A         B          115           GLY           96.84           268    267     98     6.043     6.032     3.609     0.5815      0.5815      0.5806      0.3367
116     A         B          116           LEU           98.02           268    267     98     6.043     6.032     3.609     0.6501      0.6501      0.6493      0.4035
117     A         B          117           ARG           93.63           268    267     98     6.043     6.032     3.609     0.4831      0.4831      0.4823      0.2567
118     A         B          118           SER           98.35           268    267     98     6.043     6.032     3.609     0.6534      0.6534      0.6526      0.4054
119     A         B          119           LEU           98.40           268    267     98     6.043     6.032     3.609     0.7124      0.7124      0.7117      0.4732
120     A         B          120           LYS           97.57           268    267     98     6.043     6.032     3.609     0.5454      0.5454      0.5445      0.3037
121     A         B          121           GLU           98.67           268    267     98     6.043     6.032     3.609     0.7167      0.7167      0.7160      0.4779
122     A         B          122           ILE           98.81           268    267     98     6.043     6.032     3.609     0.7496      0.7496      0.7490      0.5216
123     A         B          123           SER           98.62           268    267     98     6.043     6.032     3.609     0.7083      0.7083      0.7076      0.4683
124     A         B          124           ASP           96.07           268    267     98     6.043     6.032     3.609     0.7197      0.7197      0.7190      0.4831
125     A         B          125           GLY           95.76           268    267     98     6.043     6.032     3.609     0.7098      0.7098      0.7091      0.4722
126     A         B          126           ASP           94.67           268    267     98     6.043     6.032     3.609     0.7565      0.7565      0.7559      0.5314
127     A         B          127           VAL           97.73           268    267     98     6.043     6.032     3.609     0.7794      0.7794      0.7788      0.5642
128     A         B          128           ILE           95.78           268    267     98     6.043     6.032     3.609     0.7798      0.7798      0.7792      0.5645
129     A         B          129           ILE           97.35           268    267     98     6.043     6.032     3.609     0.7811      0.7811      0.7805      0.5674
130     A         B          130           SER           91.51           268    267     98     6.043     6.032     3.609     0.6760      0.6760      0.6752      0.4358
131     A         B          131           GLY           91.97           268    267     98     6.043     6.032     3.609     0.6997      0.6997      0.6990      0.4621
132     A         B          132           ASN           96.38           268    267     98     6.043     6.032     3.609     0.7215      0.7215      0.7208      0.4868
133     A         B          133           LYS           93.20           268    267     98     6.043     6.032     3.609     0.6613      0.6613      0.6606      0.4185
134     A         B          134           ASN           95.13           268    267     98     6.043     6.032     3.609     0.6752      0.6752      0.6745      0.4332
135     A         B          135           LEU           97.11           268    267     98     6.043     6.032     3.609     0.6881      0.6881      0.6874      0.4467
136     A         B          136           CYS           95.54           268    267     98     6.043     6.032     3.609     0.4948      0.4948      0.4939      0.2654
137     A         B          137           TYR           89.71           268    267     98     6.043     6.032     3.609     0.3040      0.3040      0.3033      0.1368
138     A         B          138           ALA           93.82           268    267     98     6.043     6.032     3.609     0.3951      0.3951      0.3943      0.1923
139     A         B          139           ASN           85.49           268    267     98     6.043     6.032     3.609     0.3597      0.3597      0.3589      0.1704
140     A         B          140           THR           87.99           268    267     98     6.043     6.032     3.609     0.3577      0.3577      0.3569      0.1690
141     A         B          141           ILE           94.34           268    267     98     6.043     6.032     3.609     0.5060      0.5060      0.5052      0.2716
142     A         B          142           ASN           94.73           268    267     98     6.043     6.032     3.609     0.5385      0.5385      0.5376      0.2978
143     A         B          143           TRP           97.12           268    267     98     6.043     6.032     3.609     0.6561      0.6561      0.6554      0.4103
144     A         B          144           LYS           94.80           268    267     98     6.043     6.032     3.609     0.6136      0.6136      0.6128      0.3661
145     A         B          145           LYS           94.97           268    267     98     6.043     6.032     3.609     0.5246      0.5246      0.5238      0.2867
146     A         B          146           LEU           98.01           268    267     98     6.043     6.032     3.609     0.6669      0.6669      0.6662      0.4201
147     A         B          147           PHE           98.01           268    267     98     6.043     6.032     3.609     0.6762      0.6762      0.6755      0.4312
148     A         B          148           GLY           97.90           268    267     98     6.043     6.032     3.609     0.5040      0.5040      0.5032      0.2700
149     A         B          149           THR           93.77           268    267     98     6.043     6.032     3.609     0.4949      0.4949      0.4941      0.2634
150     A         B          150           SER           93.14           268    267     98     6.043     6.032     3.609     0.4380      0.4380      0.4372      0.2229
151     A         B          151           GLY           90.90           268    267     98     6.043     6.032     3.609     0.5511      0.5511      0.5503      0.3113
152     A         B          152           GLN           95.69           268    267     98     6.043     6.032     3.609     0.6671      0.6671      0.6664      0.4229
153     A         B          153           LYS           89.78           268    267     98     6.043     6.032     3.609     0.6435      0.6435      0.6427      0.3984
154     A         B          154           THR           94.23           268    267     98     6.043     6.032     3.609     0.6719      0.6719      0.6712      0.4297
155     A         B          155           LYS           91.39           268    267     98     6.043     6.032     3.609     0.6686      0.6686      0.6679      0.4256
156     A         B          156           ILE           93.86           268    267     98     6.043     6.032     3.609     0.6811      0.6811      0.6804      0.4400
157     A         B          157           ILE           87.19           268    267     98     6.043     6.032     3.609     0.5451      0.5451      0.5443      0.3083
158     A         B          158           SER           88.41           268    267     98     6.043     6.032     3.609     0.6060      0.6060      0.6052      0.3613
159     A         B          159           ASN           94.92           268    267     98     6.043     6.032     3.609     0.6398      0.6398      0.6390      0.3931
160     A         B          160           ARG           94.49           268    267     98     6.043     6.032     3.609     0.5321      0.5321      0.5313      0.2940
161     A         B          161           GLY           91.73           268    267     98     6.043     6.032     3.609     0.3792      0.3792      0.3784      0.1840
162     A         B          162           GLU           86.35           268    267     98     6.043     6.032     3.609     0.3670      0.3670      0.3662      0.1750
163     A         B          163           ASN           92.87           268    267     98     6.043     6.032     3.609     0.3189      0.3189      0.3182      0.1453
164     A         B          164           SER           92.39           268    267     98     6.043     6.032     3.609     0.3574      0.3574      0.3566      0.1679
165     A         B          165           CYS           93.99           268    267     98     6.043     6.032     3.609     0.3730      0.3730      0.3722      0.1778
166     A         B          166           LYS           91.28           268    267     98     6.043     6.032     3.609     0.3259      0.3259      0.3251      0.1493
167     A         B          167           ALA           93.67           268    267     98     6.043     6.032     3.609     0.2337      0.2337      0.2331      0.0989
168     A         B          168           THR           86.47           268    267     66     6.043     6.032     2.798     0.1551      0.1684      0.1680      0.0418
169     A         B          169           GLY           84.41           268    267      1     6.043     6.032     1.000     0.0971      0.1447      0.1443      0.0046
170     A         B          170           GLN           71.92           268    267      0     6.043     6.032     1.000     0.0732      0.0000      0.0000      0.0000
171     B         A            1           SER           73.57           268    268    159     6.043     6.043     4.699     0.2448      0.2526      0.2526      0.1731
172     B         A            2           MET           81.87           268    268    170     6.043     6.043     4.861     0.5291      0.5291      0.5291      0.4259
173     B         A            3           GLU           91.83           268    268    170     6.043     6.043     4.861     0.6473      0.6473      0.6473      0.5468
174     B         A            4           ASP           93.26           268    268    170     6.043     6.043     4.861     0.6950      0.6950      0.6950      0.5993
175     B         A            5           VAL           92.77           268    268    170     6.043     6.043     4.861     0.7224      0.7224      0.7224      0.6304
176     B         A            6           LEU           94.47           268    268    170     6.043     6.043     4.861     0.7447      0.7447      0.7447      0.6563
177     B         A            7           LEU           97.21           268    268    170     6.043     6.043     4.861     0.7609      0.7609      0.7609      0.6758
178     B         A            8           ALA           94.96           268    268    170     6.043     6.043     4.861     0.7288      0.7288      0.7288      0.6379
179     B         A            9           THR           93.02           268    268    170     6.043     6.043     4.861     0.7149      0.7149      0.7149      0.6214
180     B         A           10           VAL           96.20           268    268    170     6.043     6.043     4.861     0.7272      0.7272      0.7272      0.6359
181     B         A           11           ALA           97.18           268    268    170     6.043     6.043     4.861     0.7191      0.7191      0.7191      0.6264
182     B         A           12           THR           93.92           268    268    170     6.043     6.043     4.861     0.6941      0.6941      0.6941      0.5978
183     B         A           13           THR           91.73           268    268    170     6.043     6.043     4.861     0.6753      0.6753      0.6753      0.5769
184     B         A           14           THR           95.36           268    268    170     6.043     6.043     4.861     0.7084      0.7084      0.7084      0.6141
185     B         A           15           ALA           95.12           268    268    170     6.043     6.043     4.861     0.6962      0.6962      0.6962      0.6001
186     B         A           16           MET           90.06           268    268    170     6.043     6.043     4.861     0.6036      0.6036      0.6036      0.4995
187     B         A           17           MET           91.28           268    268    170     6.043     6.043     4.861     0.6189      0.6189      0.6189      0.5156
188     B         A           18           LEU           93.53           268    268    170     6.043     6.043     4.861     0.6491      0.6491      0.6491      0.5475
189     B         A           19           LEU           92.87           268    268    170     6.043     6.043     4.861     0.5556      0.5556      0.5556      0.4502
190     B         A           20           LYS           83.38           268    268    169     6.043     6.043     4.847     0.2588      0.2596      0.2596      0.1854
191     B         A           21           ASP           84.66           268    268    168     6.043     6.043     4.832     0.2880      0.2899      0.2899      0.2088
192     B         A           22           ALA           89.80           268    268    170     6.043     6.043     4.861     0.4479      0.4479      0.4479      0.3467
193     B         A           23           PRO           91.46           268    268    170     6.043     6.043     4.861     0.5020      0.5020      0.5020      0.3978
194     B         A           24           ARG           88.52           268    268    170     6.043     6.043     4.861     0.5648      0.5648      0.5648      0.4596
195     B         A           25           GLU           93.52           268    268    170     6.043     6.043     4.861     0.5222      0.5222      0.5222      0.4175
196     B         A           26           VAL           95.23           268    268    170     6.043     6.043     4.861     0.6413      0.6413      0.6413      0.5391
197     B         A           27           ILE           93.00           268    268    170     6.043     6.043     4.861     0.6710      0.6710      0.6710      0.5714
198     B         A           28           GLU           94.95           268    268    170     6.043     6.043     4.861     0.6364      0.6364      0.6364      0.5339
199     B         A           29           ARG           95.81           268    268    170     6.043     6.043     4.861     0.6232      0.6232      0.6232      0.5199
200     B         A           30           VAL           97.34           268    268    170     6.043     6.043     4.861     0.7029      0.7029      0.7029      0.6072
201     B         A           31           VAL           96.82           268    268    170     6.043     6.043     4.861     0.6970      0.6970      0.6970      0.6008
202     B         A           32           ARG           96.86           268    268    170     6.043     6.043     4.861     0.6437      0.6437      0.6437      0.5419
203     B         A           33           GLU           97.80           268    268    170     6.043     6.043     4.861     0.6900      0.6900      0.6900      0.5927
204     B         A           34           VAL           98.36           268    268    170     6.043     6.043     4.861     0.7154      0.7154      0.7154      0.6217
205     B         A           35           CYS           97.44           268    268    170     6.043     6.043     4.861     0.6959      0.6959      0.6959      0.5998
206     B         A           36           ARG           97.53           268    268    170     6.043     6.043     4.861     0.6524      0.6524      0.6524      0.5513
207     B         A           37           ARG           97.71           268    268    170     6.043     6.043     4.861     0.6508      0.6508      0.6508      0.5491
208     B         A           38           PHE           97.63           268    268    170     6.043     6.043     4.861     0.6772      0.6772      0.6772      0.5785
209     B         A           39           GLY           96.97           268    268    170     6.043     6.043     4.861     0.6011      0.6011      0.6011      0.4967
210     B         A           40           VAL           95.49           268    268    170     6.043     6.043     4.861     0.6512      0.6512      0.6512      0.5505
211     B         A           41           PRO           89.35           268    268    170     6.043     6.043     4.861     0.5831      0.5831      0.5831      0.4784
212     B         A           42           GLU           89.90           268    268    170     6.043     6.043     4.861     0.5725      0.5725      0.5725      0.4690
213     B         A           43           GLU           87.08           268    268    170     6.043     6.043     4.861     0.6180      0.6180      0.6180      0.5158
214     B         A           44           LEU           91.62           268    268    170     6.043     6.043     4.861     0.6720      0.6720      0.6720      0.5736
215     B         A           45           ALA           94.25           268    268    170     6.043     6.043     4.861     0.6749      0.6749      0.6749      0.5766
216     B         A           46           ASP           91.78           268    268    170     6.043     6.043     4.861     0.6716      0.6716      0.6716      0.5733
217     B         A           47           PHE           89.83           268    268    170     6.043     6.043     4.861     0.6858      0.6858      0.6858      0.5889
218     B         A           48           PHE           90.95           268    268    170     6.043     6.043     4.861     0.7130      0.7130      0.7130      0.6199
219     B         A           49           ILE           91.61           268    268    170     6.043     6.043     4.861     0.7047      0.7047      0.7047      0.6105
220     B         A           50           GLU           87.38           268    268    170     6.043     6.043     4.861     0.6305      0.6305      0.6305      0.5293
221     B         A           51           THR           83.30           268    268    170     6.043     6.043     4.861     0.6017      0.6017      0.6017      0.4992
222     B         A           52           ARG           83.46           268    268    170     6.043     6.043     4.861     0.6058      0.6058      0.6058      0.5033
223     B         A           53           PHE           83.71           268    268    170     6.043     6.043     4.861     0.5925      0.5925      0.5925      0.4893
224     B         A           54           LYS           78.67           268    268    170     6.043     6.043     4.861     0.4800      0.4800      0.4800      0.3784
225     B         A           55           HIS           69.52           268    268    170     6.043     6.043     4.861     0.4513      0.4513      0.4513      0.3523
226     B         A           56           GLY           73.50           268    268    170     6.043     6.043     4.861     0.3583      0.3583      0.3583      0.2699
227     B         A           57           PRO           69.60           268    268    170     6.043     6.043     4.861     0.3159      0.3159      0.3159      0.2336
228     B         A           58           ILE           73.10           268    268    170     6.043     6.043     4.861     0.2911      0.2911      0.2911      0.2128
229     B         A           59           GLU           73.35           268    268    166     6.043     6.043     4.803     0.2646      0.2678      0.2678      0.1899
230     B         A           60           GLU           79.65           268    268    170     6.043     6.043     4.861     0.3268      0.3268      0.3268      0.2419
231     B         A           61           ASP           87.16           268    268    170     6.043     6.043     4.861     0.3849      0.3849      0.3849      0.2918
232     B         A           62           PRO           85.86           268    268    170     6.043     6.043     4.861     0.4204      0.4204      0.4204      0.3239
233     B         A           63           ASP           88.12           268    268    170     6.043     6.043     4.861     0.4756      0.4756      0.4756      0.3745
234     B         A           64           LEU           90.91           268    268    170     6.043     6.043     4.861     0.5580      0.5580      0.5580      0.4543
235     B         A           65           GLU           92.12           268    268    170     6.043     6.043     4.861     0.5858      0.5858      0.5858      0.4839
236     B         A           66           ARG           89.57           268    268    170     6.043     6.043     4.861     0.5964      0.5964      0.5964      0.4935
237     B         A           67           THR           91.10           268    268    170     6.043     6.043     4.861     0.6673      0.6673      0.6673      0.5697
238     B         A           68           ILE           95.53           268    268    170     6.043     6.043     4.861     0.6919      0.6919      0.6919      0.5964
239     B         A           69           GLU           94.22           268    268    170     6.043     6.043     4.861     0.6677      0.6677      0.6677      0.5695
240     B         A           70           ALA           93.56           268    268    170     6.043     6.043     4.861     0.6720      0.6720      0.6720      0.5736
241     B         A           71           LEU           94.78           268    268    170     6.043     6.043     4.861     0.7068      0.7068      0.7068      0.6129
242     B         A           72           ARG           94.77           268    268    170     6.043     6.043     4.861     0.6777      0.6777      0.6777      0.5798
243     B         A           73           ARG           92.06           268    268    170     6.043     6.043     4.861     0.6200      0.6200      0.6200      0.5174
244     B         A           74           ALA           91.69           268    268    170     6.043     6.043     4.861     0.6290      0.6290      0.6290      0.5278
245     B         A           75           GLY           92.38           268    268    170     6.043     6.043     4.861     0.5764      0.5764      0.5764      0.4729
246     B         A           76           GLU           91.93           268    268    170     6.043     6.043     4.861     0.6146      0.6146      0.6146      0.5119
247     B         A           77           THR           93.53           268    268    170     6.043     6.043     4.861     0.5701      0.5701      0.5701      0.4663
248     B         A           78           GLU           95.23           268    268    170     6.043     6.043     4.861     0.6025      0.6025      0.6025      0.4987
249     B         A           79           LEU           94.13           268    268    170     6.043     6.043     4.861     0.6905      0.6905      0.6905      0.5937
250     B         A           80           ALA           96.10           268    268    170     6.043     6.043     4.861     0.6893      0.6893      0.6893      0.5921
251     B         A           81           GLU           97.55           268    268    170     6.043     6.043     4.861     0.6735      0.6735      0.6735      0.5747
252     B         A           82           ARG           96.78           268    268    170     6.043     6.043     4.861     0.6866      0.6866      0.6866      0.5890
253     B         A           83           LEU           97.11           268    268    170     6.043     6.043     4.861     0.7221      0.7221      0.7221      0.6295
254     B         A           84           GLU           97.21           268    268    170     6.043     6.043     4.861     0.6944      0.6944      0.6944      0.5977
255     B         A           85           GLU           98.33           268    268    170     6.043     6.043     4.861     0.6829      0.6829      0.6829      0.5848
256     B         A           86           ALA           98.14           268    268    170     6.043     6.043     4.861     0.6949      0.6949      0.6949      0.5983
257     B         A           87           GLU           96.80           268    268    170     6.043     6.043     4.861     0.6862      0.6862      0.6862      0.5884
258     B         A           88           ARG           98.38           268    268    170     6.043     6.043     4.861     0.6739      0.6739      0.6739      0.5746
259     B         A           89           LEU           98.50           268    268    170     6.043     6.043     4.861     0.6992      0.6992      0.6992      0.6029
260     B         A           90           THR           97.73           268    268    170     6.043     6.043     4.861     0.6858      0.6858      0.6858      0.5878
261     B         A           91           ARG           96.94           268    268    170     6.043     6.043     4.861     0.6580      0.6580      0.6580      0.5570
262     B         A           92           GLU           98.24           268    268    170     6.043     6.043     4.861     0.6542      0.6542      0.6542      0.5530
263     B         A           93           LEU           98.00           268    268    170     6.043     6.043     4.861     0.6435      0.6435      0.6435      0.5412
264     B         A           94           ALA           96.50           268    268    170     6.043     6.043     4.861     0.5648      0.5648      0.5648      0.4589
265     B         A           95           GLU           95.59           268    268    170     6.043     6.043     4.861     0.5232      0.5232      0.5232      0.4178
266     B         A           96           GLU           94.52           268    268    170     6.043     6.043     4.861     0.4229      0.4229      0.4229      0.3235
267     B         A           97           ALA           90.93           268    268    170     6.043     6.043     4.861     0.2445      0.2445      0.2445      0.1739
268     B         A           98           LYS           80.30           268    268     14     6.043     6.043     1.000     0.1094      0.1513      0.1513      0.0049
