i   AlignChn ScoredChain  AlignResNum  AlignResType  AlignRespLDDT      n0chn  n0dom  n0res    d0chn     d0dom     d0res   ipTM_pae  ipSAE_d0chn ipSAE_d0dom    ipSAE 
1       A         B            1           LYS           93.78           268    267     98     6.043     6.032     3.609     0.2926      0.2926      0.2919      0.1297
2       A         B            2           VAL           98.08           268    267     98     6.043     6.032     3.609     0.6887      0.6887      0.6880      0.4459
3       A         B            3           CYS           98.09           268    267     98     6.043     6.032     3.609     0.7396      0.7396      0.7389      0.5086
4       A         B            4           ASN           98.20           268    267     98     6.043     6.032     3.609     0.7629      0.7629      0.7623      0.5394
5       A         B            5           GLY           98.65           268    267     98     6.043     6.032     3.609     0.7279      0.7279      0.7272      0.4963
6       A         B            6           ILE           97.53           268    267     98     6.043     6.032     3.609     0.7426      0.7426      0.7420      0.5155
7       A         B            7           GLY           94.30           268    267     98     6.043     6.032     3.609     0.6175      0.6175      0.6167      0.3733
8       A         B            8           ILE           93.62           268    267     98     6.043     6.032     3.609     0.6177      0.6177      0.6169      0.3745
9       A         B            9           GLY           96.47           268    267     98     6.043     6.032     3.609     0.5570      0.5570      0.5562      0.3146
10      A         B           10           GLU           93.12           268    267     98     6.043     6.032     3.609     0.5298      0.5298      0.5290      0.2954
11      A         B           11           PHE           97.26           268    267     98     6.043     6.032     3.609     0.6777      0.6777      0.6769      0.4363
12      A         B           12           LYS           94.86           268    267     98     6.043     6.032     3.609     0.6212      0.6212      0.6204      0.3785
13      A         B           13           ASP           92.54           268    267     98     6.043     6.032     3.609     0.5926      0.5926      0.5918      0.3568
14      A         B           14           SER           95.67           268    267     98     6.043     6.032     3.609     0.7011      0.7011      0.7004      0.4685
15      A         B           15           LEU           95.89           268    267     98     6.043     6.032     3.609     0.7367      0.7367      0.7360      0.5097
16      A         B           16           SER           97.10           268    267     98     6.043     6.032     3.609     0.7780      0.7780      0.7774      0.5648
17      A         B           17           ILE           98.15           268    267     98     6.043     6.032     3.609     0.7871      0.7871      0.7866      0.5760
18      A         B           18           ASN           97.86           268    267     98     6.043     6.032     3.609     0.7766      0.7766      0.7760      0.5604
19      A         B           19           ALA           98.20           268    267     98     6.043     6.032     3.609     0.7652      0.7652      0.7646      0.5455
20      A         B           20           THR           96.79           268    267     98     6.043     6.032     3.609     0.6602      0.6602      0.6595      0.4195
21      A         B           21           ASN           97.91           268    267     98     6.043     6.032     3.609     0.7414      0.7414      0.7408      0.5141
22      A         B           22           ILE           98.06           268    267     98     6.043     6.032     3.609     0.7325      0.7325      0.7319      0.5017
23      A         B           23           LYS           95.59           268    267     98     6.043     6.032     3.609     0.6284      0.6284      0.6276      0.3879
24      A         B           24           HIS           96.54           268    267     98     6.043     6.032     3.609     0.6287      0.6287      0.6279      0.3840
25      A         B           25           PHE           98.38           268    267     98     6.043     6.032     3.609     0.7347      0.7347      0.7341      0.5030
26      A         B           26           LYS           97.33           268    267     98     6.043     6.032     3.609     0.7024      0.7024      0.7017      0.4635
27      A         B           27           ASN           96.11           268    267     98     6.043     6.032     3.609     0.6270      0.6270      0.6262      0.3798
28      A         B           28           CYS           98.48           268    267     98     6.043     6.032     3.609     0.7031      0.7031      0.7023      0.4626
29      A         B           29           THR           98.67           268    267     98     6.043     6.032     3.609     0.7309      0.7309      0.7303      0.4957
30      A         B           30           SER           98.67           268    267     98     6.043     6.032     3.609     0.7689      0.7689      0.7683      0.5460
31      A         B           31           ILE           98.86           268    267     98     6.043     6.032     3.609     0.7967      0.7967      0.7962      0.5873
32      A         B           32           SER           98.39           268    267     98     6.043     6.032     3.609     0.7633      0.7633      0.7627      0.5391
33      A         B           33           GLY           98.41           268    267     98     6.043     6.032     3.609     0.7665      0.7665      0.7659      0.5457
34      A         B           34           ASP           97.94           268    267     98     6.043     6.032     3.609     0.7876      0.7876      0.7870      0.5758
35      A         B           35           LEU           98.67           268    267     98     6.043     6.032     3.609     0.8004      0.8004      0.7999      0.5950
36      A         B           36           HIS           96.41           268    267     98     6.043     6.032     3.609     0.7762      0.7762      0.7756      0.5627
37      A         B           37           ILE           98.23           268    267     98     6.043     6.032     3.609     0.8249      0.8249      0.8244      0.6354
38      A         B           38           LEU           95.51           268    267     98     6.043     6.032     3.609     0.8246      0.8246      0.8241      0.6351
39      A         B           39           PRO           92.73           268    267     98     6.043     6.032     3.609     0.7875      0.7875      0.7869      0.5773
40      A         B           40           VAL           94.99           268    267     98     6.043     6.032     3.609     0.7738      0.7738      0.7732      0.5597
41      A         B           41           ALA           97.35           268    267     98     6.043     6.032     3.609     0.7832      0.7832      0.7827      0.5715
42      A         B           42           PHE           96.48           268    267     98     6.043     6.032     3.609     0.7639      0.7639      0.7633      0.5460
43      A         B           43           ARG           93.68           268    267     98     6.043     6.032     3.609     0.6675      0.6675      0.6668      0.4287
44      A         B           44           GLY           95.35           268    267     98     6.043     6.032     3.609     0.5979      0.5979      0.5971      0.3610
45      A         B           45           ASP           94.88           268    267     98     6.043     6.032     3.609     0.5750      0.5750      0.5742      0.3388
46      A         B           46           SER           87.14           268    267     98     6.043     6.032     3.609     0.4617      0.4617      0.4609      0.2461
47      A         B           47           PHE           92.71           268    267     98     6.043     6.032     3.609     0.5351      0.5351      0.5343      0.3029
48      A         B           48           THR           95.00           268    267     98     6.043     6.032     3.609     0.5697      0.5697      0.5689      0.3313
49      A         B           49           HIS           95.85           268    267     98     6.043     6.032     3.609     0.5418      0.5418      0.5410      0.3079
50      A         B           50           THR           97.15           268    267     98     6.043     6.032     3.609     0.6303      0.6303      0.6295      0.3898
51      A         B           51           PRO           97.42           268    267     98     6.043     6.032     3.609     0.6430      0.6430      0.6423      0.4027
52      A         B           52           PRO           96.75           268    267     98     6.043     6.032     3.609     0.7070      0.7070      0.7063      0.4720
53      A         B           53           LEU           98.35           268    267     98     6.043     6.032     3.609     0.7542      0.7542      0.7536      0.5308
54      A         B           54           ASP           97.83           268    267     98     6.043     6.032     3.609     0.7071      0.7071      0.7064      0.4709
55      A         B           55           PRO           96.75           268    267     98     6.043     6.032     3.609     0.6570      0.6570      0.6562      0.4143
56      A         B           56           GLN           97.00           268    267     98     6.043     6.032     3.609     0.6274      0.6274      0.6266      0.3832
57      A         B           57           GLU           97.94           268    267     98     6.043     6.032     3.609     0.7138      0.7138      0.7131      0.4765
58      A         B           58           LEU           98.39           268    267     98     6.043     6.032     3.609     0.7491      0.7491      0.7484      0.5217
59      A         B           59           ASP           97.62           268    267     98     6.043     6.032     3.609     0.7291      0.7291      0.7284      0.4965
60      A         B           60           ILE           98.17           268    267     98     6.043     6.032     3.609     0.7355      0.7355      0.7348      0.5027
61      A         B           61           LEU           98.73           268    267     98     6.043     6.032     3.609     0.7826      0.7826      0.7820      0.5671
62      A         B           62           LYS           98.06           268    267     98     6.043     6.032     3.609     0.7508      0.7508      0.7502      0.5238
63      A         B           63           THR           98.41           268    267     98     6.043     6.032     3.609     0.7238      0.7238      0.7231      0.4877
64      A         B           64           VAL           98.82           268    267     98     6.043     6.032     3.609     0.7850      0.7850      0.7844      0.5700
65      A         B           65           LYS           98.81           268    267     98     6.043     6.032     3.609     0.7570      0.7570      0.7563      0.5298
66      A         B           66           GLU           98.78           268    267     98     6.043     6.032     3.609     0.8016      0.8016      0.8011      0.5934
67      A         B           67           ILE           98.95           268    267     98     6.043     6.032     3.609     0.8302      0.8302      0.8297      0.6395
68      A         B           68           THR           98.80           268    267     98     6.043     6.032     3.609     0.8034      0.8034      0.8029      0.5971
69      A         B           69           GLY           98.70           268    267     98     6.043     6.032     3.609     0.7914      0.7914      0.7908      0.5799
70      A         B           70           PHE           98.16           268    267     98     6.043     6.032     3.609     0.8269      0.8269      0.8264      0.6360
71      A         B           71           LEU           98.95           268    267     98     6.043     6.032     3.609     0.8557      0.8557      0.8553      0.6837
72      A         B           72           LEU           97.17           268    267     98     6.043     6.032     3.609     0.8389      0.8389      0.8384      0.6563
73      A         B           73           ILE           98.45           268    267     98     6.043     6.032     3.609     0.8482      0.8482      0.8477      0.6732
74      A         B           74           GLN           94.06           268    267     98     6.043     6.032     3.609     0.8212      0.8212      0.8207      0.6293
75      A         B           75           ALA           95.70           268    267     98     6.043     6.032     3.609     0.8277      0.8277      0.8272      0.6380
76      A         B           76           TRP           98.04           268    267     98     6.043     6.032     3.609     0.8039      0.8039      0.8034      0.6020
77      A         B           77           PRO           97.02           268    267     98     6.043     6.032     3.609     0.7366      0.7366      0.7359      0.5065
78      A         B           78           GLU           90.76           268    267     98     6.043     6.032     3.609     0.5476      0.5476      0.5468      0.3115
79      A         B           79           ASN           90.63           268    267     98     6.043     6.032     3.609     0.4643      0.4643      0.4635      0.2462
80      A         B           80           ARG           96.40           268    267     98     6.043     6.032     3.609     0.6288      0.6288      0.6280      0.3835
81      A         B           81           THR           94.79           268    267     98     6.043     6.032     3.609     0.5900      0.5900      0.5892      0.3451
82      A         B           82           ASP           96.44           268    267     98     6.043     6.032     3.609     0.6676      0.6676      0.6669      0.4232
83      A         B           83           LEU           98.54           268    267     98     6.043     6.032     3.609     0.7509      0.7509      0.7503      0.5244
84      A         B           84           HIS           94.28           268    267     98     6.043     6.032     3.609     0.6074      0.6074      0.6066      0.3626
85      A         B           85           ALA           98.02           268    267     98     6.043     6.032     3.609     0.7083      0.7083      0.7076      0.4698
86      A         B           86           PHE           98.89           268    267     98     6.043     6.032     3.609     0.7881      0.7881      0.7875      0.5757
87      A         B           87           GLU           97.63           268    267     98     6.043     6.032     3.609     0.7263      0.7263      0.7256      0.4927
88      A         B           88           ASN           98.73           268    267     98     6.043     6.032     3.609     0.7667      0.7667      0.7661      0.5438
89      A         B           89           LEU           98.96           268    267     98     6.043     6.032     3.609     0.8111      0.8111      0.8106      0.6092
90      A         B           90           GLU           98.88           268    267     98     6.043     6.032     3.609     0.7808      0.7808      0.7802      0.5631
91      A         B           91           ILE           98.79           268    267     98     6.043     6.032     3.609     0.7920      0.7920      0.7915      0.5791
92      A         B           92           ILE           98.97           268    267     98     6.043     6.032     3.609     0.8267      0.8267      0.8262      0.6340
93      A         B           93           ARG           98.79           268    267     98     6.043     6.032     3.609     0.7895      0.7895      0.7890      0.5756
94      A         B           94           GLY           97.94           268    267     98     6.043     6.032     3.609     0.7662      0.7662      0.7656      0.5433
95      A         B           95           ARG           96.69           268    267     98     6.043     6.032     3.609     0.7105      0.7105      0.7098      0.4715
96      A         B           96           THR           94.56           268    267     98     6.043     6.032     3.609     0.7896      0.7896      0.7891      0.5781
97      A         B           97           LYS           92.71           268    267     98     6.043     6.032     3.609     0.8113      0.8113      0.8108      0.6112
98      A         B           98           GLN           94.12           268    267     98     6.043     6.032     3.609     0.7993      0.7993      0.7988      0.5933
99      A         B           99           HIS           89.60           268    267     98     6.043     6.032     3.609     0.7947      0.7947      0.7941      0.5855
100     A         B          100           GLY           89.53           268    267     98     6.043     6.032     3.609     0.7837      0.7837      0.7831      0.5702
101     A         B          101           GLN           89.69           268    267     98     6.043     6.032     3.609     0.7681      0.7681      0.7675      0.5482
102     A         B          102           PHE           95.39           268    267     98     6.043     6.032     3.609     0.8416      0.8416      0.8411      0.6597
103     A         B          103           SER           97.79           268    267     98     6.043     6.032     3.609     0.8205      0.8205      0.8200      0.6253
104     A         B          104           LEU           98.76           268    267     98     6.043     6.032     3.609     0.8481      0.8481      0.8477      0.6709
105     A         B          105           ALA           96.84           268    267     98     6.043     6.032     3.609     0.8393      0.8393      0.8389      0.6577
106     A         B          106           VAL           98.01           268    267     98     6.043     6.032     3.609     0.8397      0.8397      0.8392      0.6578
107     A         B          107           VAL           93.13           268    267     98     6.043     6.032     3.609     0.8095      0.8095      0.8090      0.6111
108     A         B          108           SER           91.53           268    267     98     6.043     6.032     3.609     0.8077      0.8077      0.8072      0.6069
109     A         B          109           LEU           97.17           268    267     98     6.043     6.032     3.609     0.8205      0.8205      0.8200      0.6262
110     A         B          110           ASN           95.36           268    267     98     6.043     6.032     3.609     0.7687      0.7687      0.7681      0.5509
111     A         B          111           ILE           97.61           268    267     98     6.043     6.032     3.609     0.7807      0.7807      0.7802      0.5666
112     A         B          112           THR           94.60           268    267     98     6.043     6.032     3.609     0.7392      0.7392      0.7386      0.5099
113     A         B          113           SER           94.44           268    267     98     6.043     6.032     3.609     0.6773      0.6773      0.6766      0.4339
114     A         B          114           LEU           97.56           268    267     98     6.043     6.032     3.609     0.7426      0.7426      0.7420      0.5130
115     A         B          115           GLY           96.16           268    267     98     6.043     6.032     3.609     0.6424      0.6424      0.6417      0.3967
116     A         B          116           LEU           97.72           268    267     98     6.043     6.032     3.609     0.7000      0.7000      0.6993      0.4593
117     A         B          117           ARG           92.07           268    267     98     6.043     6.032     3.609     0.4952      0.4952      0.4944      0.2668
118     A         B          118           SER           98.22           268    267     98     6.043     6.032     3.609     0.7150      0.7150      0.7143      0.4756
119     A         B          119           LEU           98.19           268    267     98     6.043     6.032     3.609     0.7738      0.7738      0.7732      0.5535
120     A         B          120           LYS           97.38           268    267     98     6.043     6.032     3.609     0.6321      0.6321      0.6313      0.3845
121     A         B          121           GLU           98.43           268    267     98     6.043     6.032     3.609     0.7682      0.7682      0.7676      0.5452
122     A         B          122           ILE           98.78           268    267     98     6.043     6.032     3.609     0.8106      0.8106      0.8101      0.6089
123     A         B          123           SER           98.58           268    267     98     6.043     6.032     3.609     0.7740      0.7740      0.7734      0.5539
124     A         B          124           ASP           95.89           268    267     98     6.043     6.032     3.609     0.7947      0.7947      0.7942      0.5847
125     A         B          125           GLY           95.80           268    267     98     6.043     6.032     3.609     0.7806      0.7806      0.7800      0.5652
126     A         B          126           ASP           94.47           268    267     98     6.043     6.032     3.609     0.8207      0.8207      0.8202      0.6255
127     A         B          127           VAL           97.66           268    267     98     6.043     6.032     3.609     0.8382      0.8382      0.8378      0.6548
128     A         B          128           ILE           95.65           268    267     98     6.043     6.032     3.609     0.8400      0.8400      0.8396      0.6575
129     A         B          129           ILE           97.28           268    267     98     6.043     6.032     3.609     0.8421      0.8421      0.8417      0.6620
130     A         B          130           SER           91.11           268    267     98     6.043     6.032     3.609     0.7557      0.7557      0.7551      0.5339
131     A         B          131           GLY           91.59           268    267     98     6.043     6.032     3.609     0.7771      0.7771      0.7765      0.5625
132     A         B          132           ASN           96.23           268    267     98     6.043     6.032     3.609     0.7942      0.7942      0.7936      0.5857
133     A         B          133           LYS           92.65           268    267     98     6.043     6.032     3.609     0.7262      0.7262      0.7255      0.4947
134     A         B          134           ASN           94.72           268    267     98     6.043     6.032     3.609     0.7506      0.7506      0.7500      0.5255
135     A         B          135           LEU           96.87           268    267     98     6.043     6.032     3.609     0.7581      0.7581      0.7574      0.5341
136     A         B          136           CYS           95.04           268    267     98     6.043     6.032     3.609     0.5847      0.5847      0.5839      0.3425
137     A         B          137           TYR           88.51           268    267     98     6.043     6.032     3.609     0.4027      0.4027      0.4019      0.1971
138     A         B          138           ALA           92.79           268    267     98     6.043     6.032     3.609     0.4845      0.4845      0.4837      0.2557
139     A         B          139           ASN           86.87           268    267     98     6.043     6.032     3.609     0.4799      0.4799      0.4790      0.2522
140     A         B          140           THR           87.38           268    267     98     6.043     6.032     3.609     0.4681      0.4681      0.4673      0.2441
141     A         B          141           ILE           92.46           268    267     98     6.043     6.032     3.609     0.5895      0.5895      0.5886      0.3435
142     A         B          142           ASN           93.95           268    267     98     6.043     6.032     3.609     0.6251      0.6251      0.6243      0.3778
143     A         B          143           TRP           96.48           268    267     98     6.043     6.032     3.609     0.7270      0.7270      0.7263      0.4932
144     A         B          144           LYS           94.07           268    267     98     6.043     6.032     3.609     0.6928      0.6928      0.6920      0.4506
145     A         B          145           LYS           95.47           268    267     98     6.043     6.032     3.609     0.6567      0.6567      0.6560      0.4106
146     A         B          146           LEU           97.79           268    267     98     6.043     6.032     3.609     0.7395      0.7395      0.7388      0.5067
147     A         B          147           PHE           97.77           268    267     98     6.043     6.032     3.609     0.7496      0.7496      0.7490      0.5208
148     A         B          148           GLY           97.74           268    267     98     6.043     6.032     3.609     0.5739      0.5739      0.5730      0.3296
149     A         B          149           THR           92.16           268    267     98     6.043     6.032     3.609     0.5533      0.5533      0.5525      0.3125
150     A         B          150           SER           88.75           268    267     98     6.043     6.032     3.609     0.4901      0.4901      0.4893      0.2629
151     A         B          151           GLY           88.16           268    267     98     6.043     6.032     3.609     0.6017      0.6017      0.6009      0.3584
152     A         B          152           GLN           95.49           268    267     98     6.043     6.032     3.609     0.7267      0.7267      0.7260      0.4937
153     A         B          153           LYS           89.66           268    267     98     6.043     6.032     3.609     0.7109      0.7109      0.7102      0.4753
154     A         B          154           THR           93.52           268    267     98     6.043     6.032     3.609     0.7411      0.7411      0.7404      0.5132
155     A         B          155           LYS           91.17           268    267     98     6.043     6.032     3.609     0.7514      0.7514      0.7508      0.5258
156     A         B          156           ILE           93.56           268    267     98     6.043     6.032     3.609     0.7570      0.7570      0.7564      0.5343
157     A         B          157           ILE           86.60           268    267     98     6.043     6.032     3.609     0.6314      0.6314      0.6307      0.3899
158     A         B          158           SER           88.03           268    267     98     6.043     6.032     3.609     0.6994      0.6994      0.6987      0.4619
159     A         B          159           ASN           94.63           268    267     98     6.043     6.032     3.609     0.7301      0.7301      0.7295      0.4969
160     A         B          160           ARG           94.18           268    267     98     6.043     6.032     3.609     0.6232      0.6232      0.6224      0.3775
161     A         B          161           GLY           91.66           268    267     98     6.043     6.032     3.609     0.4768      0.4768      0.4760      0.2527
162     A         B          162           GLU           86.50           268    267     98     6.043     6.032     3.609     0.4634      0.4634      0.4625      0.2406
163     A         B          163           ASN           92.68           268    267     98     6.043     6.032     3.609     0.4021      0.4021      0.4013      0.1967
164     A         B          164           SER           92.17           268    267     98     6.043     6.032     3.609     0.4418      0.4418      0.4410      0.2236
165     A         B          165           CYS           93.70           268    267     98     6.043     6.032     3.609     0.4616      0.4616      0.4607      0.2380
166     A         B          166           LYS           91.88           268    267     98     6.043     6.032     3.609     0.4288      0.4288      0.4279      0.2146
167     A         B          167           ALA           92.99           268    267     98     6.043     6.032     3.609     0.2997      0.2997      0.2990      0.1337
168     A         B          168           THR           84.96           268    267     98     6.043     6.032     3.609     0.2048      0.2048      0.2042      0.0846
169     A         B          169           GLY           83.67           268    267     20     6.043     6.032     1.000     0.1277      0.1567      0.1563      0.0051
170     A         B          170           GLN           69.58           268    267      0     6.043     6.032     1.000     0.0864      0.0000      0.0000      0.0000
171     B         A            1           SER           73.34           268    268    170     6.043     6.043     4.861     0.3196      0.3196      0.3196      0.2373
172     B         A            2           MET           81.13           268    268    170     6.043     6.043     4.861     0.6330      0.6330      0.6330      0.5319
173     B         A            3           GLU           91.42           268    268    170     6.043     6.043     4.861     0.7321      0.7321      0.7321      0.6420
174     B         A            4           ASP           92.75           268    268    170     6.043     6.043     4.861     0.7714      0.7714      0.7714      0.6884
175     B         A            5           VAL           92.10           268    268    170     6.043     6.043     4.861     0.7884      0.7884      0.7884      0.7092
176     B         A            6           LEU           93.98           268    268    170     6.043     6.043     4.861     0.8132      0.8132      0.8132      0.7399
177     B         A            7           LEU           96.96           268    268    170     6.043     6.043     4.861     0.8295      0.8295      0.8295      0.7609
178     B         A            8           ALA           94.41           268    268    170     6.043     6.043     4.861     0.7981      0.7981      0.7981      0.7211
179     B         A            9           THR           92.46           268    268    170     6.043     6.043     4.861     0.7874      0.7874      0.7874      0.7077
180     B         A           10           VAL           95.96           268    268    170     6.043     6.043     4.861     0.7987      0.7987      0.7987      0.7218
181     B         A           11           ALA           97.03           268    268    170     6.043     6.043     4.861     0.7913      0.7913      0.7913      0.7123
182     B         A           12           THR           93.30           268    268    170     6.043     6.043     4.861     0.7653      0.7653      0.7653      0.6806
183     B         A           13           THR           91.05           268    268    170     6.043     6.043     4.861     0.7464      0.7464      0.7464      0.6582
184     B         A           14           THR           95.13           268    268    170     6.043     6.043     4.861     0.7810      0.7810      0.7810      0.6998
185     B         A           15           ALA           94.90           268    268    170     6.043     6.043     4.861     0.7674      0.7674      0.7674      0.6831
186     B         A           16           MET           89.62           268    268    170     6.043     6.043     4.861     0.6956      0.6956      0.6956      0.5992
187     B         A           17           MET           90.59           268    268    170     6.043     6.043     4.861     0.6966      0.6966      0.6966      0.6005
188     B         A           18           LEU           93.31           268    268    170     6.043     6.043     4.861     0.7241      0.7241      0.7241      0.6316
189     B         A           19           LEU           92.53           268    268    170     6.043     6.043     4.861     0.6408      0.6408      0.6408      0.5385
190     B         A           20           LYS           83.00           268    268    170     6.043     6.043     4.861     0.3167      0.3167      0.3167      0.2325
191     B         A           21           ASP           84.82           268    268    170     6.043     6.043     4.861     0.3682      0.3682      0.3682      0.2764
192     B         A           22           ALA           89.14           268    268    170     6.043     6.043     4.861     0.5329      0.5329      0.5329      0.4273
193     B         A           23           PRO           90.94           268    268    170     6.043     6.043     4.861     0.5788      0.5788      0.5788      0.4739
194     B         A           24           ARG           87.90           268    268    170     6.043     6.043     4.861     0.6395      0.6395      0.6395      0.5372
195     B         A           25           GLU           92.36           268    268    170     6.043     6.043     4.861     0.5797      0.5797      0.5797      0.4750
196     B         A           26           VAL           94.50           268    268    170     6.043     6.043     4.861     0.7168      0.7168      0.7168      0.6231
197     B         A           27           ILE           92.63           268    268    170     6.043     6.043     4.861     0.7489      0.7489      0.7489      0.6608
198     B         A           28           GLU           94.46           268    268    170     6.043     6.043     4.861     0.7200      0.7200      0.7200      0.6268
199     B         A           29           ARG           95.12           268    268    170     6.043     6.043     4.861     0.6982      0.6982      0.6982      0.6020
200     B         A           30           VAL           97.05           268    268    170     6.043     6.043     4.861     0.7764      0.7764      0.7764      0.6937
201     B         A           31           VAL           96.46           268    268    170     6.043     6.043     4.861     0.7745      0.7745      0.7745      0.6916
202     B         A           32           ARG           96.61           268    268    170     6.043     6.043     4.861     0.7378      0.7378      0.7378      0.6479
203     B         A           33           GLU           97.40           268    268    170     6.043     6.043     4.861     0.7613      0.7613      0.7613      0.6755
204     B         A           34           VAL           98.22           268    268    170     6.043     6.043     4.861     0.7900      0.7900      0.7900      0.7106
205     B         A           35           CYS           97.15           268    268    170     6.043     6.043     4.861     0.7726      0.7726      0.7726      0.6894
206     B         A           36           ARG           97.45           268    268    170     6.043     6.043     4.861     0.7310      0.7310      0.7310      0.6397
207     B         A           37           ARG           97.58           268    268    170     6.043     6.043     4.861     0.7286      0.7286      0.7286      0.6366
208     B         A           38           PHE           97.52           268    268    170     6.043     6.043     4.861     0.7535      0.7535      0.7535      0.6663
209     B         A           39           GLY           96.78           268    268    170     6.043     6.043     4.861     0.6882      0.6882      0.6882      0.5907
210     B         A           40           VAL           95.21           268    268    170     6.043     6.043     4.861     0.7323      0.7323      0.7323      0.6416
211     B         A           41           PRO           88.76           268    268    170     6.043     6.043     4.861     0.6660      0.6660      0.6660      0.5663
212     B         A           42           GLU           89.03           268    268    170     6.043     6.043     4.861     0.6510      0.6510      0.6510      0.5515
213     B         A           43           GLU           85.59           268    268    170     6.043     6.043     4.861     0.6864      0.6864      0.6864      0.5903
214     B         A           44           LEU           90.87           268    268    170     6.043     6.043     4.861     0.7482      0.7482      0.7482      0.6606
215     B         A           45           ALA           93.72           268    268    170     6.043     6.043     4.861     0.7483      0.7483      0.7483      0.6605
216     B         A           46           ASP           90.62           268    268    170     6.043     6.043     4.861     0.7422      0.7422      0.7422      0.6537
217     B         A           47           PHE           89.22           268    268    170     6.043     6.043     4.861     0.7626      0.7626      0.7626      0.6778
218     B         A           48           PHE           90.06           268    268    170     6.043     6.043     4.861     0.7820      0.7820      0.7820      0.7011
219     B         A           49           ILE           90.75           268    268    170     6.043     6.043     4.861     0.7717      0.7717      0.7717      0.6888
220     B         A           50           GLU           86.19           268    268    170     6.043     6.043     4.861     0.6975      0.6975      0.6975      0.6030
221     B         A           51           THR           81.87           268    268    170     6.043     6.043     4.861     0.6778      0.6778      0.6778      0.5809
222     B         A           52           ARG           82.04           268    268    170     6.043     6.043     4.861     0.6783      0.6783      0.6783      0.5812
223     B         A           53           PHE           81.91           268    268    170     6.043     6.043     4.861     0.6566      0.6566      0.6566      0.5572
224     B         A           54           LYS           75.90           268    268    170     6.043     6.043     4.861     0.5231      0.5231      0.5231      0.4204
225     B         A           55           HIS           68.46           268    268    170     6.043     6.043     4.861     0.4554      0.4554      0.4554      0.3564
226     B         A           56           GLY           67.93           268    268    170     6.043     6.043     4.861     0.3502      0.3502      0.3502      0.2641
227     B         A           57           PRO           67.45           268    268    170     6.043     6.043     4.861     0.3565      0.3565      0.3565      0.2678
228     B         A           58           ILE           72.07           268    268    170     6.043     6.043     4.861     0.3524      0.3524      0.3524      0.2639
229     B         A           59           GLU           72.34           268    268    170     6.043     6.043     4.861     0.3369      0.3369      0.3369      0.2504
230     B         A           60           GLU           79.16           268    268    170     6.043     6.043     4.861     0.4135      0.4135      0.4135      0.3168
231     B         A           61           ASP           86.30           268    268    170     6.043     6.043     4.861     0.4720      0.4720      0.4720      0.3705
232     B         A           62           PRO           84.61           268    268    170     6.043     6.043     4.861     0.4966      0.4966      0.4966      0.3942
233     B         A           63           ASP           87.33           268    268    170     6.043     6.043     4.861     0.5598      0.5598      0.5598      0.4559
234     B         A           64           LEU           89.95           268    268    170     6.043     6.043     4.861     0.6323      0.6323      0.6323      0.5309
235     B         A           65           GLU           91.55           268    268    170     6.043     6.043     4.861     0.6567      0.6567      0.6567      0.5587
236     B         A           66           ARG           89.08           268    268    170     6.043     6.043     4.861     0.6702      0.6702      0.6702      0.5723
237     B         A           67           THR           90.68           268    268    170     6.043     6.043     4.861     0.7283      0.7283      0.7283      0.6386
238     B         A           68           ILE           95.02           268    268    170     6.043     6.043     4.861     0.7587      0.7587      0.7587      0.6738
239     B         A           69           GLU           93.99           268    268    170     6.043     6.043     4.861     0.7340      0.7340      0.7340      0.6444
240     B         A           70           ALA           93.22           268    268    170     6.043     6.043     4.861     0.7408      0.7408      0.7408      0.6519
241     B         A           71           LEU           94.44           268    268    170     6.043     6.043     4.861     0.7755      0.7755      0.7755      0.6937
242     B         A           72           ARG           94.79           268    268    170     6.043     6.043     4.861     0.7437      0.7437      0.7437      0.6552
243     B         A           73           ARG           93.10           268    268    170     6.043     6.043     4.861     0.7103      0.7103      0.7103      0.6164
244     B         A           74           ALA           91.28           268    268    170     6.043     6.043     4.861     0.7096      0.7096      0.7096      0.6165
245     B         A           75           GLY           92.26           268    268    170     6.043     6.043     4.861     0.6550      0.6550      0.6550      0.5558
246     B         A           76           GLU           91.49           268    268    170     6.043     6.043     4.861     0.6910      0.6910      0.6910      0.5950
247     B         A           77           THR           93.44           268    268    170     6.043     6.043     4.861     0.6458      0.6458      0.6458      0.5455
248     B         A           78           GLU           95.28           268    268    170     6.043     6.043     4.861     0.6817      0.6817      0.6817      0.5839
249     B         A           79           LEU           93.90           268    268    170     6.043     6.043     4.861     0.7634      0.7634      0.7634      0.6784
250     B         A           80           ALA           95.85           268    268    170     6.043     6.043     4.861     0.7609      0.7609      0.7609      0.6751
251     B         A           81           GLU           97.45           268    268    170     6.043     6.043     4.861     0.7440      0.7440      0.7440      0.6553
252     B         A           82           ARG           96.72           268    268    170     6.043     6.043     4.861     0.7565      0.7565      0.7565      0.6698
253     B         A           83           LEU           96.88           268    268    170     6.043     6.043     4.861     0.7937      0.7937      0.7937      0.7153
254     B         A           84           GLU           96.84           268    268    170     6.043     6.043     4.861     0.7670      0.7670      0.7670      0.6826
255     B         A           85           GLU           98.30           268    268    170     6.043     6.043     4.861     0.7480      0.7480      0.7480      0.6598
256     B         A           86           ALA           98.02           268    268    170     6.043     6.043     4.861     0.7643      0.7643      0.7643      0.6791
257     B         A           87           GLU           96.62           268    268    170     6.043     6.043     4.861     0.7573      0.7573      0.7573      0.6707
258     B         A           88           ARG           98.25           268    268    170     6.043     6.043     4.861     0.7460      0.7460      0.7460      0.6573
259     B         A           89           LEU           98.42           268    268    170     6.043     6.043     4.861     0.7645      0.7645      0.7645      0.6792
260     B         A           90           THR           97.68           268    268    170     6.043     6.043     4.861     0.7607      0.7607      0.7607      0.6747
261     B         A           91           ARG           96.86           268    268    170     6.043     6.043     4.861     0.7276      0.7276      0.7276      0.6355
262     B         A           92           GLU           97.87           268    268    170     6.043     6.043     4.861     0.7098      0.7098      0.7098      0.6150
263     B         A           93           LEU           97.49           268    268    170     6.043     6.043     4.861     0.7082      0.7082      0.7082      0.6129
264     B         A           94           ALA           96.16           268    268    170     6.043     6.043     4.861     0.6323      0.6323      0.6323      0.5288
265     B         A           95           GLU           94.89           268    268    170     6.043     6.043     4.861     0.5492      0.5492      0.5492      0.4434
266     B         A           96           GLU           87.06           268    268    170     6.043     6.043     4.861     0.3026      0.3026      0.3026      0.2208
267     B         A           97           ALA           87.67           268    268    170     6.043     6.043     4.861     0.2376      0.2376      0.2376      0.1685
268     B         A           98           LYS           75.78           268    268      5     6.043     6.043     1.000     0.1026      0.1542      0.1542      0.0050
