i   AlignChn ScoredChain  AlignResNum  AlignResType  AlignRespLDDT      n0chn  n0dom  n0res    d0chn     d0dom     d0res   ipTM_pae  ipSAE_d0chn ipSAE_d0dom    ipSAE 
1       A         B            1           LYS           92.17           268    267     98     6.043     6.032     3.609     0.3168      0.3168      0.3161      0.1435
2       A         B            2           VAL           97.51           268    267     98     6.043     6.032     3.609     0.7089      0.7089      0.7082      0.4705
3       A         B            3           CYS           97.29           268    267     98     6.043     6.032     3.609     0.7772      0.7772      0.7767      0.5601
4       A         B            4           ASN           97.28           268    267     98     6.043     6.032     3.609     0.8033      0.8033      0.8027      0.5979
5       A         B            5           GLY           98.21           268    267     98     6.043     6.032     3.609     0.7699      0.7699      0.7693      0.5535
6       A         B            6           ILE           95.98           268    267     98     6.043     6.032     3.609     0.7684      0.7684      0.7678      0.5517
7       A         B            7           GLY           92.35           268    267     98     6.043     6.032     3.609     0.6197      0.6197      0.6189      0.3771
8       A         B            8           ILE           89.69           268    267     98     6.043     6.032     3.609     0.6278      0.6278      0.6270      0.3861
9       A         B            9           GLY           93.85           268    267     98     6.043     6.032     3.609     0.5456      0.5456      0.5448      0.3058
10      A         B           10           GLU           88.03           268    267     98     6.043     6.032     3.609     0.5356      0.5356      0.5348      0.3016
11      A         B           11           PHE           95.39           268    267     98     6.043     6.032     3.609     0.6885      0.6885      0.6878      0.4503
12      A         B           12           LYS           91.52           268    267     98     6.043     6.032     3.609     0.5484      0.5484      0.5476      0.3146
13      A         B           13           ASP           88.81           268    267     98     6.043     6.032     3.609     0.5589      0.5589      0.5582      0.3322
14      A         B           14           THR           93.73           268    267     98     6.043     6.032     3.609     0.7256      0.7256      0.7249      0.5008
15      A         B           15           LEU           93.75           268    267     98     6.043     6.032     3.609     0.7860      0.7860      0.7855      0.5777
16      A         B           16           SER           95.75           268    267     98     6.043     6.032     3.609     0.8269      0.8269      0.8264      0.6392
17      A         B           17           ILE           97.21           268    267     98     6.043     6.032     3.609     0.8418      0.8418      0.8414      0.6616
18      A         B           18           ASN           95.14           268    267     98     6.043     6.032     3.609     0.8269      0.8269      0.8264      0.6369
19      A         B           19           ALA           97.10           268    267     98     6.043     6.032     3.609     0.8151      0.8151      0.8146      0.6193
20      A         B           20           THR           94.52           268    267     98     6.043     6.032     3.609     0.7135      0.7135      0.7128      0.4822
21      A         B           21           ASN           96.16           268    267     98     6.043     6.032     3.609     0.7923      0.7923      0.7917      0.5851
22      A         B           22           ILE           97.27           268    267     98     6.043     6.032     3.609     0.7867      0.7867      0.7861      0.5761
23      A         B           23           LYS           94.32           268    267     98     6.043     6.032     3.609     0.6732      0.6732      0.6725      0.4360
24      A         B           24           HIS           94.65           268    267     98     6.043     6.032     3.609     0.6514      0.6514      0.6507      0.4091
25      A         B           25           PHE           97.83           268    267     98     6.043     6.032     3.609     0.7779      0.7779      0.7773      0.5619
26      A         B           26           LYS           96.33           268    267     98     6.043     6.032     3.609     0.7263      0.7263      0.7256      0.4935
27      A         B           27           TYR           97.34           268    267     98     6.043     6.032     3.609     0.6239      0.6239      0.6231      0.3775
28      A         B           28           CYS           97.99           268    267     98     6.043     6.032     3.609     0.7463      0.7463      0.7456      0.5172
29      A         B           29           THR           97.98           268    267     98     6.043     6.032     3.609     0.7663      0.7663      0.7657      0.5431
30      A         B           30           ALA           98.51           268    267     98     6.043     6.032     3.609     0.8225      0.8225      0.8220      0.6263
31      A         B           31           ILE           98.64           268    267     98     6.043     6.032     3.609     0.8445      0.8445      0.8440      0.6631
32      A         B           32           SER           97.67           268    267     98     6.043     6.032     3.609     0.8000      0.8000      0.7995      0.5920
33      A         B           33           GLY           97.85           268    267     98     6.043     6.032     3.609     0.8121      0.8121      0.8115      0.6126
34      A         B           34           ASP           97.22           268    267     98     6.043     6.032     3.609     0.8402      0.8402      0.8398      0.6578
35      A         B           35           LEU           98.27           268    267     98     6.043     6.032     3.609     0.8497      0.8497      0.8492      0.6745
36      A         B           36           HIS           95.54           268    267     98     6.043     6.032     3.609     0.8308      0.8308      0.8303      0.6455
37      A         B           37           ILE           97.92           268    267     98     6.043     6.032     3.609     0.8760      0.8760      0.8756      0.7227
38      A         B           38           LEU           94.83           268    267     98     6.043     6.032     3.609     0.8758      0.8758      0.8754      0.7226
39      A         B           39           PRO           91.72           268    267     98     6.043     6.032     3.609     0.8437      0.8437      0.8433      0.6659
40      A         B           40           VAL           92.84           268    267     98     6.043     6.032     3.609     0.8331      0.8331      0.8326      0.6498
41      A         B           41           ALA           96.45           268    267     98     6.043     6.032     3.609     0.8455      0.8455      0.8451      0.6690
42      A         B           42           PHE           95.97           268    267     98     6.043     6.032     3.609     0.8267      0.8267      0.8262      0.6394
43      A         B           43           LYS           93.00           268    267     98     6.043     6.032     3.609     0.7506      0.7506      0.7500      0.5318
44      A         B           44           GLY           94.51           268    267     98     6.043     6.032     3.609     0.6594      0.6594      0.6587      0.4264
45      A         B           45           ASP           91.57           268    267     98     6.043     6.032     3.609     0.6513      0.6513      0.6506      0.4175
46      A         B           46           SER           84.96           268    267     98     6.043     6.032     3.609     0.4976      0.4976      0.4968      0.2771
47      A         B           47           PHE           88.92           268    267     98     6.043     6.032     3.609     0.6314      0.6314      0.6307      0.3946
48      A         B           48           THR           91.02           268    267     98     6.043     6.032     3.609     0.6554      0.6554      0.6547      0.4174
49      A         B           49           ARG           94.19           268    267     98     6.043     6.032     3.609     0.5999      0.5999      0.5991      0.3630
50      A         B           50           THR           95.13           268    267     98     6.043     6.032     3.609     0.7099      0.7099      0.7092      0.4796
51      A         B           51           PRO           96.13           268    267     98     6.043     6.032     3.609     0.7025      0.7025      0.7019      0.4707
52      A         B           52           PRO           95.73           268    267     98     6.043     6.032     3.609     0.7687      0.7687      0.7681      0.5529
53      A         B           53           LEU           97.64           268    267     98     6.043     6.032     3.609     0.8120      0.8120      0.8115      0.6147
54      A         B           54           ASP           97.03           268    267     98     6.043     6.032     3.609     0.7664      0.7664      0.7658      0.5480
55      A         B           55           PRO           96.52           268    267     98     6.043     6.032     3.609     0.7122      0.7122      0.7115      0.4785
56      A         B           56           ARG           96.70           268    267     98     6.043     6.032     3.609     0.6976      0.6976      0.6969      0.4607
57      A         B           57           GLU           97.57           268    267     98     6.043     6.032     3.609     0.7881      0.7881      0.7875      0.5760
58      A         B           58           LEU           98.15           268    267     98     6.043     6.032     3.609     0.8129      0.8129      0.8124      0.6134
59      A         B           59           GLU           97.25           268    267     98     6.043     6.032     3.609     0.7683      0.7683      0.7677      0.5495
60      A         B           60           ILE           97.64           268    267     98     6.043     6.032     3.609     0.7831      0.7831      0.7826      0.5679
61      A         B           61           LEU           98.53           268    267     98     6.043     6.032     3.609     0.8312      0.8312      0.8307      0.6418
62      A         B           62           LYS           97.88           268    267     98     6.043     6.032     3.609     0.7964      0.7964      0.7959      0.5887
63      A         B           63           THR           98.04           268    267     98     6.043     6.032     3.609     0.7620      0.7620      0.7613      0.5381
64      A         B           64           VAL           98.69           268    267     98     6.043     6.032     3.609     0.8354      0.8354      0.8349      0.6480
65      A         B           65           LYS           98.64           268    267     98     6.043     6.032     3.609     0.7905      0.7905      0.7900      0.5774
66      A         B           66           GLU           98.68           268    267     98     6.043     6.032     3.609     0.8481      0.8481      0.8476      0.6684
67      A         B           67           ILE           98.89           268    267     98     6.043     6.032     3.609     0.8771      0.8771      0.8767      0.7208
68      A         B           68           THR           98.51           268    267     98     6.043     6.032     3.609     0.8519      0.8519      0.8515      0.6756
69      A         B           69           GLY           98.35           268    267     98     6.043     6.032     3.609     0.8487      0.8487      0.8483      0.6708
70      A         B           70           PHE           97.83           268    267     98     6.043     6.032     3.609     0.8800      0.8800      0.8797      0.7276
71      A         B           71           LEU           98.89           268    267     98     6.043     6.032     3.609     0.8988      0.8988      0.8985      0.7636
72      A         B           72           LEU           96.64           268    267     98     6.043     6.032     3.609     0.8883      0.8883      0.8880      0.7440
73      A         B           73           ILE           98.33           268    267     98     6.043     6.032     3.609     0.8927      0.8927      0.8924      0.7533
74      A         B           74           GLN           93.75           268    267     98     6.043     6.032     3.609     0.8710      0.8710      0.8706      0.7136
75      A         B           75           ALA           95.36           268    267     98     6.043     6.032     3.609     0.8750      0.8750      0.8746      0.7192
76      A         B           76           TRP           97.94           268    267     98     6.043     6.032     3.609     0.8590      0.8590      0.8586      0.6914
77      A         B           77           PRO           96.95           268    267     98     6.043     6.032     3.609     0.7930      0.7930      0.7925      0.5845
78      A         B           78           ASP           89.70           268    267     98     6.043     6.032     3.609     0.6162      0.6162      0.6154      0.3758
79      A         B           79           ASN           91.17           268    267     98     6.043     6.032     3.609     0.5572      0.5572      0.5564      0.3235
80      A         B           80           TRP           97.21           268    267     98     6.043     6.032     3.609     0.7716      0.7716      0.7710      0.5539
81      A         B           81           THR           94.39           268    267     98     6.043     6.032     3.609     0.6879      0.6879      0.6871      0.4470
82      A         B           82           ASP           96.60           268    267     98     6.043     6.032     3.609     0.7667      0.7667      0.7661      0.5456
83      A         B           83           LEU           98.61           268    267     98     6.043     6.032     3.609     0.8388      0.8388      0.8384      0.6549
84      A         B           84           HIS           96.77           268    267     98     6.043     6.032     3.609     0.7610      0.7610      0.7604      0.5380
85      A         B           85           ALA           97.88           268    267     98     6.043     6.032     3.609     0.7858      0.7858      0.7853      0.5722
86      A         B           86           PHE           98.83           268    267     98     6.043     6.032     3.609     0.8467      0.8467      0.8462      0.6678
87      A         B           87           GLU           97.71           268    267     98     6.043     6.032     3.609     0.7832      0.7832      0.7827      0.5696
88      A         B           88           ASN           98.56           268    267     98     6.043     6.032     3.609     0.8207      0.8207      0.8202      0.6243
89      A         B           89           LEU           98.92           268    267     98     6.043     6.032     3.609     0.8617      0.8617      0.8613      0.6929
90      A         B           90           GLU           98.78           268    267     98     6.043     6.032     3.609     0.8285      0.8285      0.8280      0.6363
91      A         B           91           ILE           98.69           268    267     98     6.043     6.032     3.609     0.8460      0.8460      0.8456      0.6649
92      A         B           92           ILE           98.93           268    267     98     6.043     6.032     3.609     0.8780      0.8780      0.8776      0.7226
93      A         B           93           ARG           98.57           268    267     98     6.043     6.032     3.609     0.8403      0.8403      0.8399      0.6554
94      A         B           94           GLY           97.64           268    267     98     6.043     6.032     3.609     0.8179      0.8179      0.8174      0.6198
95      A         B           95           ARG           95.77           268    267     98     6.043     6.032     3.609     0.7642      0.7642      0.7636      0.5412
96      A         B           96           THR           93.83           268    267     98     6.043     6.032     3.609     0.8445      0.8445      0.8440      0.6641
97      A         B           97           LYS           92.56           268    267     98     6.043     6.032     3.609     0.8635      0.8635      0.8631      0.6975
98      A         B           98           GLN           93.51           268    267     98     6.043     6.032     3.609     0.8504      0.8504      0.8499      0.6748
99      A         B           99           HIS           89.44           268    267     98     6.043     6.032     3.609     0.8453      0.8453      0.8448      0.6654
100     A         B          100           GLY           90.04           268    267     98     6.043     6.032     3.609     0.8380      0.8380      0.8376      0.6542
101     A         B          101           GLN           90.12           268    267     98     6.043     6.032     3.609     0.8220      0.8220      0.8215      0.6290
102     A         B          102           PHE           95.54           268    267     98     6.043     6.032     3.609     0.8915      0.8915      0.8911      0.7493
103     A         B          103           SER           97.52           268    267     98     6.043     6.032     3.609     0.8699      0.8699      0.8695      0.7088
104     A         B          104           LEU           98.65           268    267     98     6.043     6.032     3.609     0.8961      0.8961      0.8958      0.7582
105     A         B          105           ALA           96.55           268    267     98     6.043     6.032     3.609     0.8878      0.8878      0.8875      0.7434
106     A         B          106           VAL           97.99           268    267     98     6.043     6.032     3.609     0.8902      0.8902      0.8899      0.7478
107     A         B          107           VAL           93.59           268    267     98     6.043     6.032     3.609     0.8545      0.8545      0.8541      0.6845
108     A         B          108           GLY           93.92           268    267     98     6.043     6.032     3.609     0.8484      0.8484      0.8480      0.6722
109     A         B          109           LEU           97.02           268    267     98     6.043     6.032     3.609     0.8726      0.8726      0.8722      0.7145
110     A         B          110           ASN           94.68           268    267     98     6.043     6.032     3.609     0.8280      0.8280      0.8275      0.6394
111     A         B          111           ILE           97.47           268    267     98     6.043     6.032     3.609     0.8425      0.8425      0.8420      0.6622
112     A         B          112           THR           93.18           268    267     98     6.043     6.032     3.609     0.8055      0.8055      0.8050      0.6031
113     A         B          113           SER           93.14           268    267     98     6.043     6.032     3.609     0.7227      0.7227      0.7220      0.4880
114     A         B          114           LEU           97.54           268    267     98     6.043     6.032     3.609     0.8072      0.8072      0.8067      0.6043
115     A         B          115           GLY           96.32           268    267     98     6.043     6.032     3.609     0.7100      0.7100      0.7093      0.4725
116     A         B          116           LEU           97.68           268    267     98     6.043     6.032     3.609     0.7617      0.7617      0.7611      0.5375
117     A         B          117           ARG           92.05           268    267     98     6.043     6.032     3.609     0.5448      0.5448      0.5439      0.3087
118     A         B          118           SER           98.00           268    267     98     6.043     6.032     3.609     0.7662      0.7662      0.7656      0.5423
119     A         B          119           LEU           98.11           268    267     98     6.043     6.032     3.609     0.8257      0.8257      0.8252      0.6315
120     A         B          120           LYS           97.09           268    267     98     6.043     6.032     3.609     0.6902      0.6902      0.6895      0.4477
121     A         B          121           GLU           98.35           268    267     98     6.043     6.032     3.609     0.8224      0.8224      0.8219      0.6262
122     A         B          122           ILE           98.69           268    267     98     6.043     6.032     3.609     0.8631      0.8631      0.8627      0.6955
123     A         B          123           SER           98.29           268    267     98     6.043     6.032     3.609     0.8246      0.8246      0.8241      0.6302
124     A         B          124           ASP           95.40           268    267     98     6.043     6.032     3.609     0.8440      0.8440      0.8435      0.6627
125     A         B          125           GLY           95.64           268    267     98     6.043     6.032     3.609     0.8309      0.8309      0.8304      0.6422
126     A         B          126           ASP           95.09           268    267     98     6.043     6.032     3.609     0.8725      0.8725      0.8721      0.7134
127     A         B          127           VAL           97.45           268    267     98     6.043     6.032     3.609     0.8884      0.8884      0.8881      0.7437
128     A         B          128           ILE           95.71           268    267     98     6.043     6.032     3.609     0.8874      0.8874      0.8870      0.7418
129     A         B          129           ILE           97.19           268    267     98     6.043     6.032     3.609     0.8875      0.8875      0.8872      0.7425
130     A         B          130           SER           92.29           268    267     98     6.043     6.032     3.609     0.8029      0.8029      0.8024      0.6019
131     A         B          131           GLY           91.94           268    267     98     6.043     6.032     3.609     0.8208      0.8208      0.8203      0.6279
132     A         B          132           ASN           95.95           268    267     98     6.043     6.032     3.609     0.8461      0.8461      0.8457      0.6679
133     A         B          133           ARG           91.80           268    267     98     6.043     6.032     3.609     0.7806      0.7806      0.7800      0.5676
134     A         B          134           ASN           93.21           268    267     98     6.043     6.032     3.609     0.8077      0.8077      0.8072      0.6070
135     A         B          135           LEU           96.01           268    267     98     6.043     6.032     3.609     0.8250      0.8250      0.8245      0.6326
136     A         B          136           CYS           92.63           268    267     98     6.043     6.032     3.609     0.6832      0.6832      0.6825      0.4447
137     A         B          137           TYR           87.69           268    267     98     6.043     6.032     3.609     0.4890      0.4890      0.4881      0.2588
138     A         B          138           ALA           92.01           268    267     98     6.043     6.032     3.609     0.5685      0.5685      0.5676      0.3256
139     A         B          139           ASN           81.69           268    267     98     6.043     6.032     3.609     0.5122      0.5122      0.5114      0.2783
140     A         B          140           THR           86.27           268    267     98     6.043     6.032     3.609     0.5120      0.5120      0.5111      0.2782
141     A         B          141           ILE           93.21           268    267     98     6.043     6.032     3.609     0.6713      0.6713      0.6705      0.4268
142     A         B          142           ASN           94.02           268    267     98     6.043     6.032     3.609     0.6843      0.6843      0.6835      0.4411
143     A         B          143           TRP           96.63           268    267     98     6.043     6.032     3.609     0.7834      0.7834      0.7828      0.5688
144     A         B          144           LYS           94.11           268    267     98     6.043     6.032     3.609     0.7404      0.7404      0.7397      0.5097
145     A         B          145           LYS           95.52           268    267     98     6.043     6.032     3.609     0.7263      0.7263      0.7256      0.4916
146     A         B          146           LEU           97.47           268    267     98     6.043     6.032     3.609     0.7968      0.7968      0.7963      0.5868
147     A         B          147           PHE           97.72           268    267     98     6.043     6.032     3.609     0.8080      0.8080      0.8074      0.6041
148     A         B          148           GLY           97.34           268    267     98     6.043     6.032     3.609     0.6494      0.6494      0.6487      0.4037
149     A         B          149           THR           91.97           268    267     98     6.043     6.032     3.609     0.6564      0.6564      0.6557      0.4124
150     A         B          150           PRO           91.73           268    267     98     6.043     6.032     3.609     0.6217      0.6217      0.6210      0.3794
151     A         B          151           ASN           84.76           268    267     98     6.043     6.032     3.609     0.6672      0.6672      0.6665      0.4275
152     A         B          152           GLN           95.07           268    267     98     6.043     6.032     3.609     0.7919      0.7919      0.7913      0.5820
153     A         B          153           LYS           89.36           268    267     98     6.043     6.032     3.609     0.7376      0.7376      0.7369      0.5104
154     A         B          154           THR           93.78           268    267     98     6.043     6.032     3.609     0.7827      0.7827      0.7821      0.5707
155     A         B          155           LYS           91.49           268    267     98     6.043     6.032     3.609     0.8082      0.8082      0.8077      0.6070
156     A         B          156           ILE           93.62           268    267     98     6.043     6.032     3.609     0.8057      0.8057      0.8052      0.6042
157     A         B          157           MET           87.94           268    267     98     6.043     6.032     3.609     0.6471      0.6471      0.6463      0.4077
158     A         B          158           ASN           88.21           268    267     98     6.043     6.032     3.609     0.7664      0.7664      0.7658      0.5476
159     A         B          159           ASN           94.06           268    267     98     6.043     6.032     3.609     0.7950      0.7950      0.7944      0.5860
160     A         B          160           ARG           91.56           268    267     98     6.043     6.032     3.609     0.7256      0.7256      0.7249      0.4924
161     A         B          161           ALA           88.76           268    267     98     6.043     6.032     3.609     0.6031      0.6031      0.6023      0.3608
162     A         B          162           GLU           83.00           268    267     98     6.043     6.032     3.609     0.5561      0.5561      0.5553      0.3160
163     A         B          163           LYS           87.53           268    267     98     6.043     6.032     3.609     0.5030      0.5030      0.5022      0.2702
164     A         B          164           ASP           87.42           268    267     98     6.043     6.032     3.609     0.5161      0.5161      0.5153      0.2799
165     A         B          165           CYS           88.27           268    267     98     6.043     6.032     3.609     0.5105      0.5105      0.5097      0.2760
166     A         B          166           LYS           80.86           268    267     98     6.043     6.032     3.609     0.4203      0.4203      0.4195      0.2089
167     A         B          167           ALA           74.32           268    267     98     6.043     6.032     3.609     0.2895      0.2895      0.2888      0.1279
168     A         B          168           VAL           65.70           268    267     96     6.043     6.032     3.565     0.1902      0.1913      0.1908      0.0765
169     A         B          169           ASN           53.76           268    267      1     6.043     6.032     1.000     0.0939      0.1451      0.1447      0.0046
170     A         B          170           HIS           40.79           268    267      0     6.043     6.032     1.000     0.0610      0.0000      0.0000      0.0000
171     B         A            1           SER           74.58           268    268    170     6.043     6.043     4.861     0.2833      0.2833      0.2833      0.2077
172     B         A            2           MET           81.95           268    268    170     6.043     6.043     4.861     0.6489      0.6489      0.6489      0.5500
173     B         A            3           GLU           91.43           268    268    170     6.043     6.043     4.861     0.7719      0.7719      0.7719      0.6900
174     B         A            4           ASP           93.44           268    268    170     6.043     6.043     4.861     0.8148      0.8148      0.8148      0.7427
175     B         A            5           VAL           93.24           268    268    170     6.043     6.043     4.861     0.8424      0.8424      0.8424      0.7779
176     B         A            6           LEU           94.32           268    268    170     6.043     6.043     4.861     0.8626      0.8626      0.8626      0.8043
177     B         A            7           LEU           96.91           268    268    170     6.043     6.043     4.861     0.8767      0.8767      0.8767      0.8233
178     B         A            8           ALA           94.98           268    268    170     6.043     6.043     4.861     0.8476      0.8476      0.8476      0.7847
179     B         A            9           THR           92.57           268    268    170     6.043     6.043     4.861     0.8342      0.8342      0.8342      0.7673
180     B         A           10           VAL           95.51           268    268    170     6.043     6.043     4.861     0.8509      0.8509      0.8509      0.7890
181     B         A           11           ALA           96.77           268    268    170     6.043     6.043     4.861     0.8456      0.8456      0.8456      0.7819
182     B         A           12           THR           93.56           268    268    170     6.043     6.043     4.861     0.8234      0.8234      0.8234      0.7533
183     B         A           13           THR           91.66           268    268    170     6.043     6.043     4.861     0.8100      0.8100      0.8100      0.7364
184     B         A           14           THR           94.93           268    268    170     6.043     6.043     4.861     0.8419      0.8419      0.8419      0.7771
185     B         A           15           ALA           94.62           268    268    170     6.043     6.043     4.861     0.8234      0.8234      0.8234      0.7532
186     B         A           16           MET           90.06           268    268    170     6.043     6.043     4.861     0.7460      0.7460      0.7460      0.6581
187     B         A           17           MET           90.74           268    268    170     6.043     6.043     4.861     0.7592      0.7592      0.7592      0.6740
188     B         A           18           LEU           93.01           268    268    170     6.043     6.043     4.861     0.7863      0.7863      0.7863      0.7066
189     B         A           19           LEU           91.82           268    268    170     6.043     6.043     4.861     0.6858      0.6858      0.6858      0.5886
190     B         A           20           LYS           82.84           268    268    170     6.043     6.043     4.861     0.3446      0.3446      0.3446      0.2561
191     B         A           21           ASP           81.82           268    268    170     6.043     6.043     4.861     0.3674      0.3674      0.3674      0.2763
192     B         A           22           ALA           85.83           268    268    170     6.043     6.043     4.861     0.5556      0.5556      0.5556      0.4502
193     B         A           23           PRO           88.80           268    268    170     6.043     6.043     4.861     0.6041      0.6041      0.6041      0.5006
194     B         A           24           ARG           86.65           268    268    170     6.043     6.043     4.861     0.6842      0.6842      0.6842      0.5868
195     B         A           25           GLU           91.37           268    268    170     6.043     6.043     4.861     0.6264      0.6264      0.6264      0.5243
196     B         A           26           VAL           93.27           268    268    170     6.043     6.043     4.861     0.7594      0.7594      0.7594      0.6738
197     B         A           27           ILE           92.26           268    268    170     6.043     6.043     4.861     0.7948      0.7948      0.7948      0.7170
198     B         A           28           GLU           94.05           268    268    170     6.043     6.043     4.861     0.7679      0.7679      0.7679      0.6841
199     B         A           29           ARG           95.23           268    268    170     6.043     6.043     4.861     0.7362      0.7362      0.7362      0.6465
200     B         A           30           VAL           96.76           268    268    170     6.043     6.043     4.861     0.8256      0.8256      0.8256      0.7557
201     B         A           31           VAL           96.37           268    268    170     6.043     6.043     4.861     0.8292      0.8292      0.8292      0.7606
202     B         A           32           ARG           96.54           268    268    170     6.043     6.043     4.861     0.7922      0.7922      0.7922      0.7141
203     B         A           33           GLU           97.28           268    268    170     6.043     6.043     4.861     0.8131      0.8131      0.8131      0.7400
204     B         A           34           VAL           98.13           268    268    170     6.043     6.043     4.861     0.8382      0.8382      0.8382      0.7721
205     B         A           35           CYS           97.30           268    268    170     6.043     6.043     4.861     0.8215      0.8215      0.8215      0.7508
206     B         A           36           ARG           97.23           268    268    170     6.043     6.043     4.861     0.7759      0.7759      0.7759      0.6940
207     B         A           37           ARG           97.17           268    268    170     6.043     6.043     4.861     0.7718      0.7718      0.7718      0.6887
208     B         A           38           PHE           97.36           268    268    170     6.043     6.043     4.861     0.8051      0.8051      0.8051      0.7298
209     B         A           39           GLY           96.64           268    268    170     6.043     6.043     4.861     0.7308      0.7308      0.7308      0.6403
210     B         A           40           VAL           95.37           268    268    170     6.043     6.043     4.861     0.7759      0.7759      0.7759      0.6941
211     B         A           41           PRO           89.99           268    268    170     6.043     6.043     4.861     0.7101      0.7101      0.7101      0.6167
212     B         A           42           GLU           89.65           268    268    170     6.043     6.043     4.861     0.6860      0.6860      0.6860      0.5911
213     B         A           43           GLU           88.11           268    268    170     6.043     6.043     4.861     0.7415      0.7415      0.7415      0.6544
214     B         A           44           LEU           91.97           268    268    170     6.043     6.043     4.861     0.7952      0.7952      0.7952      0.7182
215     B         A           45           ALA           94.04           268    268    170     6.043     6.043     4.861     0.8008      0.8008      0.8008      0.7250
216     B         A           46           ASP           91.97           268    268    170     6.043     6.043     4.861     0.7938      0.7938      0.7938      0.7167
217     B         A           47           PHE           91.51           268    268    170     6.043     6.043     4.861     0.8196      0.8196      0.8196      0.7488
218     B         A           48           PHE           91.34           268    268    170     6.043     6.043     4.861     0.8369      0.8369      0.8369      0.7709
219     B         A           49           ILE           91.59           268    268    170     6.043     6.043     4.861     0.8284      0.8284      0.8284      0.7599
220     B         A           50           GLU           88.00           268    268    170     6.043     6.043     4.861     0.7649      0.7649      0.7649      0.6821
221     B         A           51           THR           82.86           268    268    170     6.043     6.043     4.861     0.7490      0.7490      0.7490      0.6633
222     B         A           52           ARG           82.95           268    268    170     6.043     6.043     4.861     0.7639      0.7639      0.7639      0.6804
223     B         A           53           PHE           82.96           268    268    170     6.043     6.043     4.861     0.7593      0.7593      0.7593      0.6746
224     B         A           54           LYS           79.15           268    268    170     6.043     6.043     4.861     0.6635      0.6635      0.6635      0.5653
225     B         A           55           HIS           70.99           268    268    170     6.043     6.043     4.861     0.6297      0.6297      0.6297      0.5291
226     B         A           56           GLY           73.43           268    268    170     6.043     6.043     4.861     0.5255      0.5255      0.5255      0.4235
227     B         A           57           PRO           69.24           268    268    170     6.043     6.043     4.861     0.4706      0.4706      0.4706      0.3704
228     B         A           58           ILE           73.31           268    268    170     6.043     6.043     4.861     0.4411      0.4411      0.4411      0.3425
229     B         A           59           GLU           72.71           268    268    170     6.043     6.043     4.861     0.3956      0.3956      0.3956      0.3013
230     B         A           60           GLU           78.65           268    268    170     6.043     6.043     4.861     0.4721      0.4721      0.4721      0.3708
231     B         A           61           ASP           85.97           268    268    170     6.043     6.043     4.861     0.5300      0.5300      0.5300      0.4264
232     B         A           62           PRO           82.02           268    268    170     6.043     6.043     4.861     0.5331      0.5331      0.5331      0.4305
233     B         A           63           ASP           85.61           268    268    170     6.043     6.043     4.861     0.5944      0.5944      0.5944      0.4919
234     B         A           64           LEU           89.55           268    268    170     6.043     6.043     4.861     0.6797      0.6797      0.6797      0.5839
235     B         A           65           GLU           89.82           268    268    170     6.043     6.043     4.861     0.6947      0.6947      0.6947      0.6026
236     B         A           66           ARG           87.84           268    268    170     6.043     6.043     4.861     0.7274      0.7274      0.7274      0.6384
237     B         A           67           THR           90.13           268    268    170     6.043     6.043     4.861     0.7860      0.7860      0.7860      0.7086
238     B         A           68           ILE           94.49           268    268    170     6.043     6.043     4.861     0.8257      0.8257      0.8257      0.7574
239     B         A           69           GLU           92.37           268    268    170     6.043     6.043     4.861     0.8051      0.8051      0.8051      0.7315
240     B         A           70           ALA           91.48           268    268    170     6.043     6.043     4.861     0.8130      0.8130      0.8130      0.7408
241     B         A           71           LEU           93.47           268    268    170     6.043     6.043     4.861     0.8379      0.8379      0.8379      0.7727
242     B         A           72           ARG           93.53           268    268    170     6.043     6.043     4.861     0.8126      0.8126      0.8126      0.7402
243     B         A           73           ARG           91.39           268    268    170     6.043     6.043     4.861     0.7904      0.7904      0.7904      0.7127
244     B         A           74           ALA           91.00           268    268    170     6.043     6.043     4.861     0.7780      0.7780      0.7780      0.6980
245     B         A           75           GLY           91.39           268    268    170     6.043     6.043     4.861     0.7178      0.7178      0.7178      0.6277
246     B         A           76           GLU           90.65           268    268    170     6.043     6.043     4.861     0.7476      0.7476      0.7476      0.6615
247     B         A           77           THR           91.83           268    268    170     6.043     6.043     4.861     0.6749      0.6749      0.6749      0.5794
248     B         A           78           GLU           94.38           268    268    170     6.043     6.043     4.861     0.7329      0.7329      0.7329      0.6435
249     B         A           79           LEU           93.42           268    268    170     6.043     6.043     4.861     0.8150      0.8150      0.8150      0.7428
250     B         A           80           ALA           95.12           268    268    170     6.043     6.043     4.861     0.8216      0.8216      0.8216      0.7509
251     B         A           81           GLU           96.98           268    268    170     6.043     6.043     4.861     0.7987      0.7987      0.7987      0.7228
252     B         A           82           ARG           96.27           268    268    170     6.043     6.043     4.861     0.8148      0.8148      0.8148      0.7423
253     B         A           83           LEU           96.50           268    268    170     6.043     6.043     4.861     0.8530      0.8530      0.8530      0.7916
254     B         A           84           GLU           96.69           268    268    170     6.043     6.043     4.861     0.8321      0.8321      0.8321      0.7645
255     B         A           85           GLU           98.04           268    268    170     6.043     6.043     4.861     0.8108      0.8108      0.8108      0.7374
256     B         A           86           ALA           97.72           268    268    170     6.043     6.043     4.861     0.8303      0.8303      0.8303      0.7619
257     B         A           87           GLU           96.34           268    268    170     6.043     6.043     4.861     0.8241      0.8241      0.8241      0.7540
258     B         A           88           ARG           97.98           268    268    170     6.043     6.043     4.861     0.8104      0.8104      0.8104      0.7367
259     B         A           89           LEU           98.29           268    268    170     6.043     6.043     4.861     0.8317      0.8317      0.8317      0.7637
260     B         A           90           THR           97.38           268    268    170     6.043     6.043     4.861     0.8262      0.8262      0.8262      0.7566
261     B         A           91           ARG           96.59           268    268    170     6.043     6.043     4.861     0.7992      0.7992      0.7992      0.7224
262     B         A           92           GLU           97.81           268    268    170     6.043     6.043     4.861     0.7823      0.7823      0.7823      0.7017
263     B         A           93           LEU           97.39           268    268    170     6.043     6.043     4.861     0.7860      0.7860      0.7860      0.7060
264     B         A           94           ALA           95.68           268    268    170     6.043     6.043     4.861     0.7160      0.7160      0.7160      0.6224
265     B         A           95           GLU           94.99           268    268    170     6.043     6.043     4.861     0.6769      0.6769      0.6769      0.5782
266     B         A           96           GLU           93.50           268    268    170     6.043     6.043     4.861     0.5648      0.5648      0.5648      0.4592
267     B         A           97           ALA           89.59           268    268    170     6.043     6.043     4.861     0.3551      0.3551      0.3551      0.2641
268     B         A           98           LYS           78.73           268    268     90     6.043     6.043     3.429     0.1471      0.1680      0.1680      0.0612
