i   AlignChn ScoredChain  AlignResNum  AlignResType  AlignRespLDDT      n0chn  n0dom  n0res    d0chn     d0dom     d0res   ipTM_pae  ipSAE_d0chn ipSAE_d0dom    ipSAE 
1       A         B            1           LYS           92.64           269    269     99     6.053     6.053     3.631     0.3217      0.3217      0.3217      0.1480
2       A         B            2           VAL           97.55           269    269     99     6.053     6.053     3.631     0.7565      0.7565      0.7565      0.5353
3       A         B            3           CYS           97.60           269    269     99     6.053     6.053     3.631     0.8289      0.8289      0.8289      0.6422
4       A         B            4           ASN           97.43           269    269     99     6.053     6.053     3.631     0.8389      0.8389      0.8389      0.6594
5       A         B            5           GLY           98.31           269    269     99     6.053     6.053     3.631     0.8109      0.8109      0.8109      0.6180
6       A         B            6           ILE           97.52           269    269     99     6.053     6.053     3.631     0.8220      0.8220      0.8220      0.6340
7       A         B            7           GLY           94.84           269    269     99     6.053     6.053     3.631     0.6722      0.6722      0.6722      0.4363
8       A         B            8           ILE           91.77           269    269     99     6.053     6.053     3.631     0.6463      0.6463      0.6463      0.4106
9       A         B            9           GLY           94.21           269    269     99     6.053     6.053     3.631     0.5847      0.5847      0.5847      0.3447
10      A         B           10           GLU           90.26           269    269     99     6.053     6.053     3.631     0.5516      0.5516      0.5516      0.3177
11      A         B           11           PHE           95.75           269    269     99     6.053     6.053     3.631     0.7381      0.7381      0.7381      0.5137
12      A         B           12           LYS           93.96           269    269     99     6.053     6.053     3.631     0.6997      0.6997      0.6997      0.4685
13      A         B           13           ASP           91.69           269    269     99     6.053     6.053     3.631     0.6588      0.6588      0.6588      0.4290
14      A         B           14           SER           95.32           269    269     99     6.053     6.053     3.631     0.7624      0.7624      0.7624      0.5531
15      A         B           15           LEU           95.81           269    269     99     6.053     6.053     3.631     0.7867      0.7867      0.7867      0.5833
16      A         B           16           SER           97.85           269    269     99     6.053     6.053     3.631     0.8529      0.8529      0.8529      0.6855
17      A         B           17           ILE           97.73           269    269     99     6.053     6.053     3.631     0.8643      0.8643      0.8643      0.7044
18      A         B           18           ASN           97.64           269    269     99     6.053     6.053     3.631     0.8298      0.8298      0.8298      0.6457
19      A         B           19           ALA           97.83           269    269     99     6.053     6.053     3.631     0.8146      0.8146      0.8146      0.6225
20      A         B           20           THR           95.82           269    269     99     6.053     6.053     3.631     0.6946      0.6946      0.6946      0.4628
21      A         B           21           ASN           96.39           269    269     99     6.053     6.053     3.631     0.8058      0.8058      0.8058      0.6086
22      A         B           22           ILE           97.06           269    269     99     6.053     6.053     3.631     0.7995      0.7995      0.7995      0.5983
23      A         B           23           LYS           94.24           269    269     99     6.053     6.053     3.631     0.7003      0.7003      0.7003      0.4698
24      A         B           24           HIS           94.58           269    269     99     6.053     6.053     3.631     0.6761      0.6761      0.6761      0.4387
25      A         B           25           PHE           97.53           269    269     99     6.053     6.053     3.631     0.8161      0.8161      0.8161      0.6223
26      A         B           26           LYS           96.43           269    269     99     6.053     6.053     3.631     0.7706      0.7706      0.7706      0.5557
27      A         B           27           ASN           95.32           269    269     99     6.053     6.053     3.631     0.6921      0.6921      0.6921      0.4542
28      A         B           28           CYS           98.26           269    269     99     6.053     6.053     3.631     0.7979      0.7979      0.7979      0.5934
29      A         B           29           THR           98.52           269    269     99     6.053     6.053     3.631     0.8047      0.8047      0.8047      0.6039
30      A         B           30           SER           98.56           269    269     99     6.053     6.053     3.631     0.8545      0.8545      0.8545      0.6841
31      A         B           31           ILE           98.71           269    269     99     6.053     6.053     3.631     0.8877      0.8877      0.8877      0.7453
32      A         B           32           SER           97.92           269    269     99     6.053     6.053     3.631     0.8476      0.8476      0.8476      0.6730
33      A         B           33           GLY           97.97           269    269     99     6.053     6.053     3.631     0.8483      0.8483      0.8483      0.6779
34      A         B           34           ASP           98.20           269    269     99     6.053     6.053     3.631     0.8743      0.8743      0.8743      0.7223
35      A         B           35           LEU           98.67           269    269     99     6.053     6.053     3.631     0.8838      0.8838      0.8838      0.7409
36      A         B           36           HIS           97.69           269    269     99     6.053     6.053     3.631     0.8094      0.8094      0.8094      0.6192
37      A         B           37           ILE           98.82           269    269     99     6.053     6.053     3.631     0.9084      0.9084      0.9084      0.7891
38      A         B           38           LEU           98.44           269    269     99     6.053     6.053     3.631     0.9076      0.9076      0.9076      0.7874
39      A         B           39           PRO           97.24           269    269     99     6.053     6.053     3.631     0.8735      0.8735      0.8735      0.7229
40      A         B           40           VAL           96.55           269    269     99     6.053     6.053     3.631     0.8403      0.8403      0.8403      0.6667
41      A         B           41           ALA           98.00           269    269     99     6.053     6.053     3.631     0.8496      0.8496      0.8496      0.6803
42      A         B           42           PHE           97.76           269    269     99     6.053     6.053     3.631     0.8041      0.8041      0.8041      0.6090
43      A         B           43           ARG           95.46           269    269     99     6.053     6.053     3.631     0.5982      0.5982      0.5982      0.3629
44      A         B           44           GLY           96.62           269    269     99     6.053     6.053     3.631     0.4798      0.4798      0.4798      0.2623
45      A         B           45           ASP           93.60           269    269     99     6.053     6.053     3.631     0.3709      0.3709      0.3709      0.1834
46      A         B           46           SER           88.63           269    269     99     6.053     6.053     3.631     0.3112      0.3112      0.3112      0.1473
47      A         B           47           PHE           86.91           269    269     99     6.053     6.053     3.631     0.3269      0.3269      0.3269      0.1575
48      A         B           48           THR           91.79           269    269     99     6.053     6.053     3.631     0.3700      0.3700      0.3700      0.1815
49      A         B           49           HIS           94.65           269    269     99     6.053     6.053     3.631     0.3699      0.3699      0.3699      0.1813
50      A         B           50           THR           95.76           269    269     99     6.053     6.053     3.631     0.4640      0.4640      0.4640      0.2471
51      A         B           51           PRO           97.38           269    269     99     6.053     6.053     3.631     0.5776      0.5776      0.5776      0.3430
52      A         B           52           PRO           97.41           269    269     99     6.053     6.053     3.631     0.7075      0.7075      0.7075      0.4782
53      A         B           53           LEU           98.21           269    269     99     6.053     6.053     3.631     0.7968      0.7968      0.7968      0.5954
54      A         B           54           ASP           97.40           269    269     99     6.053     6.053     3.631     0.7515      0.7515      0.7515      0.5314
55      A         B           55           PRO           96.07           269    269     99     6.053     6.053     3.631     0.6898      0.6898      0.6898      0.4544
56      A         B           56           GLN           96.48           269    269     99     6.053     6.053     3.631     0.6628      0.6628      0.6628      0.4247
57      A         B           57           GLU           97.08           269    269     99     6.053     6.053     3.631     0.7556      0.7556      0.7556      0.5345
58      A         B           58           LEU           97.94           269    269     99     6.053     6.053     3.631     0.8107      0.8107      0.8107      0.6143
59      A         B           59           ASP           97.40           269    269     99     6.053     6.053     3.631     0.7851      0.7851      0.7851      0.5773
60      A         B           60           ILE           97.65           269    269     99     6.053     6.053     3.631     0.8109      0.8109      0.8109      0.6137
61      A         B           61           LEU           98.61           269    269     99     6.053     6.053     3.631     0.8646      0.8646      0.8646      0.7031
62      A         B           62           LYS           98.04           269    269     99     6.053     6.053     3.631     0.8274      0.8274      0.8274      0.6404
63      A         B           63           THR           98.27           269    269     99     6.053     6.053     3.631     0.7913      0.7913      0.7913      0.5840
64      A         B           64           VAL           98.79           269    269     99     6.053     6.053     3.631     0.8767      0.8767      0.8767      0.7249
65      A         B           65           LYS           98.68           269    269     99     6.053     6.053     3.631     0.8126      0.8126      0.8126      0.6162
66      A         B           66           GLU           98.76           269    269     99     6.053     6.053     3.631     0.8886      0.8886      0.8886      0.7464
67      A         B           67           ILE           98.94           269    269     99     6.053     6.053     3.631     0.9220      0.9220      0.9220      0.8147
68      A         B           68           THR           98.72           269    269     99     6.053     6.053     3.631     0.9040      0.9040      0.9040      0.7776
69      A         B           69           GLY           98.59           269    269     99     6.053     6.053     3.631     0.8993      0.8993      0.8993      0.7700
70      A         B           70           PHE           98.81           269    269     99     6.053     6.053     3.631     0.9246      0.9246      0.9246      0.8212
71      A         B           71           LEU           98.98           269    269     99     6.053     6.053     3.631     0.9376      0.9376      0.9376      0.8491
72      A         B           72           LEU           98.84           269    269     99     6.053     6.053     3.631     0.9304      0.9304      0.9304      0.8339
73      A         B           73           ILE           98.95           269    269     99     6.053     6.053     3.631     0.9320      0.9320      0.9320      0.8377
74      A         B           74           GLN           98.59           269    269     99     6.053     6.053     3.631     0.9046      0.9046      0.9046      0.7818
75      A         B           75           ALA           98.18           269    269     99     6.053     6.053     3.631     0.9042      0.9042      0.9042      0.7791
76      A         B           76           TRP           98.65           269    269     99     6.053     6.053     3.631     0.8855      0.8855      0.8855      0.7433
77      A         B           77           PRO           97.33           269    269     99     6.053     6.053     3.631     0.8001      0.8001      0.8001      0.5996
78      A         B           78           GLU           92.21           269    269     99     6.053     6.053     3.631     0.5733      0.5733      0.5733      0.3381
79      A         B           79           ASN           92.13           269    269     99     6.053     6.053     3.631     0.5014      0.5014      0.5014      0.2782
80      A         B           80           ARG           95.99           269    269     99     6.053     6.053     3.631     0.6804      0.6804      0.6804      0.4424
81      A         B           81           THR           95.35           269    269     99     6.053     6.053     3.631     0.6350      0.6350      0.6350      0.3929
82      A         B           82           ASP           96.86           269    269     99     6.053     6.053     3.631     0.7247      0.7247      0.7247      0.4945
83      A         B           83           LEU           98.59           269    269     99     6.053     6.053     3.631     0.8286      0.8286      0.8286      0.6426
84      A         B           84           HIS           95.53           269    269     99     6.053     6.053     3.631     0.6465      0.6465      0.6465      0.4061
85      A         B           85           ALA           97.98           269    269     99     6.053     6.053     3.631     0.7662      0.7662      0.7662      0.5487
86      A         B           86           PHE           98.90           269    269     99     6.053     6.053     3.631     0.8714      0.8714      0.8714      0.7157
87      A         B           87           GLU           97.98           269    269     99     6.053     6.053     3.631     0.7892      0.7892      0.7892      0.5826
88      A         B           88           ASN           98.76           269    269     99     6.053     6.053     3.631     0.8462      0.8462      0.8462      0.6706
89      A         B           89           LEU           98.96           269    269     99     6.053     6.053     3.631     0.8963      0.8963      0.8963      0.7622
90      A         B           90           GLU           98.88           269    269     99     6.053     6.053     3.631     0.8648      0.8648      0.8648      0.7032
91      A         B           91           ILE           98.88           269    269     99     6.053     6.053     3.631     0.8915      0.8915      0.8915      0.7523
92      A         B           92           ILE           98.98           269    269     99     6.053     6.053     3.631     0.9222      0.9222      0.9222      0.8151
93      A         B           93           ARG           98.88           269    269     99     6.053     6.053     3.631     0.8917      0.8917      0.8917      0.7536
94      A         B           94           GLY           98.63           269    269     99     6.053     6.053     3.631     0.8757      0.8757      0.8757      0.7238
95      A         B           95           ARG           97.39           269    269     99     6.053     6.053     3.631     0.8415      0.8415      0.8415      0.6647
96      A         B           96           THR           96.73           269    269     99     6.053     6.053     3.631     0.9018      0.9018      0.9018      0.7746
97      A         B           97           LYS           97.58           269    269     99     6.053     6.053     3.631     0.9165      0.9165      0.9165      0.8050
98      A         B           98           GLN           98.31           269    269     99     6.053     6.053     3.631     0.9227      0.9227      0.9227      0.8181
99      A         B           99           HIS           98.38           269    269     99     6.053     6.053     3.631     0.9296      0.9296      0.9296      0.8327
100     A         B          100           GLY           98.31           269    269     99     6.053     6.053     3.631     0.9098      0.9098      0.9098      0.7918
101     A         B          101           GLN           98.02           269    269     99     6.053     6.053     3.631     0.8921      0.8921      0.8921      0.7574
102     A         B          102           PHE           98.78           269    269     99     6.053     6.053     3.631     0.9357      0.9357      0.9357      0.8460
103     A         B          103           SER           98.69           269    269     99     6.053     6.053     3.631     0.9127      0.9127      0.9127      0.7970
104     A         B          104           LEU           98.95           269    269     99     6.053     6.053     3.631     0.9370      0.9370      0.9370      0.8483
105     A         B          105           ALA           98.85           269    269     99     6.053     6.053     3.631     0.9266      0.9266      0.9266      0.8266
106     A         B          106           VAL           98.89           269    269     99     6.053     6.053     3.631     0.9281      0.9281      0.9281      0.8294
107     A         B          107           VAL           98.43           269    269     99     6.053     6.053     3.631     0.8948      0.8948      0.8948      0.7629
108     A         B          108           SER           97.30           269    269     99     6.053     6.053     3.631     0.8784      0.8784      0.8784      0.7308
109     A         B          109           LEU           98.57           269    269     99     6.053     6.053     3.631     0.9033      0.9033      0.9033      0.7775
110     A         B          110           ASN           96.77           269    269     99     6.053     6.053     3.631     0.8563      0.8563      0.8563      0.6915
111     A         B          111           ILE           97.94           269    269     99     6.053     6.053     3.631     0.8704      0.8704      0.8704      0.7151
112     A         B          112           THR           95.09           269    269     99     6.053     6.053     3.631     0.8283      0.8283      0.8283      0.6432
113     A         B          113           SER           94.94           269    269     99     6.053     6.053     3.631     0.7415      0.7415      0.7415      0.5164
114     A         B          114           LEU           97.84           269    269     99     6.053     6.053     3.631     0.8280      0.8280      0.8280      0.6415
115     A         B          115           GLY           96.80           269    269     99     6.053     6.053     3.631     0.7047      0.7047      0.7047      0.4710
116     A         B          116           LEU           98.05           269    269     99     6.053     6.053     3.631     0.7888      0.7888      0.7888      0.5807
117     A         B          117           ARG           94.08           269    269     99     6.053     6.053     3.631     0.5583      0.5583      0.5583      0.3229
118     A         B          118           SER           98.37           269    269     99     6.053     6.053     3.631     0.7940      0.7940      0.7940      0.5872
119     A         B          119           LEU           98.39           269    269     99     6.053     6.053     3.631     0.8565      0.8565      0.8565      0.6884
120     A         B          120           LYS           97.69           269    269     99     6.053     6.053     3.631     0.7042      0.7042      0.7042      0.4690
121     A         B          121           GLU           98.69           269    269     99     6.053     6.053     3.631     0.8712      0.8712      0.8712      0.7146
122     A         B          122           ILE           98.90           269    269     99     6.053     6.053     3.631     0.9039      0.9039      0.9039      0.7778
123     A         B          123           SER           98.57           269    269     99     6.053     6.053     3.631     0.8599      0.8599      0.8599      0.6954
124     A         B          124           ASP           98.02           269    269     99     6.053     6.053     3.631     0.8858      0.8858      0.8858      0.7439
125     A         B          125           GLY           98.70           269    269     99     6.053     6.053     3.631     0.8681      0.8681      0.8681      0.7128
126     A         B          126           ASP           98.80           269    269     99     6.053     6.053     3.631     0.9161      0.9161      0.9161      0.8037
127     A         B          127           VAL           98.79           269    269     99     6.053     6.053     3.631     0.9270      0.9270      0.9270      0.8268
128     A         B          128           ILE           98.71           269    269     99     6.053     6.053     3.631     0.9297      0.9297      0.9297      0.8327
129     A         B          129           ILE           98.67           269    269     99     6.053     6.053     3.631     0.9239      0.9239      0.9239      0.8200
130     A         B          130           SER           97.71           269    269     99     6.053     6.053     3.631     0.8496      0.8496      0.8496      0.6819
131     A         B          131           GLY           97.93           269    269     99     6.053     6.053     3.631     0.8604      0.8604      0.8604      0.6988
132     A         B          132           ASN           98.08           269    269     99     6.053     6.053     3.631     0.8863      0.8863      0.8863      0.7443
133     A         B          133           LYS           95.00           269    269     99     6.053     6.053     3.631     0.8178      0.8178      0.8178      0.6281
134     A         B          134           ASN           95.83           269    269     99     6.053     6.053     3.631     0.8326      0.8326      0.8326      0.6503
135     A         B          135           LEU           97.72           269    269     99     6.053     6.053     3.631     0.8465      0.8465      0.8465      0.6719
136     A         B          136           CYS           95.68           269    269     99     6.053     6.053     3.631     0.6338      0.6338      0.6338      0.3938
137     A         B          137           TYR           90.41           269    269     99     6.053     6.053     3.631     0.4010      0.4010      0.4010      0.1980
138     A         B          138           ALA           94.37           269    269     99     6.053     6.053     3.631     0.4727      0.4727      0.4727      0.2496
139     A         B          139           ASN           85.53           269    269     99     6.053     6.053     3.631     0.4050      0.4050      0.4050      0.2018
140     A         B          140           THR           88.44           269    269     99     6.053     6.053     3.631     0.4183      0.4183      0.4183      0.2109
141     A         B          141           ILE           94.48           269    269     99     6.053     6.053     3.631     0.5928      0.5928      0.5928      0.3509
142     A         B          142           ASN           95.46           269    269     99     6.053     6.053     3.631     0.6601      0.6601      0.6601      0.4198
143     A         B          143           TRP           97.86           269    269     99     6.053     6.053     3.631     0.7923      0.7923      0.7923      0.5870
144     A         B          144           LYS           95.65           269    269     99     6.053     6.053     3.631     0.7311      0.7311      0.7311      0.5035
145     A         B          145           LYS           96.07           269    269     99     6.053     6.053     3.631     0.6885      0.6885      0.6885      0.4520
146     A         B          146           LEU           98.22           269    269     99     6.053     6.053     3.631     0.8205      0.8205      0.8205      0.6291
147     A         B          147           PHE           98.59           269    269     99     6.053     6.053     3.631     0.8390      0.8390      0.8390      0.6592
148     A         B          148           GLY           98.21           269    269     99     6.053     6.053     3.631     0.6467      0.6467      0.6467      0.4067
149     A         B          149           THR           96.47           269    269     99     6.053     6.053     3.631     0.6523      0.6523      0.6523      0.4148
150     A         B          150           SER           95.26           269    269     99     6.053     6.053     3.631     0.5694      0.5694      0.5694      0.3358
151     A         B          151           GLY           96.00           269    269     99     6.053     6.053     3.631     0.6932      0.6932      0.6932      0.4628
152     A         B          152           GLN           98.65           269    269     99     6.053     6.053     3.631     0.8272      0.8272      0.8272      0.6433
153     A         B          153           LYS           97.13           269    269     99     6.053     6.053     3.631     0.8131      0.8131      0.8131      0.6223
154     A         B          154           THR           97.72           269    269     99     6.053     6.053     3.631     0.8545      0.8545      0.8545      0.6892
155     A         B          155           LYS           97.84           269    269     99     6.053     6.053     3.631     0.8785      0.8785      0.8785      0.7319
156     A         B          156           ILE           97.01           269    269     99     6.053     6.053     3.631     0.8626      0.8626      0.8626      0.7025
157     A         B          157           ILE           95.77           269    269     99     6.053     6.053     3.631     0.7153      0.7153      0.7153      0.4900
158     A         B          158           SER           95.50           269    269     99     6.053     6.053     3.631     0.7729      0.7729      0.7729      0.5620
159     A         B          159           ASN           97.20           269    269     99     6.053     6.053     3.631     0.8364      0.8364      0.8364      0.6555
160     A         B          160           ARG           95.55           269    269     99     6.053     6.053     3.631     0.7170      0.7170      0.7170      0.4863
161     A         B          161           GLY           92.85           269    269     99     6.053     6.053     3.631     0.5030      0.5030      0.5030      0.2772
162     A         B          162           GLU           87.42           269    269     99     6.053     6.053     3.631     0.4895      0.4895      0.4895      0.2631
163     A         B          163           ASN           91.89           269    269     99     6.053     6.053     3.631     0.4208      0.4208      0.4208      0.2113
164     A         B          164           SER           91.98           269    269     99     6.053     6.053     3.631     0.4701      0.4701      0.4701      0.2467
165     A         B          165           CYS           93.56           269    269     99     6.053     6.053     3.631     0.4899      0.4899      0.4899      0.2618
166     A         B          166           LYS           90.45           269    269     99     6.053     6.053     3.631     0.4445      0.4445      0.4445      0.2280
167     A         B          167           ALA           90.74           269    269     99     6.053     6.053     3.631     0.3124      0.3124      0.3124      0.1422
168     A         B          168           THR           82.80           269    269     98     6.053     6.053     3.609     0.2194      0.2203      0.2203      0.0919
169     A         B          169           GLY           80.87           269    269     40     6.053     6.053     1.826     0.1387      0.1598      0.1598      0.0171
170     A         B          170           GLN           64.04           269    269      1     6.053     6.053     1.000     0.1016      0.1420      0.1420      0.0045
171     B         A            1           MET           93.27           269    268    170     6.053     6.043     4.861     0.3941      0.3941      0.3933      0.2981
172     B         A            2           VAL           95.76           269    268    170     6.053     6.043     4.861     0.6536      0.6536      0.6529      0.5522
173     B         A            3           GLU           97.27           269    268    170     6.053     6.043     4.861     0.6809      0.6809      0.6802      0.5826
174     B         A            4           LEU           97.66           269    268    170     6.053     6.043     4.861     0.7986      0.7986      0.7981      0.7216
175     B         A            5           VAL           98.19           269    268    170     6.053     6.043     4.861     0.8307      0.8307      0.8302      0.7619
176     B         A            6           ARG           97.82           269    268    170     6.053     6.043     4.861     0.8305      0.8305      0.8301      0.7617
177     B         A            7           GLU           98.26           269    268    170     6.053     6.043     4.861     0.8392      0.8392      0.8388      0.7731
178     B         A            8           ALA           98.77           269    268    170     6.053     6.043     4.861     0.8653      0.8653      0.8649      0.8073
179     B         A            9           ALA           98.17           269    268    170     6.053     6.043     4.861     0.8638      0.8638      0.8634      0.8052
180     B         A           10           ARG           97.26           269    268    170     6.053     6.043     4.861     0.8243      0.8243      0.8238      0.7537
181     B         A           11           ILE           98.64           269    268    170     6.053     6.043     4.861     0.8756      0.8756      0.8752      0.8212
182     B         A           12           ALA           98.34           269    268    170     6.053     6.043     4.861     0.8626      0.8626      0.8622      0.8037
183     B         A           13           ALA           97.36           269    268    170     6.053     6.043     4.861     0.8561      0.8561      0.8557      0.7950
184     B         A           14           GLU           96.84           269    268    170     6.053     6.043     4.861     0.7758      0.7758      0.7752      0.6932
185     B         A           15           LEU           98.16           269    268    170     6.053     6.043     4.861     0.8242      0.8242      0.8237      0.7539
186     B         A           16           GLY           96.44           269    268    170     6.053     6.043     4.861     0.6964      0.6964      0.6957      0.6004
187     B         A           17           ALA           97.64           269    268    170     6.053     6.043     4.861     0.7903      0.7903      0.7898      0.7113
188     B         A           18           SER           96.32           269    268    170     6.053     6.043     4.861     0.8058      0.8058      0.8053      0.7308
189     B         A           19           ALA           95.99           269    268    170     6.053     6.043     4.861     0.8306      0.8306      0.8301      0.7623
190     B         A           20           GLU           96.66           269    268    170     6.053     6.043     4.861     0.8561      0.8561      0.8557      0.7956
191     B         A           21           GLN           98.09           269    268    170     6.053     6.043     4.861     0.8835      0.8835      0.8831      0.8320
192     B         A           22           CYS           98.03           269    268    170     6.053     6.043     4.861     0.8937      0.8937      0.8934      0.8459
193     B         A           23           ARG           98.01           269    268    170     6.053     6.043     4.861     0.8964      0.8964      0.8961      0.8498
194     B         A           24           VAL           98.67           269    268    170     6.053     6.043     4.861     0.9114      0.9114      0.9111      0.8706
195     B         A           25           CYS           98.80           269    268    170     6.053     6.043     4.861     0.9136      0.9136      0.9133      0.8737
196     B         A           26           ALA           98.61           269    268    170     6.053     6.043     4.861     0.9042      0.9042      0.9039      0.8604
197     B         A           27           LEU           98.67           269    268    170     6.053     6.043     4.861     0.9176      0.9176      0.9173      0.8792
198     B         A           28           VAL           98.80           269    268    170     6.053     6.043     4.861     0.9216      0.9216      0.9214      0.8850
199     B         A           29           VAL           98.84           269    268    170     6.053     6.043     4.861     0.9180      0.9180      0.9178      0.8800
200     B         A           30           ALA           98.73           269    268    170     6.053     6.043     4.861     0.9129      0.9129      0.9126      0.8727
201     B         A           31           GLU           98.48           269    268    170     6.053     6.043     4.861     0.9183      0.9183      0.9180      0.8803
202     B         A           32           ARG           98.15           269    268    170     6.053     6.043     4.861     0.8992      0.8992      0.8989      0.8536
203     B         A           33           ALA           98.33           269    268    170     6.053     6.043     4.861     0.8933      0.8933      0.8930      0.8456
204     B         A           34           ALA           98.25           269    268    170     6.053     6.043     4.861     0.8827      0.8827      0.8824      0.8312
205     B         A           35           LEU           97.89           269    268    170     6.053     6.043     4.861     0.8842      0.8842      0.8839      0.8330
206     B         A           36           GLY           96.67           269    268    170     6.053     6.043     4.861     0.8138      0.8138      0.8133      0.7412
207     B         A           37           LEU           97.52           269    268    170     6.053     6.043     4.861     0.8193      0.8193      0.8188      0.7480
208     B         A           38           PRO           94.12           269    268    170     6.053     6.043     4.861     0.6960      0.6960      0.6953      0.6028
209     B         A           39           LEU           95.12           269    268    170     6.053     6.043     4.861     0.5602      0.5602      0.5594      0.4585
210     B         A           40           ASP           97.72           269    268    170     6.053     6.043     4.861     0.7605      0.7605      0.7599      0.6758
211     B         A           41           VAL           98.50           269    268    170     6.053     6.043     4.861     0.8478      0.8478      0.8474      0.7846
212     B         A           42           GLU           98.45           269    268    170     6.053     6.043     4.861     0.8273      0.8273      0.8268      0.7583
213     B         A           43           GLU           97.99           269    268    170     6.053     6.043     4.861     0.8567      0.8567      0.8563      0.7970
214     B         A           44           GLU           98.49           269    268    170     6.053     6.043     4.861     0.8845      0.8845      0.8842      0.8338
215     B         A           45           VAL           98.90           269    268    170     6.053     6.043     4.861     0.9037      0.9037      0.9034      0.8599
216     B         A           46           ARG           98.81           269    268    170     6.053     6.043     4.861     0.8683      0.8683      0.8679      0.8120
217     B         A           47           GLU           98.24           269    268    170     6.053     6.043     4.861     0.8886      0.8886      0.8883      0.8398
218     B         A           48           THR           98.84           269    268    170     6.053     6.043     4.861     0.9067      0.9067      0.9064      0.8642
219     B         A           49           LEU           98.74           269    268    170     6.053     6.043     4.861     0.9017      0.9017      0.9015      0.8573
220     B         A           50           GLU           98.27           269    268    170     6.053     6.043     4.861     0.8722      0.8722      0.8718      0.8179
221     B         A           51           SER           98.52           269    268    170     6.053     6.043     4.861     0.8924      0.8924      0.8921      0.8449
222     B         A           52           LEU           98.77           269    268    170     6.053     6.043     4.861     0.9036      0.9036      0.9033      0.8600
223     B         A           53           ARG           98.03           269    268    170     6.053     6.043     4.861     0.8552      0.8552      0.8548      0.7948
224     B         A           54           ARG           97.14           269    268    170     6.053     6.043     4.861     0.8230      0.8230      0.8225      0.7541
225     B         A           55           HIS           97.10           269    268    170     6.053     6.043     4.861     0.8248      0.8248      0.8243      0.7565
226     B         A           56           GLY           96.75           269    268    170     6.053     6.043     4.861     0.6851      0.6851      0.6844      0.5918
227     B         A           57           PHE           96.78           269    268    170     6.053     6.043     4.861     0.5983      0.5983      0.5975      0.4973
228     B         A           58           THR           89.72           269    268    170     6.053     6.043     4.861     0.4302      0.4302      0.4294      0.3359
229     B         A           59           GLY           93.33           269    268    170     6.053     6.043     4.861     0.4421      0.4421      0.4413      0.3440
230     B         A           60           PRO           93.05           269    268    170     6.053     6.043     4.861     0.6221      0.6221      0.6213      0.5209
231     B         A           61           ASP           95.80           269    268    170     6.053     6.043     4.861     0.7128      0.7128      0.7121      0.6212
232     B         A           62           GLU           93.17           269    268    170     6.053     6.043     4.861     0.7605      0.7605      0.7599      0.6785
233     B         A           63           SER           93.08           269    268    170     6.053     6.043     4.861     0.7887      0.7887      0.7882      0.7114
234     B         A           64           GLY           97.01           269    268    170     6.053     6.043     4.861     0.8232      0.8232      0.8228      0.7545
235     B         A           65           GLU           97.37           269    268    170     6.053     6.043     4.861     0.8701      0.8701      0.8697      0.8153
236     B         A           66           ARG           95.81           269    268    170     6.053     6.043     4.861     0.8785      0.8785      0.8781      0.8262
237     B         A           67           THR           97.66           269    268    170     6.053     6.043     4.861     0.8897      0.8897      0.8894      0.8412
238     B         A           68           THR           98.60           269    268    170     6.053     6.043     4.861     0.9094      0.9094      0.9092      0.8682
239     B         A           69           PHE           97.70           269    268    170     6.053     6.043     4.861     0.9072      0.9072      0.9070      0.8651
240     B         A           70           ALA           97.14           269    268    170     6.053     6.043     4.861     0.8947      0.8947      0.8944      0.8477
241     B         A           71           VAL           98.41           269    268    170     6.053     6.043     4.861     0.9054      0.9054      0.9051      0.8625
242     B         A           72           LEU           98.57           269    268    170     6.053     6.043     4.861     0.9050      0.9050      0.9048      0.8619
243     B         A           73           ALA           96.70           269    268    170     6.053     6.043     4.861     0.8682      0.8682      0.8679      0.8119
244     B         A           74           ALA           96.23           269    268    170     6.053     6.043     4.861     0.8385      0.8385      0.8380      0.7728
245     B         A           75           ALA           96.36           269    268    170     6.053     6.043     4.861     0.8227      0.8227      0.8222      0.7534
246     B         A           76           TYR           97.29           269    268    170     6.053     6.043     4.861     0.8298      0.8298      0.8293      0.7611
247     B         A           77           GLY           95.59           269    268    170     6.053     6.043     4.861     0.7893      0.7893      0.7888      0.7102
248     B         A           78           GLU           94.46           269    268    170     6.053     6.043     4.861     0.7845      0.7845      0.7840      0.7046
249     B         A           79           GLU           97.06           269    268    170     6.053     6.043     4.861     0.7553      0.7553      0.7547      0.6695
250     B         A           80           ALA           97.37           269    268    170     6.053     6.043     4.861     0.7998      0.7998      0.7993      0.7232
251     B         A           81           ALA           97.99           269    268    170     6.053     6.043     4.861     0.8311      0.8311      0.8307      0.7628
252     B         A           82           ARG           97.86           269    268    170     6.053     6.043     4.861     0.8282      0.8282      0.8277      0.7594
253     B         A           83           GLU           98.16           269    268    170     6.053     6.043     4.861     0.8133      0.8133      0.8128      0.7402
254     B         A           84           VAL           98.49           269    268    170     6.053     6.043     4.861     0.8481      0.8481      0.8477      0.7848
255     B         A           85           LEU           98.48           269    268    170     6.053     6.043     4.861     0.8571      0.8571      0.8567      0.7966
256     B         A           86           GLU           98.47           269    268    170     6.053     6.043     4.861     0.8271      0.8271      0.8267      0.7579
257     B         A           87           THR           98.35           269    268    170     6.053     6.043     4.861     0.8295      0.8295      0.8291      0.7605
258     B         A           88           ALA           98.44           269    268    170     6.053     6.043     4.861     0.8147      0.8147      0.8142      0.7416
259     B         A           89           ARG           97.24           269    268    170     6.053     6.043     4.861     0.7891      0.7891      0.7886      0.7096
260     B         A           90           ARG           97.04           269    268    170     6.053     6.043     4.861     0.7358      0.7358      0.7351      0.6463
261     B         A           91           GLU           96.99           269    268    170     6.053     6.043     4.861     0.7000      0.7000      0.6993      0.6039
262     B         A           92           ALA           94.95           269    268    170     6.053     6.043     4.861     0.6315      0.6315      0.6307      0.5284
263     B         A           93           ALA           95.09           269    268    170     6.053     6.043     4.861     0.6458      0.6458      0.6451      0.5439
264     B         A           94           ARG           95.08           269    268    170     6.053     6.043     4.861     0.5910      0.5910      0.5902      0.4858
265     B         A           95           LEU           93.29           269    268    170     6.053     6.043     4.861     0.4772      0.4772      0.4764      0.3730
266     B         A           96           ALA           89.25           269    268    170     6.053     6.043     4.861     0.3396      0.3396      0.3388      0.2506
267     B         A           97           ALA           89.36           269    268    170     6.053     6.043     4.861     0.2751      0.2751      0.2745      0.1978
268     B         A           98           LEU           77.00           269    268     49     6.053     6.043     2.217     0.1261      0.1572      0.1568      0.0245
269     B         A           99           GLU           68.95           269    268      0     6.053     6.043     1.000     0.0590      0.0000      0.0000      0.0000
