i   AlignChn ScoredChain  AlignResNum  AlignResType  AlignRespLDDT      n0chn  n0dom  n0res    d0chn     d0dom     d0res   ipTM_pae  ipSAE_d0chn ipSAE_d0dom    ipSAE 
1       A         B            1           LYS           93.06           269    268     99     6.053     6.043     3.631     0.3342      0.3342      0.3335      0.1555
2       A         B            2           VAL           97.72           269    268     99     6.053     6.043     3.631     0.7751      0.7751      0.7745      0.5609
3       A         B            3           CYS           97.76           269    268     99     6.053     6.043     3.631     0.8389      0.8389      0.8385      0.6584
4       A         B            4           ASN           97.60           269    268     99     6.053     6.043     3.631     0.8513      0.8513      0.8509      0.6802
5       A         B            5           GLY           98.40           269    268     99     6.053     6.043     3.631     0.8249      0.8249      0.8244      0.6393
6       A         B            6           ILE           97.60           269    268     99     6.053     6.043     3.631     0.8374      0.8374      0.8369      0.6585
7       A         B            7           GLY           95.20           269    268     99     6.053     6.043     3.631     0.7153      0.7153      0.7146      0.4862
8       A         B            8           ILE           93.20           269    268     99     6.053     6.043     3.631     0.7078      0.7078      0.7071      0.4784
9       A         B            9           GLY           95.24           269    268     99     6.053     6.043     3.631     0.6265      0.6265      0.6257      0.3850
10      A         B           10           GLU           91.50           269    268     99     6.053     6.043     3.631     0.5841      0.5841      0.5833      0.3472
11      A         B           11           PHE           95.86           269    268     99     6.053     6.043     3.631     0.7521      0.7521      0.7515      0.5320
12      A         B           12           LYS           94.13           269    268     99     6.053     6.043     3.631     0.7071      0.7071      0.7065      0.4777
13      A         B           13           ASP           92.11           269    268     99     6.053     6.043     3.631     0.6704      0.6704      0.6697      0.4419
14      A         B           14           SER           95.59           269    268     99     6.053     6.043     3.631     0.7693      0.7693      0.7687      0.5628
15      A         B           15           LEU           96.07           269    268     99     6.053     6.043     3.631     0.7933      0.7933      0.7927      0.5930
16      A         B           16           SER           98.00           269    268     99     6.053     6.043     3.631     0.8574      0.8574      0.8570      0.6933
17      A         B           17           ILE           97.86           269    268     99     6.053     6.043     3.631     0.8653      0.8653      0.8649      0.7061
18      A         B           18           ASN           97.83           269    268     99     6.053     6.043     3.631     0.8329      0.8329      0.8325      0.6508
19      A         B           19           ALA           97.88           269    268     99     6.053     6.043     3.631     0.8172      0.8172      0.8167      0.6266
20      A         B           20           THR           95.47           269    268     99     6.053     6.043     3.631     0.6747      0.6747      0.6740      0.4400
21      A         B           21           ASN           96.69           269    268     99     6.053     6.043     3.631     0.8108      0.8108      0.8103      0.6165
22      A         B           22           ILE           97.02           269    268     99     6.053     6.043     3.631     0.8010      0.8010      0.8004      0.6009
23      A         B           23           LYS           94.26           269    268     99     6.053     6.043     3.631     0.7133      0.7133      0.7127      0.4853
24      A         B           24           HIS           94.61           269    268     99     6.053     6.043     3.631     0.6719      0.6719      0.6711      0.4343
25      A         B           25           PHE           97.47           269    268     99     6.053     6.043     3.631     0.8159      0.8159      0.8154      0.6220
26      A         B           26           LYS           96.42           269    268     99     6.053     6.043     3.631     0.7779      0.7779      0.7773      0.5660
27      A         B           27           ASN           95.33           269    268     99     6.053     6.043     3.631     0.7045      0.7045      0.7038      0.4688
28      A         B           28           CYS           98.32           269    268     99     6.053     6.043     3.631     0.8079      0.8079      0.8074      0.6085
29      A         B           29           THR           98.51           269    268     99     6.053     6.043     3.631     0.8106      0.8106      0.8100      0.6128
30      A         B           30           SER           98.58           269    268     99     6.053     6.043     3.631     0.8639      0.8639      0.8635      0.7002
31      A         B           31           ILE           98.75           269    268     99     6.053     6.043     3.631     0.8917      0.8917      0.8913      0.7527
32      A         B           32           SER           98.02           269    268     99     6.053     6.043     3.631     0.8566      0.8566      0.8562      0.6883
33      A         B           33           GLY           98.15           269    268     99     6.053     6.043     3.631     0.8600      0.8600      0.8596      0.6976
34      A         B           34           ASP           98.30           269    268     99     6.053     6.043     3.631     0.8864      0.8864      0.8861      0.7445
35      A         B           35           LEU           98.66           269    268     99     6.053     6.043     3.631     0.8803      0.8803      0.8799      0.7344
36      A         B           36           HIS           97.85           269    268     99     6.053     6.043     3.631     0.8060      0.8060      0.8055      0.6143
37      A         B           37           ILE           98.83           269    268     99     6.053     6.043     3.631     0.9126      0.9126      0.9123      0.7974
38      A         B           38           LEU           98.51           269    268     99     6.053     6.043     3.631     0.9086      0.9086      0.9083      0.7894
39      A         B           39           PRO           97.30           269    268     99     6.053     6.043     3.631     0.8729      0.8729      0.8725      0.7219
40      A         B           40           VAL           96.62           269    268     99     6.053     6.043     3.631     0.8368      0.8368      0.8363      0.6613
41      A         B           41           ALA           98.12           269    268     99     6.053     6.043     3.631     0.8494      0.8494      0.8490      0.6802
42      A         B           42           PHE           97.78           269    268     99     6.053     6.043     3.631     0.7985      0.7985      0.7980      0.6011
43      A         B           43           ARG           95.44           269    268     99     6.053     6.043     3.631     0.5833      0.5833      0.5825      0.3498
44      A         B           44           GLY           96.55           269    268     99     6.053     6.043     3.631     0.4720      0.4720      0.4712      0.2561
45      A         B           45           ASP           93.70           269    268     99     6.053     6.043     3.631     0.3800      0.3800      0.3792      0.1893
46      A         B           46           SER           89.85           269    268     99     6.053     6.043     3.631     0.3216      0.3216      0.3210      0.1534
47      A         B           47           PHE           87.68           269    268     99     6.053     6.043     3.631     0.3426      0.3426      0.3419      0.1668
48      A         B           48           THR           92.83           269    268     99     6.053     6.043     3.631     0.3810      0.3810      0.3802      0.1884
49      A         B           49           HIS           95.42           269    268     99     6.053     6.043     3.631     0.3866      0.3866      0.3858      0.1917
50      A         B           50           THR           96.20           269    268     99     6.053     6.043     3.631     0.4941      0.4941      0.4932      0.2699
51      A         B           51           PRO           97.52           269    268     99     6.053     6.043     3.631     0.6042      0.6042      0.6034      0.3681
52      A         B           52           PRO           97.44           269    268     99     6.053     6.043     3.631     0.7227      0.7227      0.7220      0.4966
53      A         B           53           LEU           98.27           269    268     99     6.053     6.043     3.631     0.8046      0.8046      0.8041      0.6070
54      A         B           54           ASP           97.50           269    268     99     6.053     6.043     3.631     0.7607      0.7607      0.7601      0.5437
55      A         B           55           PRO           96.25           269    268     99     6.053     6.043     3.631     0.7023      0.7023      0.7016      0.4690
56      A         B           56           GLN           96.48           269    268     99     6.053     6.043     3.631     0.6697      0.6697      0.6689      0.4323
57      A         B           57           GLU           97.16           269    268     99     6.053     6.043     3.631     0.7766      0.7766      0.7760      0.5633
58      A         B           58           LEU           97.93           269    268     99     6.053     6.043     3.631     0.8135      0.8135      0.8130      0.6188
59      A         B           59           ASP           97.44           269    268     99     6.053     6.043     3.631     0.7928      0.7928      0.7923      0.5885
60      A         B           60           ILE           97.68           269    268     99     6.053     6.043     3.631     0.8165      0.8165      0.8160      0.6225
61      A         B           61           LEU           98.63           269    268     99     6.053     6.043     3.631     0.8684      0.8684      0.8680      0.7099
62      A         B           62           LYS           98.07           269    268     99     6.053     6.043     3.631     0.8318      0.8318      0.8314      0.6475
63      A         B           63           THR           98.28           269    268     99     6.053     6.043     3.631     0.8001      0.8001      0.7996      0.5971
64      A         B           64           VAL           98.78           269    268     99     6.053     6.043     3.631     0.8803      0.8803      0.8800      0.7314
65      A         B           65           LYS           98.73           269    268     99     6.053     6.043     3.631     0.8340      0.8340      0.8335      0.6501
66      A         B           66           GLU           98.79           269    268     99     6.053     6.043     3.631     0.8961      0.8961      0.8958      0.7608
67      A         B           67           ILE           98.94           269    268     99     6.053     6.043     3.631     0.9248      0.9248      0.9246      0.8203
68      A         B           68           THR           98.74           269    268     99     6.053     6.043     3.631     0.9073      0.9073      0.9070      0.7838
69      A         B           69           GLY           98.60           269    268     99     6.053     6.043     3.631     0.9007      0.9007      0.9004      0.7724
70      A         B           70           PHE           98.80           269    268     99     6.053     6.043     3.631     0.9253      0.9253      0.9251      0.8225
71      A         B           71           LEU           98.98           269    268     99     6.053     6.043     3.631     0.9392      0.9392      0.9390      0.8525
72      A         B           72           LEU           98.85           269    268     99     6.053     6.043     3.631     0.9321      0.9321      0.9319      0.8374
73      A         B           73           ILE           98.96           269    268     99     6.053     6.043     3.631     0.9349      0.9349      0.9347      0.8437
74      A         B           74           GLN           98.61           269    268     99     6.053     6.043     3.631     0.9073      0.9073      0.9070      0.7871
75      A         B           75           ALA           98.25           269    268     99     6.053     6.043     3.631     0.9066      0.9066      0.9064      0.7839
76      A         B           76           TRP           98.67           269    268     99     6.053     6.043     3.631     0.8889      0.8889      0.8886      0.7495
77      A         B           77           PRO           97.46           269    268     99     6.053     6.043     3.631     0.8104      0.8104      0.8099      0.6152
78      A         B           78           GLU           91.30           269    268     99     6.053     6.043     3.631     0.5387      0.5387      0.5379      0.3078
79      A         B           79           ASN           92.81           269    268     99     6.053     6.043     3.631     0.5107      0.5107      0.5099      0.2853
80      A         B           80           ARG           96.17           269    268     99     6.053     6.043     3.631     0.6968      0.6968      0.6961      0.4615
81      A         B           81           THR           95.28           269    268     99     6.053     6.043     3.631     0.6463      0.6463      0.6456      0.4048
82      A         B           82           ASP           96.98           269    268     99     6.053     6.043     3.631     0.7503      0.7503      0.7497      0.5278
83      A         B           83           LEU           98.60           269    268     99     6.053     6.043     3.631     0.8373      0.8373      0.8368      0.6566
84      A         B           84           HIS           95.66           269    268     99     6.053     6.043     3.631     0.6619      0.6619      0.6612      0.4227
85      A         B           85           ALA           98.01           269    268     99     6.053     6.043     3.631     0.7773      0.7773      0.7768      0.5644
86      A         B           86           PHE           98.90           269    268     99     6.053     6.043     3.631     0.8743      0.8743      0.8739      0.7208
87      A         B           87           GLU           98.01           269    268     99     6.053     6.043     3.631     0.7958      0.7958      0.7953      0.5925
88      A         B           88           ASN           98.76           269    268     99     6.053     6.043     3.631     0.8546      0.8546      0.8541      0.6849
89      A         B           89           LEU           98.96           269    268     99     6.053     6.043     3.631     0.9002      0.9002      0.8999      0.7696
90      A         B           90           GLU           98.88           269    268     99     6.053     6.043     3.631     0.8698      0.8698      0.8695      0.7121
91      A         B           91           ILE           98.88           269    268     99     6.053     6.043     3.631     0.8950      0.8950      0.8947      0.7588
92      A         B           92           ILE           98.98           269    268     99     6.053     6.043     3.631     0.9234      0.9234      0.9232      0.8175
93      A         B           93           ARG           98.88           269    268     99     6.053     6.043     3.631     0.8934      0.8934      0.8931      0.7564
94      A         B           94           GLY           98.62           269    268     99     6.053     6.043     3.631     0.8789      0.8789      0.8785      0.7292
95      A         B           95           ARG           97.35           269    268     99     6.053     6.043     3.631     0.8354      0.8354      0.8350      0.6545
96      A         B           96           THR           96.73           269    268     99     6.053     6.043     3.631     0.9034      0.9034      0.9031      0.7776
97      A         B           97           LYS           97.56           269    268     99     6.053     6.043     3.631     0.9192      0.9192      0.9189      0.8101
98      A         B           98           GLN           98.31           269    268     99     6.053     6.043     3.631     0.9256      0.9256      0.9254      0.8241
99      A         B           99           HIS           98.43           269    268     99     6.053     6.043     3.631     0.9333      0.9333      0.9331      0.8403
100     A         B          100           GLY           98.28           269    268     99     6.053     6.043     3.631     0.9152      0.9152      0.9150      0.8026
101     A         B          101           GLN           98.14           269    268     99     6.053     6.043     3.631     0.9118      0.9118      0.9116      0.7948
102     A         B          102           PHE           98.80           269    268     99     6.053     6.043     3.631     0.9398      0.9398      0.9396      0.8546
103     A         B          103           SER           98.68           269    268     99     6.053     6.043     3.631     0.9153      0.9153      0.9150      0.8018
104     A         B          104           LEU           98.95           269    268     99     6.053     6.043     3.631     0.9388      0.9388      0.9386      0.8521
105     A         B          105           ALA           98.85           269    268     99     6.053     6.043     3.631     0.9280      0.9280      0.9278      0.8294
106     A         B          106           VAL           98.89           269    268     99     6.053     6.043     3.631     0.9299      0.9299      0.9297      0.8330
107     A         B          107           VAL           98.48           269    268     99     6.053     6.043     3.631     0.8994      0.8994      0.8991      0.7718
108     A         B          108           SER           97.40           269    268     99     6.053     6.043     3.631     0.8830      0.8830      0.8827      0.7392
109     A         B          109           LEU           98.56           269    268     99     6.053     6.043     3.631     0.9075      0.9075      0.9072      0.7859
110     A         B          110           ASN           96.85           269    268     99     6.053     6.043     3.631     0.8658      0.8658      0.8655      0.7078
111     A         B          111           ILE           97.91           269    268     99     6.053     6.043     3.631     0.8792      0.8792      0.8788      0.7311
112     A         B          112           THR           95.13           269    268     99     6.053     6.043     3.631     0.8405      0.8405      0.8400      0.6631
113     A         B          113           SER           95.23           269    268     99     6.053     6.043     3.631     0.7623      0.7623      0.7617      0.5441
114     A         B          114           LEU           97.86           269    268     99     6.053     6.043     3.631     0.8370      0.8370      0.8365      0.6562
115     A         B          115           GLY           96.73           269    268     99     6.053     6.043     3.631     0.7091      0.7091      0.7084      0.4766
116     A         B          116           LEU           98.02           269    268     99     6.053     6.043     3.631     0.7915      0.7915      0.7910      0.5847
117     A         B          117           ARG           94.02           269    268     99     6.053     6.043     3.631     0.5690      0.5690      0.5682      0.3327
118     A         B          118           SER           98.26           269    268     99     6.053     6.043     3.631     0.7952      0.7952      0.7946      0.5888
119     A         B          119           LEU           98.36           269    268     99     6.053     6.043     3.631     0.8573      0.8573      0.8569      0.6896
120     A         B          120           LYS           97.46           269    268     99     6.053     6.043     3.631     0.6870      0.6870      0.6862      0.4490
121     A         B          121           GLU           98.67           269    268     99     6.053     6.043     3.631     0.8741      0.8741      0.8737      0.7195
122     A         B          122           ILE           98.91           269    268     99     6.053     6.043     3.631     0.9066      0.9066      0.9064      0.7830
123     A         B          123           SER           98.60           269    268     99     6.053     6.043     3.631     0.8690      0.8690      0.8686      0.7110
124     A         B          124           ASP           98.07           269    268     99     6.053     6.043     3.631     0.8925      0.8925      0.8921      0.7560
125     A         B          125           GLY           98.71           269    268     99     6.053     6.043     3.631     0.8775      0.8775      0.8772      0.7294
126     A         B          126           ASP           98.80           269    268     99     6.053     6.043     3.631     0.9218      0.9218      0.9216      0.8152
127     A         B          127           VAL           98.81           269    268     99     6.053     6.043     3.631     0.9298      0.9298      0.9296      0.8326
128     A         B          128           ILE           98.74           269    268     99     6.053     6.043     3.631     0.9312      0.9312      0.9309      0.8356
129     A         B          129           ILE           98.70           269    268     99     6.053     6.043     3.631     0.9265      0.9265      0.9263      0.8254
130     A         B          130           SER           97.76           269    268     99     6.053     6.043     3.631     0.8516      0.8516      0.8512      0.6854
131     A         B          131           GLY           97.97           269    268     99     6.053     6.043     3.631     0.8674      0.8674      0.8670      0.7112
132     A         B          132           ASN           98.01           269    268     99     6.053     6.043     3.631     0.8916      0.8916      0.8913      0.7542
133     A         B          133           LYS           94.93           269    268     99     6.053     6.043     3.631     0.8275      0.8275      0.8271      0.6431
134     A         B          134           ASN           95.68           269    268     99     6.053     6.043     3.631     0.8423      0.8423      0.8419      0.6663
135     A         B          135           LEU           97.63           269    268     99     6.053     6.043     3.631     0.8545      0.8545      0.8541      0.6857
136     A         B          136           CYS           95.75           269    268     99     6.053     6.043     3.631     0.6630      0.6630      0.6623      0.4250
137     A         B          137           TYR           91.12           269    268     99     6.053     6.043     3.631     0.4553      0.4553      0.4545      0.2356
138     A         B          138           ALA           95.01           269    268     99     6.053     6.043     3.631     0.5514      0.5514      0.5506      0.3134
139     A         B          139           ASN           86.97           269    268     99     6.053     6.043     3.631     0.4733      0.4733      0.4725      0.2508
140     A         B          140           THR           88.47           269    268     99     6.053     6.043     3.631     0.4699      0.4699      0.4691      0.2482
141     A         B          141           ILE           94.13           269    268     99     6.053     6.043     3.631     0.6233      0.6233      0.6226      0.3810
142     A         B          142           ASN           95.53           269    268     99     6.053     6.043     3.631     0.6836      0.6836      0.6829      0.4459
143     A         B          143           TRP           97.98           269    268     99     6.053     6.043     3.631     0.8134      0.8134      0.8129      0.6188
144     A         B          144           LYS           96.05           269    268     99     6.053     6.043     3.631     0.7671      0.7671      0.7665      0.5510
145     A         B          145           LYS           96.78           269    268     99     6.053     6.043     3.631     0.7455      0.7455      0.7449      0.5219
146     A         B          146           LEU           98.20           269    268     99     6.053     6.043     3.631     0.8349      0.8349      0.8345      0.6519
147     A         B          147           PHE           98.59           269    268     99     6.053     6.043     3.631     0.8517      0.8517      0.8513      0.6804
148     A         B          148           GLY           98.27           269    268     99     6.053     6.043     3.631     0.6678      0.6678      0.6670      0.4292
149     A         B          149           THR           96.55           269    268     99     6.053     6.043     3.631     0.6654      0.6654      0.6646      0.4290
150     A         B          150           SER           95.28           269    268     99     6.053     6.043     3.631     0.5912      0.5912      0.5904      0.3560
151     A         B          151           GLY           95.98           269    268     99     6.053     6.043     3.631     0.6985      0.6985      0.6978      0.4695
152     A         B          152           GLN           98.66           269    268     99     6.053     6.043     3.631     0.8343      0.8343      0.8338      0.6544
153     A         B          153           LYS           96.86           269    268     99     6.053     6.043     3.631     0.8047      0.8047      0.8042      0.6101
154     A         B          154           THR           97.69           269    268     99     6.053     6.043     3.631     0.8537      0.8537      0.8533      0.6878
155     A         B          155           LYS           97.90           269    268     99     6.053     6.043     3.631     0.8803      0.8803      0.8800      0.7353
156     A         B          156           ILE           96.96           269    268     99     6.053     6.043     3.631     0.8556      0.8556      0.8552      0.6907
157     A         B          157           ILE           95.87           269    268     99     6.053     6.043     3.631     0.7250      0.7250      0.7244      0.5023
158     A         B          158           SER           95.68           269    268     99     6.053     6.043     3.631     0.7890      0.7890      0.7884      0.5850
159     A         B          159           ASN           97.22           269    268     99     6.053     6.043     3.631     0.8435      0.8435      0.8431      0.6675
160     A         B          160           ARG           95.51           269    268     99     6.053     6.043     3.631     0.7297      0.7297      0.7290      0.5022
161     A         B          161           GLY           92.82           269    268     99     6.053     6.043     3.631     0.5245      0.5245      0.5237      0.2947
162     A         B          162           GLU           87.51           269    268     99     6.053     6.043     3.631     0.5088      0.5088      0.5080      0.2783
163     A         B          163           ASN           91.84           269    268     99     6.053     6.043     3.631     0.4349      0.4349      0.4341      0.2212
164     A         B          164           SER           91.89           269    268     99     6.053     6.043     3.631     0.4839      0.4839      0.4831      0.2572
165     A         B          165           CYS           93.63           269    268     99     6.053     6.043     3.631     0.5109      0.5109      0.5100      0.2786
166     A         B          166           LYS           90.70           269    268     99     6.053     6.043     3.631     0.4607      0.4607      0.4599      0.2397
167     A         B          167           ALA           90.44           269    268     99     6.053     6.043     3.631     0.3222      0.3222      0.3214      0.1479
168     A         B          168           THR           82.68           269    268     99     6.053     6.043     3.631     0.2230      0.2230      0.2224      0.0942
169     A         B          169           GLY           80.31           269    268     43     6.053     6.043     1.965     0.1399      0.1593      0.1589      0.0196
170     A         B          170           GLN           63.58           269    268      0     6.053     6.043     1.000     0.1005      0.0000      0.0000      0.0000
171     B         A            1           MET           93.89           269    268    170     6.053     6.043     4.861     0.4104      0.4104      0.4096      0.3124
172     B         A            2           VAL           96.25           269    268    170     6.053     6.043     4.861     0.6688      0.6688      0.6680      0.5687
173     B         A            3           GLU           97.67           269    268    170     6.053     6.043     4.861     0.7082      0.7082      0.7075      0.6132
174     B         A            4           LEU           97.84           269    268    170     6.053     6.043     4.861     0.8118      0.8118      0.8113      0.7380
175     B         A            5           VAL           98.32           269    268    170     6.053     6.043     4.861     0.8376      0.8376      0.8371      0.7707
176     B         A            6           ARG           98.13           269    268    170     6.053     6.043     4.861     0.8435      0.8435      0.8431      0.7784
177     B         A            7           GLU           98.38           269    268    170     6.053     6.043     4.861     0.8465      0.8465      0.8461      0.7826
178     B         A            8           ALA           98.82           269    268    170     6.053     6.043     4.861     0.8706      0.8706      0.8703      0.8144
179     B         A            9           ALA           98.32           269    268    170     6.053     6.043     4.861     0.8664      0.8664      0.8660      0.8086
180     B         A           10           ARG           97.52           269    268    170     6.053     6.043     4.861     0.8304      0.8304      0.8300      0.7615
181     B         A           11           ILE           98.69           269    268    170     6.053     6.043     4.861     0.8775      0.8775      0.8772      0.8237
182     B         A           12           ALA           98.44           269    268    170     6.053     6.043     4.861     0.8649      0.8649      0.8645      0.8066
183     B         A           13           ALA           97.61           269    268    170     6.053     6.043     4.861     0.8582      0.8582      0.8578      0.7977
184     B         A           14           GLU           97.08           269    268    170     6.053     6.043     4.861     0.7777      0.7777      0.7771      0.6955
185     B         A           15           LEU           98.24           269    268    170     6.053     6.043     4.861     0.8259      0.8259      0.8255      0.7561
186     B         A           16           GLY           96.82           269    268    170     6.053     6.043     4.861     0.7065      0.7065      0.7058      0.6118
187     B         A           17           ALA           97.80           269    268    170     6.053     6.043     4.861     0.7950      0.7950      0.7945      0.7171
188     B         A           18           SER           96.59           269    268    170     6.053     6.043     4.861     0.8082      0.8082      0.8076      0.7336
189     B         A           19           ALA           96.22           269    268    170     6.053     6.043     4.861     0.8290      0.8290      0.8285      0.7602
190     B         A           20           GLU           96.76           269    268    170     6.053     6.043     4.861     0.8549      0.8549      0.8545      0.7939
191     B         A           21           GLN           98.15           269    268    170     6.053     6.043     4.861     0.8839      0.8839      0.8836      0.8326
192     B         A           22           CYS           98.14           269    268    170     6.053     6.043     4.861     0.8953      0.8953      0.8950      0.8481
193     B         A           23           ARG           98.02           269    268    170     6.053     6.043     4.861     0.8959      0.8959      0.8956      0.8490
194     B         A           24           VAL           98.69           269    268    170     6.053     6.043     4.861     0.9130      0.9130      0.9127      0.8727
195     B         A           25           CYS           98.83           269    268    170     6.053     6.043     4.861     0.9148      0.9148      0.9146      0.8753
196     B         A           26           ALA           98.69           269    268    170     6.053     6.043     4.861     0.9081      0.9081      0.9079      0.8658
197     B         A           27           LEU           98.72           269    268    170     6.053     6.043     4.861     0.9215      0.9215      0.9213      0.8847
198     B         A           28           VAL           98.82           269    268    170     6.053     6.043     4.861     0.9254      0.9254      0.9251      0.8902
199     B         A           29           VAL           98.87           269    268    170     6.053     6.043     4.861     0.9234      0.9234      0.9232      0.8874
200     B         A           30           ALA           98.81           269    268    170     6.053     6.043     4.861     0.9178      0.9178      0.9176      0.8795
201     B         A           31           GLU           98.55           269    268    170     6.053     6.043     4.861     0.9227      0.9227      0.9225      0.8865
202     B         A           32           ARG           98.27           269    268    170     6.053     6.043     4.861     0.9044      0.9044      0.9042      0.8607
203     B         A           33           ALA           98.46           269    268    170     6.053     6.043     4.861     0.8996      0.8996      0.8993      0.8542
204     B         A           34           ALA           98.39           269    268    170     6.053     6.043     4.861     0.8893      0.8893      0.8890      0.8400
205     B         A           35           LEU           98.00           269    268    170     6.053     6.043     4.861     0.8896      0.8896      0.8893      0.8404
206     B         A           36           GLY           96.82           269    268    170     6.053     6.043     4.861     0.8215      0.8215      0.8210      0.7509
207     B         A           37           LEU           97.60           269    268    170     6.053     6.043     4.861     0.8267      0.8267      0.8263      0.7574
208     B         A           38           PRO           94.40           269    268    170     6.053     6.043     4.861     0.7101      0.7101      0.7094      0.6185
209     B         A           39           LEU           95.64           269    268    170     6.053     6.043     4.861     0.5688      0.5688      0.5680      0.4674
210     B         A           40           ASP           97.83           269    268    170     6.053     6.043     4.861     0.7684      0.7684      0.7678      0.6852
211     B         A           41           VAL           98.54           269    268    170     6.053     6.043     4.861     0.8546      0.8546      0.8542      0.7934
212     B         A           42           GLU           98.43           269    268    170     6.053     6.043     4.861     0.8351      0.8351      0.8346      0.7682
213     B         A           43           GLU           98.09           269    268    170     6.053     6.043     4.861     0.8633      0.8633      0.8629      0.8056
214     B         A           44           GLU           98.53           269    268    170     6.053     6.043     4.861     0.8901      0.8901      0.8898      0.8413
215     B         A           45           VAL           98.91           269    268    170     6.053     6.043     4.861     0.9063      0.9063      0.9060      0.8633
216     B         A           46           ARG           98.81           269    268    170     6.053     6.043     4.861     0.8700      0.8700      0.8696      0.8142
217     B         A           47           GLU           98.26           269    268    170     6.053     6.043     4.861     0.8892      0.8892      0.8889      0.8406
218     B         A           48           THR           98.86           269    268    170     6.053     6.043     4.861     0.9097      0.9097      0.9094      0.8683
219     B         A           49           LEU           98.76           269    268    170     6.053     6.043     4.861     0.9052      0.9052      0.9049      0.8620
220     B         A           50           GLU           98.30           269    268    170     6.053     6.043     4.861     0.8729      0.8729      0.8725      0.8186
221     B         A           51           SER           98.50           269    268    170     6.053     6.043     4.861     0.8939      0.8939      0.8936      0.8469
222     B         A           52           LEU           98.75           269    268    170     6.053     6.043     4.861     0.9036      0.9036      0.9033      0.8600
223     B         A           53           ARG           98.03           269    268    170     6.053     6.043     4.861     0.8582      0.8582      0.8578      0.7987
224     B         A           54           ARG           97.22           269    268    170     6.053     6.043     4.861     0.8274      0.8274      0.8269      0.7595
225     B         A           55           HIS           97.04           269    268    170     6.053     6.043     4.861     0.8246      0.8246      0.8241      0.7561
226     B         A           56           GLY           96.73           269    268    170     6.053     6.043     4.861     0.6761      0.6761      0.6754      0.5818
227     B         A           57           PHE           96.63           269    268    170     6.053     6.043     4.861     0.5621      0.5621      0.5613      0.4602
228     B         A           58           THR           89.81           269    268    170     6.053     6.043     4.861     0.4039      0.4039      0.4032      0.3121
229     B         A           59           GLY           93.18           269    268    170     6.053     6.043     4.861     0.4122      0.4122      0.4115      0.3168
230     B         A           60           PRO           92.98           269    268    170     6.053     6.043     4.861     0.5992      0.5992      0.5984      0.4966
231     B         A           61           ASP           95.90           269    268    170     6.053     6.043     4.861     0.6823      0.6823      0.6816      0.5867
232     B         A           62           GLU           93.26           269    268    170     6.053     6.043     4.861     0.7466      0.7466      0.7460      0.6620
233     B         A           63           SER           93.15           269    268    170     6.053     6.043     4.861     0.7845      0.7845      0.7839      0.7061
234     B         A           64           GLY           97.07           269    268    170     6.053     6.043     4.861     0.8274      0.8274      0.8270      0.7598
235     B         A           65           GLU           97.47           269    268    170     6.053     6.043     4.861     0.8722      0.8722      0.8719      0.8180
236     B         A           66           ARG           96.00           269    268    170     6.053     6.043     4.861     0.8791      0.8791      0.8787      0.8270
237     B         A           67           THR           97.67           269    268    170     6.053     6.043     4.861     0.8900      0.8900      0.8897      0.8416
238     B         A           68           THR           98.66           269    268    170     6.053     6.043     4.861     0.9140      0.9140      0.9138      0.8746
239     B         A           69           PHE           97.92           269    268    170     6.053     6.043     4.861     0.9124      0.9124      0.9121      0.8721
240     B         A           70           ALA           97.35           269    268    170     6.053     6.043     4.861     0.9003      0.9003      0.9000      0.8553
241     B         A           71           VAL           98.49           269    268    170     6.053     6.043     4.861     0.9107      0.9107      0.9104      0.8698
242     B         A           72           LEU           98.67           269    268    170     6.053     6.043     4.861     0.9126      0.9126      0.9123      0.8722
243     B         A           73           ALA           97.02           269    268    170     6.053     6.043     4.861     0.8808      0.8808      0.8805      0.8288
244     B         A           74           ALA           96.58           269    268    170     6.053     6.043     4.861     0.8536      0.8536      0.8532      0.7923
245     B         A           75           ALA           97.08           269    268    170     6.053     6.043     4.861     0.8475      0.8475      0.8471      0.7847
246     B         A           76           TYR           97.66           269    268    170     6.053     6.043     4.861     0.8482      0.8482      0.8478      0.7849
247     B         A           77           GLY           95.93           269    268    170     6.053     6.043     4.861     0.8082      0.8082      0.8077      0.7335
248     B         A           78           GLU           94.72           269    268    170     6.053     6.043     4.861     0.7973      0.7973      0.7967      0.7202
249     B         A           79           GLU           97.18           269    268    170     6.053     6.043     4.861     0.7630      0.7630      0.7624      0.6788
250     B         A           80           ALA           97.61           269    268    170     6.053     6.043     4.861     0.8129      0.8129      0.8124      0.7395
251     B         A           81           ALA           98.17           269    268    170     6.053     6.043     4.861     0.8424      0.8424      0.8420      0.7773
252     B         A           82           ARG           98.04           269    268    170     6.053     6.043     4.861     0.8375      0.8375      0.8371      0.7712
253     B         A           83           GLU           98.36           269    268    170     6.053     6.043     4.861     0.8218      0.8218      0.8213      0.7508
254     B         A           84           VAL           98.62           269    268    170     6.053     6.043     4.861     0.8559      0.8559      0.8555      0.7950
255     B         A           85           LEU           98.51           269    268    170     6.053     6.043     4.861     0.8594      0.8594      0.8590      0.7995
256     B         A           86           GLU           98.52           269    268    170     6.053     6.043     4.861     0.8274      0.8274      0.8269      0.7581
257     B         A           87           THR           98.50           269    268    170     6.053     6.043     4.861     0.8374      0.8374      0.8370      0.7706
258     B         A           88           ALA           98.49           269    268    170     6.053     6.043     4.861     0.8119      0.8119      0.8113      0.7379
259     B         A           89           ARG           97.29           269    268    170     6.053     6.043     4.861     0.7851      0.7851      0.7845      0.7045
260     B         A           90           ARG           97.42           269    268    170     6.053     6.043     4.861     0.7433      0.7433      0.7427      0.6549
261     B         A           91           GLU           97.32           269    268    170     6.053     6.043     4.861     0.7001      0.7001      0.6994      0.6040
262     B         A           92           ALA           95.30           269    268    170     6.053     6.043     4.861     0.6213      0.6213      0.6205      0.5175
263     B         A           93           ALA           95.83           269    268    170     6.053     6.043     4.861     0.6450      0.6450      0.6443      0.5427
264     B         A           94           ARG           95.94           269    268    170     6.053     6.043     4.861     0.5904      0.5904      0.5896      0.4851
265     B         A           95           LEU           94.09           269    268    170     6.053     6.043     4.861     0.4966      0.4966      0.4958      0.3914
266     B         A           96           ALA           91.17           269    268    170     6.053     6.043     4.861     0.3702      0.3702      0.3694      0.2766
267     B         A           97           ALA           91.24           269    268    170     6.053     6.043     4.861     0.3109      0.3109      0.3102      0.2268
268     B         A           98           LEU           80.81           269    268    126     6.053     6.043     4.159     0.1654      0.1775      0.1770      0.0927
269     B         A           99           GLU           71.44           269    268      0     6.053     6.043     1.000     0.0779      0.0000      0.0000      0.0000
