i   AlignChn ScoredChain  AlignResNum  AlignResType  AlignRespLDDT      n0chn  n0dom  n0res    d0chn     d0dom     d0res   ipTM_pae  ipSAE_d0chn ipSAE_d0dom    ipSAE 
1       A         B            1           LYS           91.56           269    268     99     6.053     6.043     3.631     0.3008      0.3008      0.3001      0.1360
2       A         B            2           VAL           97.11           269    268     99     6.053     6.043     3.631     0.7524      0.7524      0.7518      0.5299
3       A         B            3           CYS           96.83           269    268     99     6.053     6.043     3.631     0.8276      0.8276      0.8271      0.6401
4       A         B            4           ASN           96.71           269    268     99     6.053     6.043     3.631     0.8497      0.8497      0.8493      0.6776
5       A         B            5           GLY           97.79           269    268     99     6.053     6.043     3.631     0.8249      0.8249      0.8244      0.6399
6       A         B            6           ILE           95.98           269    268     99     6.053     6.043     3.631     0.8339      0.8339      0.8335      0.6536
7       A         B            7           GLY           93.61           269    268     99     6.053     6.043     3.631     0.6959      0.6959      0.6953      0.4633
8       A         B            8           ILE           90.82           269    268     99     6.053     6.043     3.631     0.6835      0.6835      0.6828      0.4509
9       A         B            9           GLY           93.40           269    268     99     6.053     6.043     3.631     0.6138      0.6138      0.6130      0.3722
10      A         B           10           GLU           89.65           269    268     99     6.053     6.043     3.631     0.5832      0.5832      0.5824      0.3454
11      A         B           11           PHE           93.81           269    268     99     6.053     6.043     3.631     0.7605      0.7605      0.7599      0.5436
12      A         B           12           LYS           92.77           269    268     99     6.053     6.043     3.631     0.7084      0.7084      0.7077      0.4789
13      A         B           13           ASP           88.18           269    268     99     6.053     6.043     3.631     0.6645      0.6645      0.6638      0.4360
14      A         B           14           THR           93.04           269    268     99     6.053     6.043     3.631     0.7898      0.7898      0.7893      0.5906
15      A         B           15           LEU           92.62           269    268     99     6.053     6.043     3.631     0.8075      0.8075      0.8070      0.6145
16      A         B           16           SER           95.19           269    268     99     6.053     6.043     3.631     0.8616      0.8616      0.8612      0.7008
17      A         B           17           ILE           95.50           269    268     99     6.053     6.043     3.631     0.8675      0.8675      0.8671      0.7107
18      A         B           18           ASN           92.84           269    268     99     6.053     6.043     3.631     0.8314      0.8314      0.8310      0.6488
19      A         B           19           ALA           94.86           269    268     99     6.053     6.043     3.631     0.8174      0.8174      0.8169      0.6273
20      A         B           20           THR           91.72           269    268     99     6.053     6.043     3.631     0.7188      0.7188      0.7182      0.4917
21      A         B           21           ASN           93.41           269    268     99     6.053     6.043     3.631     0.8211      0.8211      0.8206      0.6326
22      A         B           22           ILE           95.25           269    268     99     6.053     6.043     3.631     0.8274      0.8274      0.8269      0.6416
23      A         B           23           LYS           93.02           269    268     99     6.053     6.043     3.631     0.7287      0.7287      0.7280      0.5043
24      A         B           24           HIS           93.03           269    268     99     6.053     6.043     3.631     0.7050      0.7050      0.7043      0.4723
25      A         B           25           PHE           96.64           269    268     99     6.053     6.043     3.631     0.8179      0.8179      0.8174      0.6253
26      A         B           26           LYS           94.56           269    268     99     6.053     6.043     3.631     0.7498      0.7498      0.7492      0.5278
27      A         B           27           TYR           96.17           269    268     99     6.053     6.043     3.631     0.6599      0.6599      0.6592      0.4182
28      A         B           28           CYS           97.58           269    268     99     6.053     6.043     3.631     0.7951      0.7951      0.7946      0.5895
29      A         B           29           THR           97.82           269    268     99     6.053     6.043     3.631     0.8016      0.8016      0.8011      0.5994
30      A         B           30           ALA           98.35           269    268     99     6.053     6.043     3.631     0.8668      0.8668      0.8664      0.7061
31      A         B           31           ILE           98.48           269    268     99     6.053     6.043     3.631     0.8908      0.8908      0.8904      0.7515
32      A         B           32           SER           97.68           269    268     99     6.053     6.043     3.631     0.8567      0.8567      0.8563      0.6888
33      A         B           33           GLY           97.66           269    268     99     6.053     6.043     3.631     0.8557      0.8557      0.8552      0.6904
34      A         B           34           ASP           97.80           269    268     99     6.053     6.043     3.631     0.8837      0.8837      0.8834      0.7400
35      A         B           35           LEU           98.21           269    268     99     6.053     6.043     3.631     0.8902      0.8902      0.8898      0.7534
36      A         B           36           HIS           96.60           269    268     99     6.053     6.043     3.631     0.8260      0.8260      0.8256      0.6453
37      A         B           37           ILE           98.44           269    268     99     6.053     6.043     3.631     0.9183      0.9183      0.9180      0.8097
38      A         B           38           LEU           97.20           269    268     99     6.053     6.043     3.631     0.9204      0.9204      0.9201      0.8140
39      A         B           39           PRO           95.83           269    268     99     6.053     6.043     3.631     0.8934      0.8934      0.8930      0.7605
40      A         B           40           VAL           93.13           269    268     99     6.053     6.043     3.631     0.8618      0.8618      0.8614      0.7033
41      A         B           41           ALA           95.58           269    268     99     6.053     6.043     3.631     0.8663      0.8663      0.8659      0.7097
42      A         B           42           PHE           95.71           269    268     99     6.053     6.043     3.631     0.8213      0.8213      0.8208      0.6362
43      A         B           43           LYS           91.72           269    268     99     6.053     6.043     3.631     0.6349      0.6349      0.6342      0.4015
44      A         B           44           GLY           90.73           269    268     99     6.053     6.043     3.631     0.4850      0.4850      0.4842      0.2677
45      A         B           45           ASP           84.03           269    268     99     6.053     6.043     3.631     0.4088      0.4088      0.4080      0.2089
46      A         B           46           SER           74.17           269    268     99     6.053     6.043     3.631     0.3351      0.3351      0.3344      0.1619
47      A         B           47           PHE           72.64           269    268     99     6.053     6.043     3.631     0.4026      0.4026      0.4018      0.2064
48      A         B           48           THR           79.93           269    268     99     6.053     6.043     3.631     0.4152      0.4152      0.4144      0.2117
49      A         B           49           ARG           85.39           269    268     99     6.053     6.043     3.631     0.3866      0.3866      0.3858      0.1928
50      A         B           50           THR           89.28           269    268     99     6.053     6.043     3.631     0.4904      0.4904      0.4896      0.2677
51      A         B           51           PRO           92.79           269    268     99     6.053     6.043     3.631     0.5803      0.5803      0.5796      0.3456
52      A         B           52           PRO           93.97           269    268     99     6.053     6.043     3.631     0.7248      0.7248      0.7241      0.4998
53      A         B           53           LEU           95.62           269    268     99     6.053     6.043     3.631     0.8148      0.8148      0.8143      0.6231
54      A         B           54           ASP           95.33           269    268     99     6.053     6.043     3.631     0.7735      0.7735      0.7730      0.5615
55      A         B           55           PRO           94.96           269    268     99     6.053     6.043     3.631     0.7135      0.7135      0.7129      0.4828
56      A         B           56           ARG           95.42           269    268     99     6.053     6.043     3.631     0.6862      0.6862      0.6855      0.4514
57      A         B           57           GLU           95.79           269    268     99     6.053     6.043     3.631     0.7925      0.7925      0.7920      0.5868
58      A         B           58           LEU           97.39           269    268     99     6.053     6.043     3.631     0.8474      0.8474      0.8470      0.6739
59      A         B           59           GLU           96.50           269    268     99     6.053     6.043     3.631     0.7968      0.7968      0.7963      0.5951
60      A         B           60           ILE           96.43           269    268     99     6.053     6.043     3.631     0.8131      0.8131      0.8126      0.6174
61      A         B           61           LEU           98.16           269    268     99     6.053     6.043     3.631     0.8723      0.8723      0.8720      0.7176
62      A         B           62           LYS           97.41           269    268     99     6.053     6.043     3.631     0.8345      0.8345      0.8340      0.6527
63      A         B           63           THR           97.67           269    268     99     6.053     6.043     3.631     0.7934      0.7934      0.7928      0.5876
64      A         B           64           VAL           98.46           269    268     99     6.053     6.043     3.631     0.8806      0.8806      0.8802      0.7325
65      A         B           65           LYS           98.40           269    268     99     6.053     6.043     3.631     0.8295      0.8295      0.8290      0.6432
66      A         B           66           GLU           98.62           269    268     99     6.053     6.043     3.631     0.8935      0.8935      0.8932      0.7563
67      A         B           67           ILE           98.85           269    268     99     6.053     6.043     3.631     0.9233      0.9233      0.9231      0.8180
68      A         B           68           THR           98.47           269    268     99     6.053     6.043     3.631     0.9032      0.9032      0.9029      0.7763
69      A         B           69           GLY           98.32           269    268     99     6.053     6.043     3.631     0.8976      0.8976      0.8973      0.7671
70      A         B           70           PHE           98.59           269    268     99     6.053     6.043     3.631     0.9245      0.9245      0.9243      0.8215
71      A         B           71           LEU           98.93           269    268     99     6.053     6.043     3.631     0.9389      0.9389      0.9387      0.8528
72      A         B           72           LEU           98.68           269    268     99     6.053     6.043     3.631     0.9337      0.9337      0.9335      0.8418
73      A         B           73           ILE           98.89           269    268     99     6.053     6.043     3.631     0.9366      0.9366      0.9364      0.8482
74      A         B           74           GLN           98.39           269    268     99     6.053     6.043     3.631     0.9186      0.9186      0.9183      0.8105
75      A         B           75           ALA           97.54           269    268     99     6.053     6.043     3.631     0.9155      0.9155      0.9152      0.8026
76      A         B           76           TRP           98.37           269    268     99     6.053     6.043     3.631     0.9009      0.9009      0.9006      0.7736
77      A         B           77           PRO           96.82           269    268     99     6.053     6.043     3.631     0.8267      0.8267      0.8262      0.6412
78      A         B           78           ASP           90.90           269    268     99     6.053     6.043     3.631     0.6336      0.6336      0.6328      0.3965
79      A         B           79           ASN           91.07           269    268     99     6.053     6.043     3.631     0.5871      0.5871      0.5863      0.3521
80      A         B           80           TRP           97.15           269    268     99     6.053     6.043     3.631     0.8083      0.8083      0.8078      0.6119
81      A         B           81           THR           95.19           269    268     99     6.053     6.043     3.631     0.7117      0.7117      0.7110      0.4795
82      A         B           82           ASP           96.78           269    268     99     6.053     6.043     3.631     0.7925      0.7925      0.7920      0.5870
83      A         B           83           LEU           98.47           269    268     99     6.053     6.043     3.631     0.8734      0.8734      0.8731      0.7203
84      A         B           84           HIS           96.71           269    268     99     6.053     6.043     3.631     0.7837      0.7837      0.7831      0.5752
85      A         B           85           ALA           97.53           269    268     99     6.053     6.043     3.631     0.8163      0.8163      0.8158      0.6228
86      A         B           86           PHE           98.82           269    268     99     6.053     6.043     3.631     0.8866      0.8866      0.8862      0.7445
87      A         B           87           GLU           97.57           269    268     99     6.053     6.043     3.631     0.8038      0.8038      0.8032      0.6051
88      A         B           88           ASN           98.38           269    268     99     6.053     6.043     3.631     0.8553      0.8553      0.8549      0.6869
89      A         B           89           LEU           98.86           269    268     99     6.053     6.043     3.631     0.9010      0.9010      0.9007      0.7722
90      A         B           90           GLU           98.73           269    268     99     6.053     6.043     3.631     0.8681      0.8681      0.8678      0.7097
91      A         B           91           ILE           98.75           269    268     99     6.053     6.043     3.631     0.8918      0.8918      0.8915      0.7531
92      A         B           92           ILE           98.95           269    268     99     6.053     6.043     3.631     0.9226      0.9226      0.9223      0.8165
93      A         B           93           ARG           98.74           269    268     99     6.053     6.043     3.631     0.8915      0.8915      0.8912      0.7533
94      A         B           94           GLY           98.24           269    268     99     6.053     6.043     3.631     0.8731      0.8731      0.8727      0.7190
95      A         B           95           ARG           96.83           269    268     99     6.053     6.043     3.631     0.8314      0.8314      0.8309      0.6478
96      A         B           96           THR           94.67           269    268     99     6.053     6.043     3.631     0.8804      0.8804      0.8801      0.7343
97      A         B           97           LYS           96.27           269    268     99     6.053     6.043     3.631     0.9055      0.9055      0.9052      0.7832
98      A         B           98           GLN           97.77           269    268     99     6.053     6.043     3.631     0.9152      0.9152      0.9149      0.8031
99      A         B           99           HIS           97.95           269    268     99     6.053     6.043     3.631     0.9234      0.9234      0.9232      0.8198
100     A         B          100           GLY           97.47           269    268     99     6.053     6.043     3.631     0.9019      0.9019      0.9016      0.7767
101     A         B          101           GLN           97.67           269    268     99     6.053     6.043     3.631     0.9028      0.9028      0.9025      0.7773
102     A         B          102           PHE           98.62           269    268     99     6.053     6.043     3.631     0.9370      0.9370      0.9368      0.8489
103     A         B          103           SER           98.40           269    268     99     6.053     6.043     3.631     0.9141      0.9141      0.9138      0.8000
104     A         B          104           LEU           98.86           269    268     99     6.053     6.043     3.631     0.9383      0.9383      0.9381      0.8520
105     A         B          105           ALA           98.71           269    268     99     6.053     6.043     3.631     0.9308      0.9308      0.9306      0.8360
106     A         B          106           VAL           98.79           269    268     99     6.053     6.043     3.631     0.9307      0.9307      0.9304      0.8356
107     A         B          107           VAL           97.58           269    268     99     6.053     6.043     3.631     0.8786      0.8786      0.8783      0.7342
108     A         B          108           GLY           97.75           269    268     99     6.053     6.043     3.631     0.8783      0.8783      0.8780      0.7320
109     A         B          109           LEU           98.34           269    268     99     6.053     6.043     3.631     0.9118      0.9118      0.9116      0.7954
110     A         B          110           ASN           96.27           269    268     99     6.053     6.043     3.631     0.8730      0.8730      0.8727      0.7215
111     A         B          111           ILE           97.91           269    268     99     6.053     6.043     3.631     0.8853      0.8853      0.8849      0.7431
112     A         B          112           THR           94.07           269    268     99     6.053     6.043     3.631     0.8440      0.8440      0.8436      0.6694
113     A         B          113           SER           93.84           269    268     99     6.053     6.043     3.631     0.7400      0.7400      0.7393      0.5150
114     A         B          114           LEU           97.42           269    268     99     6.053     6.043     3.631     0.8399      0.8399      0.8395      0.6617
115     A         B          115           GLY           96.32           269    268     99     6.053     6.043     3.631     0.7107      0.7107      0.7100      0.4787
116     A         B          116           LEU           97.66           269    268     99     6.053     6.043     3.631     0.7769      0.7769      0.7763      0.5636
117     A         B          117           ARG           92.33           269    268     99     6.053     6.043     3.631     0.5129      0.5129      0.5121      0.2839
118     A         B          118           SER           97.98           269    268     99     6.053     6.043     3.631     0.7854      0.7854      0.7849      0.5747
119     A         B          119           LEU           98.14           269    268     99     6.053     6.043     3.631     0.8619      0.8619      0.8615      0.6982
120     A         B          120           LYS           97.29           269    268     99     6.053     6.043     3.631     0.7260      0.7260      0.7253      0.4958
121     A         B          121           GLU           98.46           269    268     99     6.053     6.043     3.631     0.8727      0.8727      0.8723      0.7175
122     A         B          122           ILE           98.78           269    268     99     6.053     6.043     3.631     0.9063      0.9063      0.9060      0.7828
123     A         B          123           SER           98.27           269    268     99     6.053     6.043     3.631     0.8636      0.8636      0.8632      0.7016
124     A         B          124           ASP           97.39           269    268     99     6.053     6.043     3.631     0.8897      0.8897      0.8893      0.7510
125     A         B          125           GLY           98.24           269    268     99     6.053     6.043     3.631     0.8717      0.8717      0.8714      0.7194
126     A         B          126           ASP           98.56           269    268     99     6.053     6.043     3.631     0.9195      0.9195      0.9193      0.8110
127     A         B          127           VAL           98.58           269    268     99     6.053     6.043     3.631     0.9309      0.9309      0.9307      0.8358
128     A         B          128           ILE           98.54           269    268     99     6.053     6.043     3.631     0.9320      0.9320      0.9318      0.8382
129     A         B          129           ILE           98.48           269    268     99     6.053     6.043     3.631     0.9290      0.9290      0.9288      0.8318
130     A         B          130           SER           97.35           269    268     99     6.053     6.043     3.631     0.8613      0.8613      0.8609      0.7028
131     A         B          131           GLY           97.59           269    268     99     6.053     6.043     3.631     0.8686      0.8686      0.8683      0.7142
132     A         B          132           ASN           97.85           269    268     99     6.053     6.043     3.631     0.8951      0.8951      0.8948      0.7619
133     A         B          133           ARG           93.14           269    268     99     6.053     6.043     3.631     0.8134      0.8134      0.8129      0.6216
134     A         B          134           ASN           94.88           269    268     99     6.053     6.043     3.631     0.8481      0.8481      0.8476      0.6769
135     A         B          135           LEU           97.03           269    268     99     6.053     6.043     3.631     0.8687      0.8687      0.8683      0.7116
136     A         B          136           CYS           94.02           269    268     99     6.053     6.043     3.631     0.7129      0.7129      0.7123      0.4830
137     A         B          137           TYR           89.18           269    268     99     6.053     6.043     3.631     0.5111      0.5111      0.5103      0.2793
138     A         B          138           ALA           92.78           269    268     99     6.053     6.043     3.631     0.5857      0.5857      0.5849      0.3452
139     A         B          139           ASN           84.33           269    268     99     6.053     6.043     3.631     0.5145      0.5145      0.5137      0.2831
140     A         B          140           THR           86.69           269    268     99     6.053     6.043     3.631     0.4942      0.4942      0.4933      0.2674
141     A         B          141           ILE           93.66           269    268     99     6.053     6.043     3.631     0.6673      0.6673      0.6666      0.4273
142     A         B          142           ASN           94.77           269    268     99     6.053     6.043     3.631     0.7021      0.7021      0.7014      0.4675
143     A         B          143           TRP           97.23           269    268     99     6.053     6.043     3.631     0.8188      0.8188      0.8183      0.6277
144     A         B          144           LYS           95.17           269    268     99     6.053     6.043     3.631     0.7692      0.7692      0.7686      0.5542
145     A         B          145           LYS           95.82           269    268     99     6.053     6.043     3.631     0.7445      0.7445      0.7439      0.5209
146     A         B          146           LEU           97.73           269    268     99     6.053     6.043     3.631     0.8374      0.8374      0.8369      0.6564
147     A         B          147           PHE           98.33           269    268     99     6.053     6.043     3.631     0.8434      0.8434      0.8430      0.6668
148     A         B          148           GLY           97.60           269    268     99     6.053     6.043     3.631     0.6601      0.6601      0.6594      0.4211
149     A         B          149           THR           94.53           269    268     99     6.053     6.043     3.631     0.6863      0.6863      0.6856      0.4526
150     A         B          150           PRO           95.02           269    268     99     6.053     6.043     3.631     0.6446      0.6446      0.6439      0.4108
151     A         B          151           ASN           91.85           269    268     99     6.053     6.043     3.631     0.7011      0.7011      0.7005      0.4738
152     A         B          152           GLN           97.99           269    268     99     6.053     6.043     3.631     0.8454      0.8454      0.8449      0.6729
153     A         B          153           LYS           96.87           269    268     99     6.053     6.043     3.631     0.8350      0.8350      0.8346      0.6569
154     A         B          154           THR           97.19           269    268     99     6.053     6.043     3.631     0.8645      0.8645      0.8641      0.7070
155     A         B          155           LYS           97.35           269    268     99     6.053     6.043     3.631     0.8805      0.8805      0.8801      0.7360
156     A         B          156           ILE           96.69           269    268     99     6.053     6.043     3.631     0.8702      0.8702      0.8698      0.7168
157     A         B          157           MET           94.67           269    268     99     6.053     6.043     3.631     0.7027      0.7027      0.7021      0.4764
158     A         B          158           ASN           95.65           269    268     99     6.053     6.043     3.631     0.8238      0.8238      0.8234      0.6383
159     A         B          159           ASN           96.84           269    268     99     6.053     6.043     3.631     0.8669      0.8669      0.8665      0.7088
160     A         B          160           ARG           93.62           269    268     99     6.053     6.043     3.631     0.7858      0.7858      0.7852      0.5784
161     A         B          161           ALA           92.16           269    268     99     6.053     6.043     3.631     0.6399      0.6399      0.6392      0.4019
162     A         B          162           GLU           87.49           269    268     99     6.053     6.043     3.631     0.5756      0.5756      0.5748      0.3367
163     A         B          163           LYS           90.52           269    268     99     6.053     6.043     3.631     0.5200      0.5200      0.5192      0.2870
164     A         B          164           ASP           90.16           269    268     99     6.053     6.043     3.631     0.5447      0.5447      0.5439      0.3070
165     A         B          165           CYS           91.33           269    268     99     6.053     6.043     3.631     0.5498      0.5498      0.5490      0.3118
166     A         B          166           LYS           86.73           269    268     99     6.053     6.043     3.631     0.4639      0.4639      0.4631      0.2419
167     A         B          167           ALA           82.34           269    268     99     6.053     6.043     3.631     0.3017      0.3017      0.3010      0.1359
168     A         B          168           VAL           73.94           269    268     93     6.053     6.043     3.498     0.1827      0.1862      0.1857      0.0714
169     A         B          169           ASN           61.28           269    268      1     6.053     6.043     1.000     0.0878      0.1428      0.1424      0.0045
170     A         B          170           HIS           48.71           269    268      0     6.053     6.043     1.000     0.0596      0.0000      0.0000      0.0000
171     B         A            1           MET           93.05           269    268    170     6.053     6.043     4.861     0.3802      0.3802      0.3794      0.2859
172     B         A            2           VAL           95.36           269    268    170     6.053     6.043     4.861     0.6429      0.6429      0.6421      0.5406
173     B         A            3           GLU           96.86           269    268    170     6.053     6.043     4.861     0.6585      0.6585      0.6577      0.5578
174     B         A            4           LEU           97.37           269    268    170     6.053     6.043     4.861     0.7978      0.7978      0.7973      0.7206
175     B         A            5           VAL           98.00           269    268    170     6.053     6.043     4.861     0.8332      0.8332      0.8327      0.7653
176     B         A            6           ARG           97.92           269    268    170     6.053     6.043     4.861     0.8406      0.8406      0.8401      0.7749
177     B         A            7           GLU           98.26           269    268    170     6.053     6.043     4.861     0.8395      0.8395      0.8391      0.7737
178     B         A            8           ALA           98.74           269    268    170     6.053     6.043     4.861     0.8712      0.8712      0.8708      0.8153
179     B         A            9           ALA           98.13           269    268    170     6.053     6.043     4.861     0.8689      0.8689      0.8686      0.8122
180     B         A           10           ARG           97.35           269    268    170     6.053     6.043     4.861     0.8335      0.8335      0.8330      0.7657
181     B         A           11           ILE           98.62           269    268    170     6.053     6.043     4.861     0.8809      0.8809      0.8805      0.8285
182     B         A           12           ALA           98.25           269    268    170     6.053     6.043     4.861     0.8650      0.8650      0.8646      0.8070
183     B         A           13           ALA           97.24           269    268    170     6.053     6.043     4.861     0.8594      0.8594      0.8590      0.7996
184     B         A           14           GLU           96.86           269    268    170     6.053     6.043     4.861     0.7825      0.7825      0.7820      0.7015
185     B         A           15           LEU           98.04           269    268    170     6.053     6.043     4.861     0.8267      0.8267      0.8262      0.7571
186     B         A           16           GLY           96.30           269    268    170     6.053     6.043     4.861     0.6977      0.6977      0.6970      0.6018
187     B         A           17           ALA           97.25           269    268    170     6.053     6.043     4.861     0.7852      0.7852      0.7846      0.7050
188     B         A           18           SER           95.66           269    268    170     6.053     6.043     4.861     0.8048      0.8048      0.8043      0.7295
189     B         A           19           ALA           95.44           269    268    170     6.053     6.043     4.861     0.8294      0.8294      0.8289      0.7610
190     B         A           20           GLU           96.00           269    268    170     6.053     6.043     4.861     0.8519      0.8519      0.8514      0.7901
191     B         A           21           GLN           97.63           269    268    170     6.053     6.043     4.861     0.8782      0.8782      0.8779      0.8251
192     B         A           22           CYS           97.78           269    268    170     6.053     6.043     4.861     0.8957      0.8957      0.8954      0.8489
193     B         A           23           ARG           97.59           269    268    170     6.053     6.043     4.861     0.8967      0.8967      0.8964      0.8504
194     B         A           24           VAL           98.43           269    268    170     6.053     6.043     4.861     0.9131      0.9131      0.9128      0.8731
195     B         A           25           CYS           98.69           269    268    170     6.053     6.043     4.861     0.9155      0.9155      0.9152      0.8766
196     B         A           26           ALA           98.51           269    268    170     6.053     6.043     4.861     0.9078      0.9078      0.9076      0.8657
197     B         A           27           LEU           98.49           269    268    170     6.053     6.043     4.861     0.9209      0.9209      0.9206      0.8841
198     B         A           28           VAL           98.69           269    268    170     6.053     6.043     4.861     0.9272      0.9272      0.9270      0.8930
199     B         A           29           VAL           98.77           269    268    170     6.053     6.043     4.861     0.9248      0.9248      0.9246      0.8897
200     B         A           30           ALA           98.66           269    268    170     6.053     6.043     4.861     0.9191      0.9191      0.9188      0.8816
201     B         A           31           GLU           98.30           269    268    170     6.053     6.043     4.861     0.9265      0.9265      0.9263      0.8922
202     B         A           32           ARG           98.04           269    268    170     6.053     6.043     4.861     0.9107      0.9107      0.9105      0.8698
203     B         A           33           ALA           98.30           269    268    170     6.053     6.043     4.861     0.9075      0.9075      0.9072      0.8654
204     B         A           34           ALA           98.05           269    268    170     6.053     6.043     4.861     0.8981      0.8981      0.8978      0.8523
205     B         A           35           LEU           97.92           269    268    170     6.053     6.043     4.861     0.9035      0.9035      0.9032      0.8598
206     B         A           36           GLY           97.20           269    268    170     6.053     6.043     4.861     0.8424      0.8424      0.8420      0.7778
207     B         A           37           LEU           97.47           269    268    170     6.053     6.043     4.861     0.8455      0.8455      0.8450      0.7817
208     B         A           38           PRO           94.15           269    268    170     6.053     6.043     4.861     0.7799      0.7799      0.7794      0.7001
209     B         A           39           LEU           96.72           269    268    170     6.053     6.043     4.861     0.7663      0.7663      0.7658      0.6834
210     B         A           40           ASP           97.39           269    268    170     6.053     6.043     4.861     0.8193      0.8193      0.8188      0.7483
211     B         A           41           VAL           98.31           269    268    170     6.053     6.043     4.861     0.8611      0.8611      0.8607      0.8022
212     B         A           42           GLU           98.16           269    268    170     6.053     6.043     4.861     0.8348      0.8348      0.8343      0.7681
213     B         A           43           GLU           97.63           269    268    170     6.053     6.043     4.861     0.8615      0.8615      0.8612      0.8035
214     B         A           44           GLU           98.24           269    268    170     6.053     6.043     4.861     0.8900      0.8900      0.8896      0.8413
215     B         A           45           VAL           98.86           269    268    170     6.053     6.043     4.861     0.9068      0.9068      0.9065      0.8644
216     B         A           46           ARG           98.67           269    268    170     6.053     6.043     4.861     0.8688      0.8688      0.8684      0.8129
217     B         A           47           GLU           97.89           269    268    170     6.053     6.043     4.861     0.8808      0.8808      0.8805      0.8295
218     B         A           48           THR           98.73           269    268    170     6.053     6.043     4.861     0.9080      0.9080      0.9077      0.8662
219     B         A           49           LEU           98.56           269    268    170     6.053     6.043     4.861     0.9034      0.9034      0.9031      0.8597
220     B         A           50           GLU           97.96           269    268    170     6.053     6.043     4.861     0.8673      0.8673      0.8669      0.8114
221     B         A           51           SER           98.12           269    268    170     6.053     6.043     4.861     0.8898      0.8898      0.8894      0.8414
222     B         A           52           LEU           98.45           269    268    170     6.053     6.043     4.861     0.8992      0.8992      0.8989      0.8541
223     B         A           53           ARG           97.58           269    268    170     6.053     6.043     4.861     0.8547      0.8547      0.8543      0.7943
224     B         A           54           ARG           96.50           269    268    170     6.053     6.043     4.861     0.8186      0.8186      0.8181      0.7483
225     B         A           55           HIS           96.02           269    268    170     6.053     6.043     4.861     0.7978      0.7978      0.7972      0.7223
226     B         A           56           GLY           95.67           269    268    170     6.053     6.043     4.861     0.6412      0.6412      0.6404      0.5434
227     B         A           57           PHE           95.25           269    268    170     6.053     6.043     4.861     0.5205      0.5205      0.5197      0.4186
228     B         A           58           THR           87.91           269    268    170     6.053     6.043     4.861     0.3960      0.3960      0.3952      0.3044
229     B         A           59           GLY           92.56           269    268    170     6.053     6.043     4.861     0.4168      0.4168      0.4160      0.3205
230     B         A           60           PRO           92.32           269    268    170     6.053     6.043     4.861     0.5867      0.5867      0.5859      0.4836
231     B         A           61           ASP           94.85           269    268    170     6.053     6.043     4.861     0.6596      0.6596      0.6589      0.5615
232     B         A           62           GLU           92.02           269    268    170     6.053     6.043     4.861     0.7300      0.7300      0.7294      0.6427
233     B         A           63           SER           91.27           269    268    170     6.053     6.043     4.861     0.7648      0.7648      0.7642      0.6823
234     B         A           64           GLY           96.60           269    268    170     6.053     6.043     4.861     0.8109      0.8109      0.8104      0.7389
235     B         A           65           GLU           96.75           269    268    170     6.053     6.043     4.861     0.8691      0.8691      0.8687      0.8140
236     B         A           66           ARG           94.03           269    268    170     6.053     6.043     4.861     0.8777      0.8777      0.8773      0.8252
237     B         A           67           THR           97.03           269    268    170     6.053     6.043     4.861     0.8979      0.8979      0.8976      0.8525
238     B         A           68           THR           98.33           269    268    170     6.053     6.043     4.861     0.9158      0.9158      0.9156      0.8773
239     B         A           69           PHE           96.20           269    268    170     6.053     6.043     4.861     0.9145      0.9145      0.9143      0.8754
240     B         A           70           ALA           94.97           269    268    170     6.053     6.043     4.861     0.9039      0.9039      0.9036      0.8604
241     B         A           71           VAL           97.59           269    268    170     6.053     6.043     4.861     0.9189      0.9189      0.9186      0.8814
242     B         A           72           LEU           97.76           269    268    170     6.053     6.043     4.861     0.9162      0.9162      0.9160      0.8776
243     B         A           73           ALA           93.74           269    268    170     6.053     6.043     4.861     0.8827      0.8827      0.8823      0.8314
244     B         A           74           ALA           94.30           269    268    170     6.053     6.043     4.861     0.8653      0.8653      0.8649      0.8079
245     B         A           75           ALA           95.61           269    268    170     6.053     6.043     4.861     0.8581      0.8581      0.8577      0.7988
246     B         A           76           TYR           96.39           269    268    170     6.053     6.043     4.861     0.8580      0.8580      0.8576      0.7980
247     B         A           77           GLY           93.42           269    268    170     6.053     6.043     4.861     0.8108      0.8108      0.8103      0.7369
248     B         A           78           GLU           91.91           269    268    170     6.053     6.043     4.861     0.7921      0.7921      0.7916      0.7139
249     B         A           79           GLU           95.71           269    268    170     6.053     6.043     4.861     0.7624      0.7624      0.7618      0.6784
250     B         A           80           ALA           96.45           269    268    170     6.053     6.043     4.861     0.8194      0.8194      0.8189      0.7479
251     B         A           81           ALA           96.66           269    268    170     6.053     6.043     4.861     0.8427      0.8427      0.8422      0.7777
252     B         A           82           ARG           97.02           269    268    170     6.053     6.043     4.861     0.8328      0.8328      0.8323      0.7653
253     B         A           83           GLU           97.99           269    268    170     6.053     6.043     4.861     0.8187      0.8187      0.8182      0.7471
254     B         A           84           VAL           98.34           269    268    170     6.053     6.043     4.861     0.8563      0.8563      0.8559      0.7957
255     B         A           85           LEU           98.09           269    268    170     6.053     6.043     4.861     0.8595      0.8595      0.8591      0.7998
256     B         A           86           GLU           98.35           269    268    170     6.053     6.043     4.861     0.8258      0.8258      0.8254      0.7564
257     B         A           87           THR           98.19           269    268    170     6.053     6.043     4.861     0.8310      0.8310      0.8305      0.7624
258     B         A           88           ALA           98.19           269    268    170     6.053     6.043     4.861     0.8109      0.8109      0.8104      0.7368
259     B         A           89           ARG           96.81           269    268    170     6.053     6.043     4.861     0.7833      0.7833      0.7827      0.7023
260     B         A           90           ARG           96.95           269    268    170     6.053     6.043     4.861     0.7377      0.7377      0.7371      0.6484
261     B         A           91           GLU           97.17           269    268    170     6.053     6.043     4.861     0.7194      0.7194      0.7187      0.6260
262     B         A           92           ALA           95.09           269    268    170     6.053     6.043     4.861     0.6455      0.6455      0.6447      0.5433
263     B         A           93           ALA           95.05           269    268    170     6.053     6.043     4.861     0.6579      0.6579      0.6572      0.5568
264     B         A           94           ARG           95.39           269    268    170     6.053     6.043     4.861     0.5985      0.5985      0.5977      0.4933
265     B         A           95           LEU           94.05           269    268    170     6.053     6.043     4.861     0.5085      0.5085      0.5076      0.4026
266     B         A           96           ALA           90.45           269    268    170     6.053     6.043     4.861     0.3697      0.3697      0.3689      0.2761
267     B         A           97           ALA           90.68           269    268    170     6.053     6.043     4.861     0.2868      0.2868      0.2861      0.2072
268     B         A           98           LEU           80.53           269    268     32     6.053     6.043     1.388     0.1190      0.1607      0.1602      0.0100
269     B         A           99           GLU           64.49           269    268      0     6.053     6.043     1.000     0.0487      0.0000      0.0000      0.0000
