i   AlignChn ScoredChain  AlignResNum  AlignResType  AlignRespLDDT      n0chn  n0dom  n0res    d0chn     d0dom     d0res   ipTM_pae  ipSAE_d0chn ipSAE_d0dom    ipSAE 
1       A         B            1           LYS           94.10           280    280    110     6.165     6.165     3.858     0.3862      0.3862      0.3862      0.2011
2       A         B            2           VAL           98.09           280    280    110     6.165     6.165     3.858     0.8006      0.8006      0.8006      0.6195
3       A         B            3           CYS           98.07           280    280    110     6.165     6.165     3.858     0.8606      0.8606      0.8606      0.7142
4       A         B            4           ASN           97.85           280    280    110     6.165     6.165     3.858     0.8779      0.8779      0.8779      0.7435
5       A         B            5           GLY           98.30           280    280    110     6.165     6.165     3.858     0.8499      0.8499      0.8499      0.7005
6       A         B            6           ILE           97.29           280    280    110     6.165     6.165     3.858     0.8652      0.8652      0.8652      0.7247
7       A         B            7           GLY           93.73           280    280    110     6.165     6.165     3.858     0.7423      0.7423      0.7423      0.5443
8       A         B            8           ILE           91.87           280    280    110     6.165     6.165     3.858     0.7379      0.7379      0.7379      0.5383
9       A         B            9           GLY           94.55           280    280    110     6.165     6.165     3.858     0.6918      0.6918      0.6918      0.4777
10      A         B           10           GLU           92.99           280    280    110     6.165     6.165     3.858     0.6561      0.6561      0.6561      0.4444
11      A         B           11           PHE           96.30           280    280    110     6.165     6.165     3.858     0.8092      0.8092      0.8092      0.6364
12      A         B           12           LYS           92.18           280    280    110     6.165     6.165     3.858     0.7521      0.7521      0.7521      0.5632
13      A         B           13           ASP           91.07           280    280    110     6.165     6.165     3.858     0.7189      0.7189      0.7189      0.5242
14      A         B           14           SER           95.56           280    280    110     6.165     6.165     3.858     0.8280      0.8280      0.8280      0.6688
15      A         B           15           LEU           96.62           280    280    110     6.165     6.165     3.858     0.8766      0.8766      0.8766      0.7454
16      A         B           16           SER           97.83           280    280    110     6.165     6.165     3.858     0.8956      0.8956      0.8956      0.7792
17      A         B           17           ILE           98.08           280    280    110     6.165     6.165     3.858     0.9012      0.9012      0.9012      0.7865
18      A         B           18           ASN           97.86           280    280    110     6.165     6.165     3.858     0.8820      0.8820      0.8820      0.7513
19      A         B           19           ALA           98.04           280    280    110     6.165     6.165     3.858     0.8639      0.8639      0.8639      0.7207
20      A         B           20           THR           96.15           280    280    110     6.165     6.165     3.858     0.7546      0.7546      0.7546      0.5602
21      A         B           21           ASN           97.24           280    280    110     6.165     6.165     3.858     0.8555      0.8555      0.8555      0.7072
22      A         B           22           ILE           97.30           280    280    110     6.165     6.165     3.858     0.8261      0.8261      0.8261      0.6614
23      A         B           23           LYS           94.88           280    280    110     6.165     6.165     3.858     0.7192      0.7192      0.7192      0.5153
24      A         B           24           HIS           95.47           280    280    110     6.165     6.165     3.858     0.7229      0.7229      0.7229      0.5174
25      A         B           25           PHE           98.12           280    280    110     6.165     6.165     3.858     0.8507      0.8507      0.8507      0.6973
26      A         B           26           LYS           97.12           280    280    110     6.165     6.165     3.858     0.8047      0.8047      0.8047      0.6275
27      A         B           27           ASN           96.68           280    280    110     6.165     6.165     3.858     0.7273      0.7273      0.7273      0.5182
28      A         B           28           CYS           98.46           280    280    110     6.165     6.165     3.858     0.8286      0.8286      0.8286      0.6597
29      A         B           29           THR           98.63           280    280    110     6.165     6.165     3.858     0.8345      0.8345      0.8345      0.6679
30      A         B           30           SER           98.60           280    280    110     6.165     6.165     3.858     0.8806      0.8806      0.8806      0.7472
31      A         B           31           ILE           98.81           280    280    110     6.165     6.165     3.858     0.9097      0.9097      0.9097      0.8013
32      A         B           32           SER           98.24           280    280    110     6.165     6.165     3.858     0.8795      0.8795      0.8795      0.7454
33      A         B           33           GLY           98.08           280    280    110     6.165     6.165     3.858     0.8816      0.8816      0.8816      0.7502
34      A         B           34           ASP           98.10           280    280    110     6.165     6.165     3.858     0.9027      0.9027      0.9027      0.7888
35      A         B           35           LEU           98.58           280    280    110     6.165     6.165     3.858     0.9038      0.9038      0.9038      0.7914
36      A         B           36           HIS           97.20           280    280    110     6.165     6.165     3.858     0.8491      0.8491      0.8491      0.6977
37      A         B           37           ILE           98.64           280    280    110     6.165     6.165     3.858     0.9305      0.9305      0.9305      0.8439
38      A         B           38           LEU           97.59           280    280    110     6.165     6.165     3.858     0.9239      0.9239      0.9239      0.8306
39      A         B           39           PRO           94.80           280    280    110     6.165     6.165     3.858     0.8837      0.8837      0.8837      0.7553
40      A         B           40           VAL           95.97           280    280    110     6.165     6.165     3.858     0.8692      0.8692      0.8692      0.7302
41      A         B           41           ALA           97.77           280    280    110     6.165     6.165     3.858     0.8789      0.8789      0.8789      0.7474
42      A         B           42           PHE           97.23           280    280    110     6.165     6.165     3.858     0.8385      0.8385      0.8385      0.6813
43      A         B           43           ARG           92.29           280    280    110     6.165     6.165     3.858     0.5540      0.5540      0.5540      0.3455
44      A         B           44           GLY           97.41           280    280    110     6.165     6.165     3.858     0.6285      0.6285      0.6285      0.4175
45      A         B           45           ASP           96.46           280    280    110     6.165     6.165     3.858     0.6686      0.6686      0.6686      0.4587
46      A         B           46           SER           94.61           280    280    110     6.165     6.165     3.858     0.6058      0.6058      0.6058      0.3942
47      A         B           47           PHE           93.13           280    280    110     6.165     6.165     3.858     0.6595      0.6595      0.6595      0.4506
48      A         B           48           THR           94.15           280    280    110     6.165     6.165     3.858     0.6511      0.6511      0.6511      0.4386
49      A         B           49           HIS           96.00           280    280    110     6.165     6.165     3.858     0.6385      0.6385      0.6385      0.4279
50      A         B           50           THR           96.82           280    280    110     6.165     6.165     3.858     0.7141      0.7141      0.7141      0.5114
51      A         B           51           PRO           97.78           280    280    110     6.165     6.165     3.858     0.7307      0.7307      0.7307      0.5309
52      A         B           52           PRO           97.49           280    280    110     6.165     6.165     3.858     0.7989      0.7989      0.7989      0.6207
53      A         B           53           LEU           98.33           280    280    110     6.165     6.165     3.858     0.8547      0.8547      0.8547      0.7057
54      A         B           54           ASP           97.60           280    280    110     6.165     6.165     3.858     0.8103      0.8103      0.8103      0.6360
55      A         B           55           PRO           95.84           280    280    110     6.165     6.165     3.858     0.7467      0.7467      0.7467      0.5460
56      A         B           56           GLN           96.53           280    280    110     6.165     6.165     3.858     0.7286      0.7286      0.7286      0.5228
57      A         B           57           GLU           97.56           280    280    110     6.165     6.165     3.858     0.8129      0.8129      0.8129      0.6369
58      A         B           58           LEU           97.65           280    280    110     6.165     6.165     3.858     0.8484      0.8484      0.8484      0.6926
59      A         B           59           ASP           97.23           280    280    110     6.165     6.165     3.858     0.8284      0.8284      0.8284      0.6613
60      A         B           60           ILE           97.78           280    280    110     6.165     6.165     3.858     0.8538      0.8538      0.8538      0.7008
61      A         B           61           LEU           98.50           280    280    110     6.165     6.165     3.858     0.8942      0.8942      0.8942      0.7720
62      A         B           62           LYS           97.87           280    280    110     6.165     6.165     3.858     0.8603      0.8603      0.8603      0.7125
63      A         B           63           THR           98.22           280    280    110     6.165     6.165     3.858     0.8255      0.8255      0.8255      0.6552
64      A         B           64           VAL           98.71           280    280    110     6.165     6.165     3.858     0.9005      0.9005      0.9005      0.7829
65      A         B           65           LYS           98.76           280    280    110     6.165     6.165     3.858     0.8609      0.8609      0.8609      0.7115
66      A         B           66           GLU           98.78           280    280    110     6.165     6.165     3.858     0.9110      0.9110      0.9110      0.8036
67      A         B           67           ILE           98.94           280    280    110     6.165     6.165     3.858     0.9358      0.9358      0.9358      0.8532
68      A         B           68           THR           98.80           280    280    110     6.165     6.165     3.858     0.9206      0.9206      0.9206      0.8223
69      A         B           69           GLY           98.69           280    280    110     6.165     6.165     3.858     0.9165      0.9165      0.9165      0.8144
70      A         B           70           PHE           98.76           280    280    110     6.165     6.165     3.858     0.9358      0.9358      0.9358      0.8539
71      A         B           71           LEU           98.97           280    280    110     6.165     6.165     3.858     0.9483      0.9483      0.9483      0.8803
72      A         B           72           LEU           98.46           280    280    110     6.165     6.165     3.858     0.9432      0.9432      0.9432      0.8695
73      A         B           73           ILE           98.84           280    280    110     6.165     6.165     3.858     0.9447      0.9447      0.9447      0.8727
74      A         B           74           GLN           97.54           280    280    110     6.165     6.165     3.858     0.9170      0.9170      0.9170      0.8168
75      A         B           75           ALA           97.55           280    280    110     6.165     6.165     3.858     0.9208      0.9208      0.9208      0.8233
76      A         B           76           TRP           98.23           280    280    110     6.165     6.165     3.858     0.9062      0.9062      0.9062      0.7955
77      A         B           77           PRO           96.28           280    280    110     6.165     6.165     3.858     0.8250      0.8250      0.8250      0.6559
78      A         B           78           GLU           90.89           280    280    110     6.165     6.165     3.858     0.6359      0.6359      0.6359      0.4207
79      A         B           79           ASN           90.65           280    280    110     6.165     6.165     3.858     0.5105      0.5105      0.5105      0.3019
80      A         B           80           ARG           95.26           280    280    110     6.165     6.165     3.858     0.7244      0.7244      0.7244      0.5137
81      A         B           81           THR           94.73           280    280    110     6.165     6.165     3.858     0.6784      0.6784      0.6784      0.4587
82      A         B           82           ASP           95.85           280    280    110     6.165     6.165     3.858     0.7807      0.7807      0.7807      0.5884
83      A         B           83           LEU           98.33           280    280    110     6.165     6.165     3.858     0.8630      0.8630      0.8630      0.7159
84      A         B           84           HIS           93.98           280    280    110     6.165     6.165     3.858     0.7068      0.7068      0.7068      0.4923
85      A         B           85           ALA           97.47           280    280    110     6.165     6.165     3.858     0.8083      0.8083      0.8083      0.6282
86      A         B           86           PHE           98.77           280    280    110     6.165     6.165     3.858     0.8950      0.8950      0.8950      0.7732
87      A         B           87           GLU           97.28           280    280    110     6.165     6.165     3.858     0.8273      0.8273      0.8273      0.6598
88      A         B           88           ASN           98.63           280    280    110     6.165     6.165     3.858     0.8734      0.8734      0.8734      0.7337
89      A         B           89           LEU           98.91           280    280    110     6.165     6.165     3.858     0.9169      0.9169      0.9169      0.8144
90      A         B           90           GLU           98.82           280    280    110     6.165     6.165     3.858     0.8889      0.8889      0.8889      0.7613
91      A         B           91           ILE           98.86           280    280    110     6.165     6.165     3.858     0.9118      0.9118      0.9118      0.8045
92      A         B           92           ILE           98.97           280    280    110     6.165     6.165     3.858     0.9344      0.9344      0.9344      0.8502
93      A         B           93           ARG           98.85           280    280    110     6.165     6.165     3.858     0.9057      0.9057      0.9057      0.7930
94      A         B           94           GLY           98.77           280    280    110     6.165     6.165     3.858     0.8907      0.8907      0.8907      0.7653
95      A         B           95           ARG           97.68           280    280    110     6.165     6.165     3.858     0.8485      0.8485      0.8485      0.6927
96      A         B           96           THR           96.54           280    280    110     6.165     6.165     3.858     0.9058      0.9058      0.9058      0.7941
97      A         B           97           LYS           95.94           280    280    110     6.165     6.165     3.858     0.9096      0.9096      0.9096      0.8021
98      A         B           98           GLN           97.63           280    280    110     6.165     6.165     3.858     0.9173      0.9173      0.9173      0.8171
99      A         B           99           HIS           96.17           280    280    110     6.165     6.165     3.858     0.9152      0.9152      0.9152      0.8128
100     A         B          100           GLY           94.44           280    280    110     6.165     6.165     3.858     0.8861      0.8861      0.8861      0.7605
101     A         B          101           GLN           95.64           280    280    110     6.165     6.165     3.858     0.8632      0.8632      0.8632      0.7196
102     A         B          102           PHE           98.01           280    280    110     6.165     6.165     3.858     0.9397      0.9397      0.9397      0.8617
103     A         B          103           SER           98.53           280    280    110     6.165     6.165     3.858     0.9221      0.9221      0.9221      0.8254
104     A         B          104           LEU           98.87           280    280    110     6.165     6.165     3.858     0.9454      0.9454      0.9454      0.8738
105     A         B          105           ALA           98.54           280    280    110     6.165     6.165     3.858     0.9376      0.9376      0.9376      0.8574
106     A         B          106           VAL           98.64           280    280    110     6.165     6.165     3.858     0.9414      0.9414      0.9414      0.8655
107     A         B          107           VAL           97.57           280    280    110     6.165     6.165     3.858     0.9120      0.9120      0.9120      0.8064
108     A         B          108           SER           96.03           280    280    110     6.165     6.165     3.858     0.9050      0.9050      0.9050      0.7922
109     A         B          109           LEU           98.19           280    280    110     6.165     6.165     3.858     0.9215      0.9215      0.9215      0.8245
110     A         B          110           ASN           96.23           280    280    110     6.165     6.165     3.858     0.8847      0.8847      0.8847      0.7559
111     A         B          111           ILE           97.41           280    280    110     6.165     6.165     3.858     0.8967      0.8967      0.8967      0.7766
112     A         B          112           THR           94.57           280    280    110     6.165     6.165     3.858     0.8586      0.8586      0.8586      0.7085
113     A         B          113           SER           94.68           280    280    110     6.165     6.165     3.858     0.7858      0.7858      0.7858      0.5951
114     A         B          114           LEU           97.24           280    280    110     6.165     6.165     3.858     0.8575      0.8575      0.8575      0.7058
115     A         B          115           GLY           95.72           280    280    110     6.165     6.165     3.858     0.7500      0.7500      0.7500      0.5465
116     A         B          116           LEU           97.26           280    280    110     6.165     6.165     3.858     0.8269      0.8269      0.8269      0.6559
117     A         B          117           ARG           92.84           280    280    110     6.165     6.165     3.858     0.6630      0.6630      0.6630      0.4440
118     A         B          118           SER           98.04           280    280    110     6.165     6.165     3.858     0.8261      0.8261      0.8261      0.6542
119     A         B          119           LEU           97.78           280    280    110     6.165     6.165     3.858     0.8798      0.8798      0.8798      0.7443
120     A         B          120           LYS           97.08           280    280    110     6.165     6.165     3.858     0.7335      0.7335      0.7335      0.5243
121     A         B          121           GLU           98.51           280    280    110     6.165     6.165     3.858     0.8863      0.8863      0.8863      0.7562
122     A         B          122           ILE           98.83           280    280    110     6.165     6.165     3.858     0.9183      0.9183      0.9183      0.8173
123     A         B          123           SER           98.72           280    280    110     6.165     6.165     3.858     0.8825      0.8825      0.8825      0.7494
124     A         B          124           ASP           98.29           280    280    110     6.165     6.165     3.858     0.9002      0.9002      0.9002      0.7826
125     A         B          125           GLY           98.22           280    280    110     6.165     6.165     3.858     0.8835      0.8835      0.8835      0.7528
126     A         B          126           ASP           97.50           280    280    110     6.165     6.165     3.858     0.9191      0.9191      0.9191      0.8195
127     A         B          127           VAL           98.38           280    280    110     6.165     6.165     3.858     0.9337      0.9337      0.9337      0.8491
128     A         B          128           ILE           97.88           280    280    110     6.165     6.165     3.858     0.9343      0.9343      0.9343      0.8502
129     A         B          129           ILE           98.07           280    280    110     6.165     6.165     3.858     0.9336      0.9336      0.9336      0.8488
130     A         B          130           SER           95.93           280    280    110     6.165     6.165     3.858     0.8620      0.8620      0.8620      0.7159
131     A         B          131           GLY           96.06           280    280    110     6.165     6.165     3.858     0.8808      0.8808      0.8808      0.7479
132     A         B          132           ASN           97.52           280    280    110     6.165     6.165     3.858     0.9025      0.9025      0.9025      0.7871
133     A         B          133           LYS           94.55           280    280    110     6.165     6.165     3.858     0.8489      0.8489      0.8489      0.6946
134     A         B          134           ASN           95.27           280    280    110     6.165     6.165     3.858     0.8594      0.8594      0.8594      0.7098
135     A         B          135           LEU           97.18           280    280    110     6.165     6.165     3.858     0.8678      0.8678      0.8678      0.7236
136     A         B          136           CYS           95.19           280    280    110     6.165     6.165     3.858     0.6906      0.6906      0.6906      0.4740
137     A         B          137           TYR           89.96           280    280    110     6.165     6.165     3.858     0.5074      0.5074      0.5074      0.2919
138     A         B          138           ALA           92.56           280    280    110     6.165     6.165     3.858     0.5706      0.5706      0.5706      0.3481
139     A         B          139           ASN           82.92           280    280    110     6.165     6.165     3.858     0.4806      0.4806      0.4806      0.2716
140     A         B          140           THR           85.65           280    280    110     6.165     6.165     3.858     0.4894      0.4894      0.4894      0.2785
141     A         B          141           ILE           93.18           280    280    110     6.165     6.165     3.858     0.6569      0.6569      0.6569      0.4344
142     A         B          142           ASN           94.04           280    280    110     6.165     6.165     3.858     0.7047      0.7047      0.7047      0.4894
143     A         B          143           TRP           97.13           280    280    110     6.165     6.165     3.858     0.8243      0.8243      0.8243      0.6521
144     A         B          144           LYS           94.72           280    280    110     6.165     6.165     3.858     0.7583      0.7583      0.7583      0.5575
145     A         B          145           LYS           95.15           280    280    110     6.165     6.165     3.858     0.7101      0.7101      0.7101      0.4967
146     A         B          146           LEU           97.64           280    280    110     6.165     6.165     3.858     0.8419      0.8419      0.8419      0.6795
147     A         B          147           PHE           98.32           280    280    110     6.165     6.165     3.858     0.8557      0.8557      0.8557      0.7024
148     A         B          148           GLY           98.04           280    280    110     6.165     6.165     3.858     0.6609      0.6609      0.6609      0.4398
149     A         B          149           THR           96.02           280    280    110     6.165     6.165     3.858     0.6668      0.6668      0.6668      0.4472
150     A         B          150           SER           94.47           280    280    110     6.165     6.165     3.858     0.5795      0.5795      0.5795      0.3605
151     A         B          151           GLY           94.59           280    280    110     6.165     6.165     3.858     0.6993      0.6993      0.6993      0.4883
152     A         B          152           GLN           97.87           280    280    110     6.165     6.165     3.858     0.8340      0.8340      0.8340      0.6690
153     A         B          153           LYS           93.33           280    280    110     6.165     6.165     3.858     0.7938      0.7938      0.7938      0.6104
154     A         B          154           THR           95.33           280    280    110     6.165     6.165     3.858     0.8402      0.8402      0.8402      0.6800
155     A         B          155           LYS           94.42           280    280    110     6.165     6.165     3.858     0.8390      0.8390      0.8390      0.6787
156     A         B          156           ILE           94.50           280    280    110     6.165     6.165     3.858     0.8459      0.8459      0.8459      0.6890
157     A         B          157           ILE           91.51           280    280    110     6.165     6.165     3.858     0.7185      0.7185      0.7185      0.5121
158     A         B          158           SER           92.23           280    280    110     6.165     6.165     3.858     0.7996      0.7996      0.7996      0.6186
159     A         B          159           ASN           96.12           280    280    110     6.165     6.165     3.858     0.8529      0.8529      0.8529      0.6986
160     A         B          160           ARG           94.66           280    280    110     6.165     6.165     3.858     0.7511      0.7511      0.7511      0.5485
161     A         B          161           GLY           91.77           280    280    110     6.165     6.165     3.858     0.5636      0.5636      0.5636      0.3440
162     A         B          162           GLU           86.14           280    280    110     6.165     6.165     3.858     0.5355      0.5355      0.5355      0.3179
163     A         B          163           ASN           92.30           280    280    110     6.165     6.165     3.858     0.4733      0.4733      0.4733      0.2655
164     A         B          164           SER           92.22           280    280    110     6.165     6.165     3.858     0.5247      0.5247      0.5247      0.3070
165     A         B          165           CYS           93.48           280    280    110     6.165     6.165     3.858     0.5589      0.5589      0.5589      0.3366
166     A         B          166           LYS           91.71           280    280    110     6.165     6.165     3.858     0.5022      0.5022      0.5022      0.2883
167     A         B          167           ALA           92.11           280    280    110     6.165     6.165     3.858     0.3651      0.3651      0.3651      0.1864
168     A         B          168           THR           84.94           280    280    110     6.165     6.165     3.858     0.2599      0.2599      0.2599      0.1219
169     A         B          169           GLY           84.63           280    280     85     6.165     6.165     3.310     0.1653      0.1730      0.1730      0.0571
170     A         B          170           GLN           72.30           280    280     13     6.165     6.165     1.000     0.1218      0.1545      0.1545      0.0048
171     B         A            1           MET           71.42           280    279     11     6.165     6.155     1.000     0.0990      0.1693      0.1688      0.0053
172     B         A            2           GLU           84.27           280    279    163     6.165     6.155     4.759     0.2166      0.2199      0.2193      0.1453
173     B         A            3           LYS           93.59           280    279    170     6.165     6.155     4.861     0.5213      0.5213      0.5205      0.4086
174     B         A            4           GLU           92.11           280    279    170     6.165     6.155     4.861     0.6504      0.6504      0.6497      0.5413
175     B         A            5           LYS           93.28           280    279    170     6.165     6.155     4.861     0.7790      0.7790      0.7784      0.6900
176     B         A            6           GLU           93.56           280    279    170     6.165     6.155     4.861     0.8059      0.8059      0.8055      0.7243
177     B         A            7           GLU           95.28           280    279    170     6.165     6.155     4.861     0.8197      0.8197      0.8192      0.7416
178     B         A            8           LEU           97.04           280    279    170     6.165     6.155     4.861     0.8904      0.8904      0.8901      0.8363
179     B         A            9           LEU           96.04           280    279    170     6.165     6.155     4.861     0.9059      0.9059      0.9057      0.8582
180     B         A           10           ASP           95.20           280    279    170     6.165     6.155     4.861     0.8947      0.8947      0.8944      0.8424
181     B         A           11           LYS           96.64           280    279    170     6.165     6.155     4.861     0.8899      0.8899      0.8896      0.8357
182     B         A           12           ALA           97.90           280    279    170     6.165     6.155     4.861     0.9252      0.9252      0.9250      0.8861
183     B         A           13           THR           96.37           280    279    170     6.165     6.155     4.861     0.9291      0.9291      0.9288      0.8918
184     B         A           14           GLU           95.79           280    279    170     6.165     6.155     4.861     0.9189      0.9189      0.9186      0.8770
185     B         A           15           LYS           97.80           280    279    170     6.165     6.155     4.861     0.9347      0.9347      0.9345      0.9000
186     B         A           16           LEU           98.17           280    279    170     6.165     6.155     4.861     0.9465      0.9465      0.9463      0.9177
187     B         A           17           PHE           97.57           280    279    170     6.165     6.155     4.861     0.9433      0.9433      0.9431      0.9129
188     B         A           18           GLU           96.85           280    279    170     6.165     6.155     4.861     0.9363      0.9363      0.9361      0.9025
189     B         A           19           LEU           98.44           280    279    170     6.165     6.155     4.861     0.9427      0.9427      0.9426      0.9120
190     B         A           20           GLU           97.00           280    279    170     6.165     6.155     4.861     0.9336      0.9336      0.9334      0.8988
191     B         A           21           ARG           96.55           280    279    170     6.165     6.155     4.861     0.9280      0.9280      0.9278      0.8905
192     B         A           22           GLU           97.90           280    279    170     6.165     6.155     4.861     0.9379      0.9379      0.9377      0.9047
193     B         A           23           LEU           98.49           280    279    170     6.165     6.155     4.861     0.9387      0.9387      0.9386      0.9061
194     B         A           24           VAL           97.07           280    279    170     6.165     6.155     4.861     0.9202      0.9202      0.9200      0.8794
195     B         A           25           THR           97.00           280    279    170     6.165     6.155     4.861     0.9259      0.9259      0.9257      0.8875
196     B         A           26           LYS           98.24           280    279    170     6.165     6.155     4.861     0.9260      0.9260      0.9258      0.8873
197     B         A           27           ILE           97.61           280    279    170     6.165     6.155     4.861     0.9212      0.9212      0.9210      0.8807
198     B         A           28           ALA           96.70           280    279    170     6.165     6.155     4.861     0.8780      0.8780      0.8777      0.8203
199     B         A           29           GLU           95.84           280    279    170     6.165     6.155     4.861     0.8764      0.8764      0.8761      0.8181
200     B         A           30           GLY           96.33           280    279    170     6.165     6.155     4.861     0.8338      0.8338      0.8333      0.7615
201     B         A           31           THR           96.50           280    279    170     6.165     6.155     4.861     0.7953      0.7953      0.7948      0.7126
202     B         A           32           LEU           98.19           280    279    170     6.165     6.155     4.861     0.8542      0.8542      0.8538      0.7876
203     B         A           33           THR           98.32           280    279    170     6.165     6.155     4.861     0.8109      0.8109      0.8105      0.7310
204     B         A           34           PRO           98.27           280    279    170     6.165     6.155     4.861     0.7994      0.7994      0.7989      0.7160
205     B         A           35           GLU           98.58           280    279    170     6.165     6.155     4.861     0.8160      0.8160      0.8155      0.7364
206     B         A           36           GLU           98.27           280    279    170     6.165     6.155     4.861     0.8794      0.8794      0.8791      0.8212
207     B         A           37           GLY           98.86           280    279    170     6.165     6.155     4.861     0.8652      0.8652      0.8648      0.8019
208     B         A           38           TYR           98.89           280    279    170     6.165     6.155     4.861     0.9074      0.9074      0.9072      0.8605
209     B         A           39           GLU           98.53           280    279    170     6.165     6.155     4.861     0.8933      0.8933      0.8930      0.8401
210     B         A           40           LEU           98.73           280    279    170     6.165     6.155     4.861     0.9229      0.9229      0.9227      0.8828
211     B         A           41           GLY           98.91           280    279    170     6.165     6.155     4.861     0.8996      0.8996      0.8993      0.8495
212     B         A           42           TYR           98.82           280    279    170     6.165     6.155     4.861     0.9266      0.9266      0.9264      0.8880
213     B         A           43           LYS           98.81           280    279    170     6.165     6.155     4.861     0.9307      0.9307      0.9305      0.8940
214     B         A           44           ILE           98.83           280    279    170     6.165     6.155     4.861     0.9385      0.9385      0.9383      0.9057
215     B         A           45           GLY           98.90           280    279    170     6.165     6.155     4.861     0.9144      0.9144      0.9142      0.8707
216     B         A           46           PHE           98.90           280    279    170     6.165     6.155     4.861     0.9301      0.9301      0.9299      0.8932
217     B         A           47           LEU           98.72           280    279    170     6.165     6.155     4.861     0.9319      0.9319      0.9317      0.8959
218     B         A           48           SER           98.12           280    279    170     6.165     6.155     4.861     0.9001      0.9001      0.8998      0.8503
219     B         A           49           SER           98.60           280    279    170     6.165     6.155     4.861     0.9094      0.9094      0.9091      0.8635
220     B         A           50           VAL           98.11           280    279    170     6.165     6.155     4.861     0.9067      0.9067      0.9064      0.8594
221     B         A           51           VAL           97.21           280    279    170     6.165     6.155     4.861     0.9085      0.9085      0.9082      0.8621
222     B         A           52           ASN           96.22           280    279    170     6.165     6.155     4.861     0.8925      0.8925      0.8921      0.8395
223     B         A           53           TYR           97.39           280    279    170     6.165     6.155     4.861     0.8943      0.8943      0.8940      0.8420
224     B         A           54           LEU           95.99           280    279    170     6.165     6.155     4.861     0.8691      0.8691      0.8687      0.8070
225     B         A           55           HIS           93.68           280    279    170     6.165     6.155     4.861     0.7951      0.7951      0.7946      0.7118
226     B         A           56           THR           90.49           280    279    170     6.165     6.155     4.861     0.7774      0.7774      0.7769      0.6896
227     B         A           57           GLY           94.78           280    279    170     6.165     6.155     4.861     0.7559      0.7559      0.7554      0.6633
228     B         A           58           GLU           94.14           280    279    170     6.165     6.155     4.861     0.6996      0.6996      0.6990      0.5969
229     B         A           59           LEU           96.75           280    279    170     6.165     6.155     4.861     0.7536      0.7536      0.7530      0.6596
230     B         A           60           LEU           96.38           280    279    170     6.165     6.155     4.861     0.7352      0.7352      0.7346      0.6377
231     B         A           61           TYR           95.90           280    279    170     6.165     6.155     4.861     0.7154      0.7154      0.7147      0.6151
232     B         A           62           GLU           95.60           280    279    170     6.165     6.155     4.861     0.8108      0.8108      0.8103      0.7319
233     B         A           63           ASP           98.01           280    279    170     6.165     6.155     4.861     0.8767      0.8767      0.8764      0.8183
234     B         A           64           GLU           95.17           280    279    170     6.165     6.155     4.861     0.8551      0.8551      0.8547      0.7906
235     B         A           65           SER           95.03           280    279    170     6.165     6.155     4.861     0.8545      0.8545      0.8541      0.7897
236     B         A           66           SER           97.30           280    279    170     6.165     6.155     4.861     0.8962      0.8962      0.8959      0.8454
237     B         A           67           ILE           97.86           280    279    170     6.165     6.155     4.861     0.9075      0.9075      0.9072      0.8611
238     B         A           68           ARG           94.42           280    279    170     6.165     6.155     4.861     0.8667      0.8667      0.8663      0.8054
239     B         A           69           LEU           95.27           280    279    170     6.165     6.155     4.861     0.8924      0.8924      0.8921      0.8407
240     B         A           70           VAL           97.31           280    279    170     6.165     6.155     4.861     0.8999      0.8999      0.8996      0.8508
241     B         A           71           GLU           96.09           280    279    170     6.165     6.155     4.861     0.8731      0.8731      0.8727      0.8130
242     B         A           72           PRO           93.79           280    279    170     6.165     6.155     4.861     0.8276      0.8276      0.8271      0.7537
243     B         A           73           HIS           95.66           280    279    170     6.165     6.155     4.861     0.8556      0.8556      0.8552      0.7905
244     B         A           74           ALA           97.90           280    279    170     6.165     6.155     4.861     0.8478      0.8478      0.8474      0.7799
245     B         A           75           PRO           97.92           280    279    170     6.165     6.155     4.861     0.8334      0.8334      0.8329      0.7610
246     B         A           76           ALA           98.74           280    279    170     6.165     6.155     4.861     0.8744      0.8744      0.8740      0.8144
247     B         A           77           ALA           98.79           280    279    170     6.165     6.155     4.861     0.9047      0.9047      0.9044      0.8568
248     B         A           78           ALA           98.54           280    279    170     6.165     6.155     4.861     0.9040      0.9040      0.9037      0.8559
249     B         A           79           GLU           98.74           280    279    170     6.165     6.155     4.861     0.8898      0.8898      0.8895      0.8362
250     B         A           80           GLY           98.92           280    279    170     6.165     6.155     4.861     0.8982      0.8982      0.8979      0.8472
251     B         A           81           ILE           98.87           280    279    170     6.165     6.155     4.861     0.9247      0.9247      0.9245      0.8854
252     B         A           82           ARG           98.68           280    279    170     6.165     6.155     4.861     0.9035      0.9035      0.9032      0.8552
253     B         A           83           GLU           98.68           280    279    170     6.165     6.155     4.861     0.8772      0.8772      0.8769      0.8184
254     B         A           84           GLY           98.89           280    279    170     6.165     6.155     4.861     0.8910      0.8910      0.8906      0.8370
255     B         A           85           CYS           98.74           280    279    170     6.165     6.155     4.861     0.9018      0.9018      0.9016      0.8526
256     B         A           86           ARG           98.55           280    279    170     6.165     6.155     4.861     0.8800      0.8800      0.8796      0.8224
257     B         A           87           GLU           98.60           280    279    170     6.165     6.155     4.861     0.8756      0.8756      0.8753      0.8158
258     B         A           88           ALA           98.80           280    279    170     6.165     6.155     4.861     0.8840      0.8840      0.8837      0.8273
259     B         A           89           VAL           98.61           280    279    170     6.165     6.155     4.861     0.8746      0.8746      0.8742      0.8142
260     B         A           90           ARG           98.59           280    279    170     6.165     6.155     4.861     0.8449      0.8449      0.8445      0.7747
261     B         A           91           LEU           98.56           280    279    170     6.165     6.155     4.861     0.8325      0.8325      0.8320      0.7575
262     B         A           92           TYR           98.53           280    279    170     6.165     6.155     4.861     0.8379      0.8379      0.8375      0.7646
263     B         A           93           GLU           98.14           280    279    170     6.165     6.155     4.861     0.7875      0.7875      0.7870      0.6999
264     B         A           94           GLU           97.51           280    279    170     6.165     6.155     4.861     0.6991      0.6991      0.6985      0.5952
265     B         A           95           LYS           97.73           280    279    170     6.165     6.155     4.861     0.6539      0.6539      0.6532      0.5429
266     B         A           96           GLY           98.12           280    279    170     6.165     6.155     4.861     0.7041      0.7041      0.7034      0.6004
267     B         A           97           LEU           96.28           280    279    170     6.165     6.155     4.861     0.7807      0.7807      0.7802      0.6912
268     B         A           98           GLU           96.10           280    279    170     6.165     6.155     4.861     0.7189      0.7189      0.7183      0.6174
269     B         A           99           ALA           98.08           280    279    170     6.165     6.155     4.861     0.8041      0.8041      0.8036      0.7207
270     B         A          100           LEU           98.08           280    279    170     6.165     6.155     4.861     0.8650      0.8650      0.8647      0.8008
271     B         A          101           LEU           96.99           280    279    170     6.165     6.155     4.861     0.8394      0.8394      0.8389      0.7665
272     B         A          102           GLU           97.33           280    279    170     6.165     6.155     4.861     0.8076      0.8076      0.8071      0.7252
273     B         A          103           LYS           98.41           280    279    170     6.165     6.155     4.861     0.8743      0.8743      0.8739      0.8136
274     B         A          104           THR           98.39           280    279    170     6.165     6.155     4.861     0.8794      0.8794      0.8790      0.8206
275     B         A          105           LYS           97.19           280    279    170     6.165     6.155     4.861     0.8464      0.8464      0.8460      0.7761
276     B         A          106           GLU           97.46           280    279    170     6.165     6.155     4.861     0.7975      0.7975      0.7970      0.7124
277     B         A          107           VAL           98.11           280    279    170     6.165     6.155     4.861     0.8514      0.8514      0.8510      0.7825
278     B         A          108           LEU           97.73           280    279    170     6.165     6.155     4.861     0.7624      0.7624      0.7618      0.6689
279     B         A          109           ALA           92.17           280    279    170     6.165     6.155     4.861     0.3371      0.3371      0.3364      0.2450
280     B         A          110           GLU           73.52           280    279      0     6.165     6.155     1.000     0.0867      0.0000      0.0000      0.0000
