i   AlignChn ScoredChain  AlignResNum  AlignResType  AlignRespLDDT      n0chn  n0dom  n0res    d0chn     d0dom     d0res   ipTM_pae  ipSAE_d0chn ipSAE_d0dom    ipSAE 
1       A         B            1           LYS           94.43           280    278    110     6.165     6.145     3.858     0.3292      0.3292      0.3278      0.1637
2       A         B            2           VAL           97.96           280    278    110     6.165     6.145     3.858     0.7755      0.7755      0.7744      0.5840
3       A         B            3           CYS           98.12           280    278    110     6.165     6.145     3.858     0.8450      0.8450      0.8442      0.6889
4       A         B            4           ASN           97.68           280    278    110     6.165     6.145     3.858     0.8624      0.8624      0.8616      0.7170
5       A         B            5           GLY           98.21           280    278    110     6.165     6.145     3.858     0.8277      0.8277      0.8268      0.6664
6       A         B            6           ILE           97.30           280    278    110     6.165     6.145     3.858     0.8444      0.8444      0.8436      0.6915
7       A         B            7           GLY           93.70           280    278    110     6.165     6.145     3.858     0.7165      0.7165      0.7153      0.5135
8       A         B            8           ILE           91.45           280    278    110     6.165     6.145     3.858     0.7010      0.7010      0.6997      0.4944
9       A         B            9           GLY           94.52           280    278    110     6.165     6.145     3.858     0.6620      0.6620      0.6606      0.4445
10      A         B           10           GLU           93.04           280    278    110     6.165     6.145     3.858     0.6267      0.6267      0.6253      0.4135
11      A         B           11           PHE           96.35           280    278    110     6.165     6.145     3.858     0.7893      0.7893      0.7883      0.6085
12      A         B           12           LYS           92.28           280    278    110     6.165     6.145     3.858     0.7273      0.7273      0.7261      0.5324
13      A         B           13           ASP           91.34           280    278    110     6.165     6.145     3.858     0.6849      0.6849      0.6836      0.4857
14      A         B           14           SER           95.63           280    278    110     6.165     6.145     3.858     0.8074      0.8074      0.8065      0.6387
15      A         B           15           LEU           96.63           280    278    110     6.165     6.145     3.858     0.8606      0.8606      0.8598      0.7189
16      A         B           16           SER           97.75           280    278    110     6.165     6.145     3.858     0.8825      0.8825      0.8818      0.7563
17      A         B           17           ILE           98.08           280    278    110     6.165     6.145     3.858     0.8886      0.8886      0.8880      0.7637
18      A         B           18           ASN           97.94           280    278    110     6.165     6.145     3.858     0.8715      0.8715      0.8708      0.7331
19      A         B           19           ALA           98.05           280    278    110     6.165     6.145     3.858     0.8493      0.8493      0.8485      0.6968
20      A         B           20           THR           96.29           280    278    110     6.165     6.145     3.858     0.7337      0.7337      0.7325      0.5337
21      A         B           21           ASN           97.36           280    278    110     6.165     6.145     3.858     0.8459      0.8459      0.8451      0.6918
22      A         B           22           ILE           97.98           280    278    110     6.165     6.145     3.858     0.8380      0.8380      0.8372      0.6792
23      A         B           23           LYS           95.76           280    278    110     6.165     6.145     3.858     0.7276      0.7276      0.7264      0.5254
24      A         B           24           HIS           95.49           280    278    110     6.165     6.145     3.858     0.6937      0.6937      0.6924      0.4831
25      A         B           25           PHE           98.17           280    278    110     6.165     6.145     3.858     0.8392      0.8392      0.8383      0.6788
26      A         B           26           LYS           97.28           280    278    110     6.165     6.145     3.858     0.7830      0.7830      0.7819      0.5967
27      A         B           27           ASN           96.80           280    278    110     6.165     6.145     3.858     0.6894      0.6894      0.6880      0.4724
28      A         B           28           CYS           98.50           280    278    110     6.165     6.145     3.858     0.8120      0.8120      0.8110      0.6341
29      A         B           29           THR           98.60           280    278    110     6.165     6.145     3.858     0.8113      0.8113      0.8103      0.6317
30      A         B           30           SER           98.59           280    278    110     6.165     6.145     3.858     0.8688      0.8688      0.8681      0.7264
31      A         B           31           ILE           98.79           280    278    110     6.165     6.145     3.858     0.8982      0.8982      0.8976      0.7793
32      A         B           32           SER           97.95           280    278    110     6.165     6.145     3.858     0.8584      0.8584      0.8576      0.7093
33      A         B           33           GLY           98.05           280    278    110     6.165     6.145     3.858     0.8656      0.8656      0.8648      0.7226
34      A         B           34           ASP           97.99           280    278    110     6.165     6.145     3.858     0.8851      0.8851      0.8844      0.7569
35      A         B           35           LEU           98.56           280    278    110     6.165     6.145     3.858     0.8936      0.8936      0.8930      0.7728
36      A         B           36           HIS           97.15           280    278    110     6.165     6.145     3.858     0.8434      0.8434      0.8426      0.6891
37      A         B           37           ILE           98.60           280    278    110     6.165     6.145     3.858     0.9217      0.9217      0.9212      0.8264
38      A         B           38           LEU           97.49           280    278    110     6.165     6.145     3.858     0.9131      0.9131      0.9125      0.8097
39      A         B           39           PRO           94.61           280    278    110     6.165     6.145     3.858     0.8706      0.8706      0.8699      0.7327
40      A         B           40           VAL           95.81           280    278    110     6.165     6.145     3.858     0.8472      0.8472      0.8464      0.6939
41      A         B           41           ALA           97.76           280    278    110     6.165     6.145     3.858     0.8610      0.8610      0.8603      0.7170
42      A         B           42           PHE           97.04           280    278    110     6.165     6.145     3.858     0.8157      0.8157      0.8148      0.6468
43      A         B           43           ARG           92.46           280    278    110     6.165     6.145     3.858     0.5174      0.5174      0.5159      0.3120
44      A         B           44           GLY           97.05           280    278    110     6.165     6.145     3.858     0.5614      0.5614      0.5599      0.3508
45      A         B           45           ASP           96.36           280    278    110     6.165     6.145     3.858     0.5851      0.5851      0.5836      0.3729
46      A         B           46           SER           94.16           280    278    110     6.165     6.145     3.858     0.5295      0.5295      0.5280      0.3221
47      A         B           47           PHE           93.44           280    278    110     6.165     6.145     3.858     0.5984      0.5984      0.5969      0.3866
48      A         B           48           THR           94.94           280    278    110     6.165     6.145     3.858     0.5866      0.5866      0.5851      0.3731
49      A         B           49           HIS           96.53           280    278    110     6.165     6.145     3.858     0.5968      0.5968      0.5954      0.3849
50      A         B           50           THR           96.99           280    278    110     6.165     6.145     3.858     0.6663      0.6663      0.6649      0.4565
51      A         B           51           PRO           97.61           280    278    110     6.165     6.145     3.858     0.6900      0.6900      0.6887      0.4821
52      A         B           52           PRO           97.39           280    278    110     6.165     6.145     3.858     0.7814      0.7814      0.7803      0.5960
53      A         B           53           LEU           98.32           280    278    110     6.165     6.145     3.858     0.8373      0.8373      0.8364      0.6778
54      A         B           54           ASP           97.60           280    278    110     6.165     6.145     3.858     0.7832      0.7832      0.7822      0.5973
55      A         B           55           PRO           95.90           280    278    110     6.165     6.145     3.858     0.7227      0.7227      0.7215      0.5160
56      A         B           56           GLN           96.49           280    278    110     6.165     6.145     3.858     0.6859      0.6859      0.6846      0.4721
57      A         B           57           GLU           97.66           280    278    110     6.165     6.145     3.858     0.7925      0.7925      0.7914      0.6071
58      A         B           58           LEU           97.81           280    278    110     6.165     6.145     3.858     0.8351      0.8351      0.8342      0.6712
59      A         B           59           ASP           97.22           280    278    110     6.165     6.145     3.858     0.8035      0.8035      0.8025      0.6236
60      A         B           60           ILE           97.93           280    278    110     6.165     6.145     3.858     0.8349      0.8349      0.8341      0.6703
61      A         B           61           LEU           98.56           280    278    110     6.165     6.145     3.858     0.8803      0.8803      0.8796      0.7466
62      A         B           62           LYS           97.93           280    278    110     6.165     6.145     3.858     0.8415      0.8415      0.8406      0.6817
63      A         B           63           THR           98.30           280    278    110     6.165     6.145     3.858     0.8056      0.8056      0.8046      0.6249
64      A         B           64           VAL           98.74           280    278    110     6.165     6.145     3.858     0.8891      0.8891      0.8884      0.7617
65      A         B           65           LYS           98.78           280    278    110     6.165     6.145     3.858     0.8481      0.8481      0.8472      0.6900
66      A         B           66           GLU           98.74           280    278    110     6.165     6.145     3.858     0.9006      0.9006      0.9000      0.7834
67      A         B           67           ILE           98.94           280    278    110     6.165     6.145     3.858     0.9304      0.9304      0.9300      0.8419
68      A         B           68           THR           98.76           280    278    110     6.165     6.145     3.858     0.9129      0.9129      0.9124      0.8070
69      A         B           69           GLY           98.69           280    278    110     6.165     6.145     3.858     0.9061      0.9061      0.9055      0.7943
70      A         B           70           PHE           98.80           280    278    110     6.165     6.145     3.858     0.9313      0.9313      0.9309      0.8447
71      A         B           71           LEU           98.97           280    278    110     6.165     6.145     3.858     0.9446      0.9446      0.9442      0.8722
72      A         B           72           LEU           98.36           280    278    110     6.165     6.145     3.858     0.9380      0.9380      0.9376      0.8587
73      A         B           73           ILE           98.81           280    278    110     6.165     6.145     3.858     0.9380      0.9380      0.9376      0.8585
74      A         B           74           GLN           97.30           280    278    110     6.165     6.145     3.858     0.9049      0.9049      0.9043      0.7938
75      A         B           75           ALA           97.41           280    278    110     6.165     6.145     3.858     0.9102      0.9102      0.9097      0.8026
76      A         B           76           TRP           98.20           280    278    110     6.165     6.145     3.858     0.8909      0.8909      0.8903      0.7671
77      A         B           77           PRO           96.48           280    278    110     6.165     6.145     3.858     0.7977      0.7977      0.7966      0.6150
78      A         B           78           GLU           91.10           280    278    110     6.165     6.145     3.858     0.5842      0.5842      0.5827      0.3689
79      A         B           79           ASN           90.35           280    278    110     6.165     6.145     3.858     0.4501      0.4501      0.4486      0.2531
80      A         B           80           ARG           95.33           280    278    110     6.165     6.145     3.858     0.6773      0.6773      0.6759      0.4582
81      A         B           81           THR           94.63           280    278    110     6.165     6.145     3.858     0.6373      0.6373      0.6359      0.4140
82      A         B           82           ASP           95.93           280    278    110     6.165     6.145     3.858     0.7485      0.7485      0.7473      0.5446
83      A         B           83           LEU           98.32           280    278    110     6.165     6.145     3.858     0.8411      0.8411      0.8402      0.6793
84      A         B           84           HIS           93.89           280    278    110     6.165     6.145     3.858     0.6609      0.6609      0.6595      0.4400
85      A         B           85           ALA           97.41           280    278    110     6.165     6.145     3.858     0.7806      0.7806      0.7795      0.5880
86      A         B           86           PHE           98.76           280    278    110     6.165     6.145     3.858     0.8828      0.8828      0.8821      0.7508
87      A         B           87           GLU           97.23           280    278    110     6.165     6.145     3.858     0.8021      0.8021      0.8011      0.6220
88      A         B           88           ASN           98.66           280    278    110     6.165     6.145     3.858     0.8598      0.8598      0.8590      0.7102
89      A         B           89           LEU           98.91           280    278    110     6.165     6.145     3.858     0.9069      0.9069      0.9064      0.7950
90      A         B           90           GLU           98.83           280    278    110     6.165     6.145     3.858     0.8764      0.8764      0.8757      0.7387
91      A         B           91           ILE           98.86           280    278    110     6.165     6.145     3.858     0.9022      0.9022      0.9016      0.7861
92      A         B           92           ILE           98.97           280    278    110     6.165     6.145     3.858     0.9292      0.9292      0.9288      0.8395
93      A         B           93           ARG           98.82           280    278    110     6.165     6.145     3.858     0.8972      0.8972      0.8966      0.7767
94      A         B           94           GLY           98.74           280    278    110     6.165     6.145     3.858     0.8782      0.8782      0.8775      0.7429
95      A         B           95           ARG           97.35           280    278    110     6.165     6.145     3.858     0.8212      0.8212      0.8202      0.6500
96      A         B           96           THR           96.23           280    278    110     6.165     6.145     3.858     0.8898      0.8898      0.8892      0.7647
97      A         B           97           LYS           96.44           280    278    110     6.165     6.145     3.858     0.9066      0.9066      0.9061      0.7966
98      A         B           98           GLN           97.60           280    278    110     6.165     6.145     3.858     0.9146      0.9146      0.9141      0.8123
99      A         B           99           HIS           96.37           280    278    110     6.165     6.145     3.858     0.9161      0.9161      0.9156      0.8148
100     A         B          100           GLY           95.51           280    278    110     6.165     6.145     3.858     0.8786      0.8786      0.8779      0.7478
101     A         B          101           GLN           95.86           280    278    110     6.165     6.145     3.858     0.8508      0.8508      0.8500      0.6999
102     A         B          102           PHE           98.04           280    278    110     6.165     6.145     3.858     0.9360      0.9360      0.9357      0.8542
103     A         B          103           SER           98.52           280    278    110     6.165     6.145     3.858     0.9178      0.9178      0.9173      0.8170
104     A         B          104           LEU           98.85           280    278    110     6.165     6.145     3.858     0.9412      0.9412      0.9408      0.8649
105     A         B          105           ALA           98.49           280    278    110     6.165     6.145     3.858     0.9310      0.9310      0.9306      0.8439
106     A         B          106           VAL           98.60           280    278    110     6.165     6.145     3.858     0.9324      0.9324      0.9320      0.8468
107     A         B          107           VAL           97.34           280    278    110     6.165     6.145     3.858     0.8954      0.8954      0.8948      0.7753
108     A         B          108           SER           95.61           280    278    110     6.165     6.145     3.858     0.8867      0.8867      0.8860      0.7585
109     A         B          109           LEU           98.07           280    278    110     6.165     6.145     3.858     0.9077      0.9077      0.9071      0.7975
110     A         B          110           ASN           96.12           280    278    110     6.165     6.145     3.858     0.8662      0.8662      0.8655      0.7238
111     A         B          111           ILE           97.44           280    278    110     6.165     6.145     3.858     0.8795      0.8795      0.8788      0.7454
112     A         B          112           THR           94.31           280    278    110     6.165     6.145     3.858     0.8344      0.8344      0.8335      0.6691
113     A         B          113           SER           93.96           280    278    110     6.165     6.145     3.858     0.7541      0.7541      0.7530      0.5516
114     A         B          114           LEU           97.11           280    278    110     6.165     6.145     3.858     0.8356      0.8356      0.8348      0.6699
115     A         B          115           GLY           95.71           280    278    110     6.165     6.145     3.858     0.7180      0.7180      0.7167      0.5057
116     A         B          116           LEU           97.22           280    278    110     6.165     6.145     3.858     0.8023      0.8023      0.8013      0.6185
117     A         B          117           ARG           92.24           280    278    110     6.165     6.145     3.858     0.5955      0.5955      0.5940      0.3749
118     A         B          118           SER           97.85           280    278    110     6.165     6.145     3.858     0.7972      0.7972      0.7962      0.6105
119     A         B          119           LEU           97.79           280    278    110     6.165     6.145     3.858     0.8635      0.8635      0.8627      0.7156
120     A         B          120           LYS           97.04           280    278    110     6.165     6.145     3.858     0.6980      0.6980      0.6967      0.4810
121     A         B          121           GLU           98.55           280    278    110     6.165     6.145     3.858     0.8748      0.8748      0.8740      0.7355
122     A         B          122           ILE           98.82           280    278    110     6.165     6.145     3.858     0.9094      0.9094      0.9089      0.7999
123     A         B          123           SER           98.71           280    278    110     6.165     6.145     3.858     0.8695      0.8695      0.8688      0.7265
124     A         B          124           ASP           98.26           280    278    110     6.165     6.145     3.858     0.8904      0.8904      0.8898      0.7647
125     A         B          125           GLY           98.20           280    278    110     6.165     6.145     3.858     0.8712      0.8712      0.8705      0.7313
126     A         B          126           ASP           97.55           280    278    110     6.165     6.145     3.858     0.9102      0.9102      0.9097      0.8021
127     A         B          127           VAL           98.33           280    278    110     6.165     6.145     3.858     0.9248      0.9248      0.9243      0.8310
128     A         B          128           ILE           97.80           280    278    110     6.165     6.145     3.858     0.9225      0.9225      0.9220      0.8263
129     A         B          129           ILE           97.93           280    278    110     6.165     6.145     3.858     0.9226      0.9226      0.9222      0.8267
130     A         B          130           SER           95.56           280    278    110     6.165     6.145     3.858     0.8358      0.8358      0.8350      0.6733
131     A         B          131           GLY           95.78           280    278    110     6.165     6.145     3.858     0.8563      0.8563      0.8555      0.7058
132     A         B          132           ASN           97.51           280    278    110     6.165     6.145     3.858     0.8822      0.8822      0.8815      0.7496
133     A         B          133           LYS           94.59           280    278    110     6.165     6.145     3.858     0.8177      0.8177      0.8167      0.6458
134     A         B          134           ASN           95.30           280    278    110     6.165     6.145     3.858     0.8315      0.8315      0.8306      0.6641
135     A         B          135           LEU           97.17           280    278    110     6.165     6.145     3.858     0.8367      0.8367      0.8359      0.6720
136     A         B          136           CYS           94.92           280    278    110     6.165     6.145     3.858     0.6086      0.6086      0.6071      0.3858
137     A         B          137           TYR           88.28           280    278    110     6.165     6.145     3.858     0.3904      0.3904      0.3888      0.2037
138     A         B          138           ALA           91.80           280    278    110     6.165     6.145     3.858     0.4641      0.4641      0.4625      0.2579
139     A         B          139           ASN           81.75           280    278    110     6.165     6.145     3.858     0.3809      0.3809      0.3794      0.1983
140     A         B          140           THR           85.64           280    278    110     6.165     6.145     3.858     0.3999      0.3999      0.3984      0.2110
141     A         B          141           ILE           93.02           280    278    110     6.165     6.145     3.858     0.5843      0.5843      0.5827      0.3608
142     A         B          142           ASN           94.10           280    278    110     6.165     6.145     3.858     0.6546      0.6546      0.6532      0.4324
143     A         B          143           TRP           97.03           280    278    110     6.165     6.145     3.858     0.7986      0.7986      0.7976      0.6135
144     A         B          144           LYS           94.97           280    278    110     6.165     6.145     3.858     0.7521      0.7521      0.7509      0.5493
145     A         B          145           LYS           95.43           280    278    110     6.165     6.145     3.858     0.7089      0.7089      0.7076      0.4953
146     A         B          146           LEU           97.62           280    278    110     6.165     6.145     3.858     0.8250      0.8250      0.8241      0.6527
147     A         B          147           PHE           98.31           280    278    110     6.165     6.145     3.858     0.8356      0.8356      0.8347      0.6695
148     A         B          148           GLY           97.92           280    278    110     6.165     6.145     3.858     0.6095      0.6095      0.6080      0.3861
149     A         B          149           THR           95.51           280    278    110     6.165     6.145     3.858     0.6088      0.6088      0.6073      0.3869
150     A         B          150           SER           93.83           280    278    110     6.165     6.145     3.858     0.5333      0.5333      0.5318      0.3194
151     A         B          151           GLY           94.28           280    278    110     6.165     6.145     3.858     0.6560      0.6560      0.6546      0.4405
152     A         B          152           GLN           97.85           280    278    110     6.165     6.145     3.858     0.8049      0.8049      0.8039      0.6250
153     A         B          153           LYS           93.51           280    278    110     6.165     6.145     3.858     0.7765      0.7765      0.7754      0.5859
154     A         B          154           THR           95.18           280    278    110     6.165     6.145     3.858     0.8177      0.8177      0.8167      0.6452
155     A         B          155           LYS           94.28           280    278    110     6.165     6.145     3.858     0.8086      0.8086      0.8076      0.6323
156     A         B          156           ILE           93.89           280    278    110     6.165     6.145     3.858     0.7925      0.7925      0.7914      0.6084
157     A         B          157           ILE           91.04           280    278    110     6.165     6.145     3.858     0.6577      0.6577      0.6563      0.4421
158     A         B          158           SER           92.09           280    278    110     6.165     6.145     3.858     0.7590      0.7590      0.7578      0.5620
159     A         B          159           ASN           96.06           280    278    110     6.165     6.145     3.858     0.8095      0.8095      0.8085      0.6301
160     A         B          160           ARG           94.91           280    278    110     6.165     6.145     3.858     0.6829      0.6829      0.6815      0.4650
161     A         B          161           GLY           91.93           280    278    110     6.165     6.145     3.858     0.4599      0.4599      0.4583      0.2565
162     A         B          162           GLU           85.84           280    278    110     6.165     6.145     3.858     0.4419      0.4419      0.4404      0.2422
163     A         B          163           ASN           91.98           280    278    110     6.165     6.145     3.858     0.3855      0.3855      0.3840      0.2009
164     A         B          164           SER           92.13           280    278    110     6.165     6.145     3.858     0.4281      0.4281      0.4266      0.2302
165     A         B          165           CYS           92.95           280    278    110     6.165     6.145     3.858     0.4435      0.4435      0.4420      0.2415
166     A         B          166           LYS           89.35           280    278    110     6.165     6.145     3.858     0.3924      0.3924      0.3909      0.2056
167     A         B          167           ALA           92.19           280    278    110     6.165     6.145     3.858     0.2714      0.2714      0.2701      0.1286
168     A         B          168           THR           84.87           280    278     93     6.165     6.145     3.498     0.1760      0.1829      0.1819      0.0676
169     A         B          169           GLY           82.77           280    278      0     6.165     6.145     1.000     0.0975      0.0000      0.0000      0.0000
170     A         B          170           GLN           68.97           280    278      0     6.165     6.145     1.000     0.0728      0.0000      0.0000      0.0000
171     B         A            1           MET           71.73           280    280     17     6.165     6.165     1.000     0.1032      0.1708      0.1708      0.0054
172     B         A            2           GLU           85.03           280    280    170     6.165     6.165     4.861     0.2453      0.2453      0.2453      0.1699
173     B         A            3           LYS           93.13           280    280    170     6.165     6.165     4.861     0.4645      0.4645      0.4645      0.3547
174     B         A            4           GLU           89.98           280    280    170     6.165     6.165     4.861     0.6278      0.6278      0.6278      0.5169
175     B         A            5           LYS           91.99           280    280    170     6.165     6.165     4.861     0.7476      0.7476      0.7476      0.6521
176     B         A            6           GLU           93.14           280    280    170     6.165     6.165     4.861     0.7700      0.7700      0.7700      0.6796
177     B         A            7           GLU           94.96           280    280    170     6.165     6.165     4.861     0.7858      0.7858      0.7858      0.6989
178     B         A            8           LEU           96.61           280    280    170     6.165     6.165     4.861     0.8711      0.8711      0.8711      0.8101
179     B         A            9           LEU           95.85           280    280    170     6.165     6.165     4.861     0.8874      0.8874      0.8874      0.8327
180     B         A           10           ASP           94.51           280    280    170     6.165     6.165     4.861     0.8722      0.8722      0.8722      0.8116
181     B         A           11           LYS           96.54           280    280    170     6.165     6.165     4.861     0.8765      0.8765      0.8765      0.8176
182     B         A           12           ALA           97.73           280    280    170     6.165     6.165     4.861     0.9101      0.9101      0.9101      0.8649
183     B         A           13           THR           96.18           280    280    170     6.165     6.165     4.861     0.9144      0.9144      0.9144      0.8711
184     B         A           14           GLU           95.08           280    280    170     6.165     6.165     4.861     0.8995      0.8995      0.8995      0.8498
185     B         A           15           LYS           97.55           280    280    170     6.165     6.165     4.861     0.9210      0.9210      0.9210      0.8805
186     B         A           16           LEU           97.99           280    280    170     6.165     6.165     4.861     0.9342      0.9342      0.9342      0.8999
187     B         A           17           PHE           97.00           280    280    170     6.165     6.165     4.861     0.9258      0.9258      0.9258      0.8877
188     B         A           18           GLU           95.76           280    280    170     6.165     6.165     4.861     0.9057      0.9057      0.9057      0.8586
189     B         A           19           LEU           98.18           280    280    170     6.165     6.165     4.861     0.9280      0.9280      0.9280      0.8908
190     B         A           20           GLU           96.75           280    280    170     6.165     6.165     4.861     0.9199      0.9199      0.9199      0.8794
191     B         A           21           ARG           96.08           280    280    170     6.165     6.165     4.861     0.9106      0.9106      0.9106      0.8659
192     B         A           22           GLU           97.75           280    280    170     6.165     6.165     4.861     0.9247      0.9247      0.9247      0.8859
193     B         A           23           LEU           98.36           280    280    170     6.165     6.165     4.861     0.9259      0.9259      0.9259      0.8878
194     B         A           24           VAL           96.76           280    280    170     6.165     6.165     4.861     0.9026      0.9026      0.9026      0.8548
195     B         A           25           THR           96.75           280    280    170     6.165     6.165     4.861     0.9085      0.9085      0.9085      0.8630
196     B         A           26           LYS           98.01           280    280    170     6.165     6.165     4.861     0.9101      0.9101      0.9101      0.8648
197     B         A           27           ILE           97.53           280    280    170     6.165     6.165     4.861     0.9057      0.9057      0.9057      0.8588
198     B         A           28           ALA           96.51           280    280    170     6.165     6.165     4.861     0.8559      0.8559      0.8559      0.7907
199     B         A           29           GLU           95.77           280    280    170     6.165     6.165     4.861     0.8553      0.8553      0.8553      0.7899
200     B         A           30           GLY           96.34           280    280    170     6.165     6.165     4.861     0.8055      0.8055      0.8055      0.7254
201     B         A           31           THR           96.37           280    280    170     6.165     6.165     4.861     0.7589      0.7589      0.7589      0.6683
202     B         A           32           LEU           98.13           280    280    170     6.165     6.165     4.861     0.8409      0.8409      0.8409      0.7701
203     B         A           33           THR           98.39           280    280    170     6.165     6.165     4.861     0.8118      0.8118      0.8118      0.7321
204     B         A           34           PRO           98.23           280    280    170     6.165     6.165     4.861     0.7920      0.7920      0.7920      0.7068
205     B         A           35           GLU           98.46           280    280    170     6.165     6.165     4.861     0.7929      0.7929      0.7929      0.7073
206     B         A           36           GLU           98.03           280    280    170     6.165     6.165     4.861     0.8618      0.8618      0.8618      0.7975
207     B         A           37           GLY           98.83           280    280    170     6.165     6.165     4.861     0.8499      0.8499      0.8499      0.7817
208     B         A           38           TYR           98.85           280    280    170     6.165     6.165     4.861     0.8954      0.8954      0.8954      0.8439
209     B         A           39           GLU           98.37           280    280    170     6.165     6.165     4.861     0.8808      0.8808      0.8808      0.8231
210     B         A           40           LEU           98.63           280    280    170     6.165     6.165     4.861     0.9121      0.9121      0.9121      0.8677
211     B         A           41           GLY           98.83           280    280    170     6.165     6.165     4.861     0.8898      0.8898      0.8898      0.8361
212     B         A           42           TYR           98.67           280    280    170     6.165     6.165     4.861     0.9158      0.9158      0.9158      0.8728
213     B         A           43           LYS           98.67           280    280    170     6.165     6.165     4.861     0.9214      0.9214      0.9214      0.8810
214     B         A           44           ILE           98.76           280    280    170     6.165     6.165     4.861     0.9292      0.9292      0.9292      0.8927
215     B         A           45           GLY           98.80           280    280    170     6.165     6.165     4.861     0.9040      0.9040      0.9040      0.8564
216     B         A           46           PHE           98.77           280    280    170     6.165     6.165     4.861     0.9209      0.9209      0.9209      0.8803
217     B         A           47           LEU           98.62           280    280    170     6.165     6.165     4.861     0.9228      0.9228      0.9228      0.8832
218     B         A           48           SER           98.19           280    280    170     6.165     6.165     4.861     0.8974      0.8974      0.8974      0.8471
219     B         A           49           SER           98.38           280    280    170     6.165     6.165     4.861     0.8993      0.8993      0.8993      0.8496
220     B         A           50           VAL           97.82           280    280    170     6.165     6.165     4.861     0.8934      0.8934      0.8934      0.8412
221     B         A           51           VAL           97.27           280    280    170     6.165     6.165     4.861     0.8983      0.8983      0.8983      0.8483
222     B         A           52           ASN           96.21           280    280    170     6.165     6.165     4.861     0.8750      0.8750      0.8750      0.8159
223     B         A           53           TYR           97.14           280    280    170     6.165     6.165     4.861     0.8796      0.8796      0.8796      0.8220
224     B         A           54           LEU           95.89           280    280    170     6.165     6.165     4.861     0.8486      0.8486      0.8486      0.7800
225     B         A           55           HIS           93.66           280    280    170     6.165     6.165     4.861     0.7722      0.7722      0.7722      0.6841
226     B         A           56           THR           90.56           280    280    170     6.165     6.165     4.861     0.7361      0.7361      0.7361      0.6405
227     B         A           57           GLY           94.00           280    280    170     6.165     6.165     4.861     0.7234      0.7234      0.7234      0.6253
228     B         A           58           GLU           93.39           280    280    170     6.165     6.165     4.861     0.6474      0.6474      0.6474      0.5392
229     B         A           59           LEU           95.15           280    280    170     6.165     6.165     4.861     0.6891      0.6891      0.6891      0.5849
230     B         A           60           LEU           95.61           280    280    170     6.165     6.165     4.861     0.6594      0.6594      0.6594      0.5520
231     B         A           61           TYR           93.19           280    280    170     6.165     6.165     4.861     0.6265      0.6265      0.6265      0.5170
232     B         A           62           GLU           92.47           280    280    170     6.165     6.165     4.861     0.6973      0.6973      0.6973      0.5964
233     B         A           63           ASP           96.82           280    280    170     6.165     6.165     4.861     0.8007      0.8007      0.8007      0.7189
234     B         A           64           GLU           94.37           280    280    170     6.165     6.165     4.861     0.8162      0.8162      0.8162      0.7406
235     B         A           65           SER           94.83           280    280    170     6.165     6.165     4.861     0.8292      0.8292      0.8292      0.7571
236     B         A           66           SER           96.91           280    280    170     6.165     6.165     4.861     0.8749      0.8749      0.8749      0.8167
237     B         A           67           ILE           97.59           280    280    170     6.165     6.165     4.861     0.8930      0.8930      0.8930      0.8413
238     B         A           68           ARG           94.12           280    280    170     6.165     6.165     4.861     0.8514      0.8514      0.8514      0.7852
239     B         A           69           LEU           94.99           280    280    170     6.165     6.165     4.861     0.8779      0.8779      0.8779      0.8212
240     B         A           70           VAL           97.07           280    280    170     6.165     6.165     4.861     0.8865      0.8865      0.8865      0.8325
241     B         A           71           GLU           95.77           280    280    170     6.165     6.165     4.861     0.8544      0.8544      0.8544      0.7882
242     B         A           72           PRO           93.97           280    280    170     6.165     6.165     4.861     0.8030      0.8030      0.8030      0.7227
243     B         A           73           HIS           95.68           280    280    170     6.165     6.165     4.861     0.8364      0.8364      0.8364      0.7655
244     B         A           74           ALA           97.75           280    280    170     6.165     6.165     4.861     0.8284      0.8284      0.8284      0.7548
245     B         A           75           PRO           97.78           280    280    170     6.165     6.165     4.861     0.8116      0.8116      0.8116      0.7332
246     B         A           76           ALA           98.64           280    280    170     6.165     6.165     4.861     0.8559      0.8559      0.8559      0.7897
247     B         A           77           ALA           98.71           280    280    170     6.165     6.165     4.861     0.8904      0.8904      0.8904      0.8372
248     B         A           78           ALA           98.35           280    280    170     6.165     6.165     4.861     0.8893      0.8893      0.8893      0.8357
249     B         A           79           GLU           98.58           280    280    170     6.165     6.165     4.861     0.8717      0.8717      0.8717      0.8117
250     B         A           80           GLY           98.81           280    280    170     6.165     6.165     4.861     0.8821      0.8821      0.8821      0.8252
251     B         A           81           ILE           98.77           280    280    170     6.165     6.165     4.861     0.9126      0.9126      0.9126      0.8685
252     B         A           82           ARG           98.32           280    280    170     6.165     6.165     4.861     0.8852      0.8852      0.8852      0.8300
253     B         A           83           GLU           98.34           280    280    170     6.165     6.165     4.861     0.8555      0.8555      0.8555      0.7895
254     B         A           84           GLY           98.63           280    280    170     6.165     6.165     4.861     0.8693      0.8693      0.8693      0.8075
255     B         A           85           ALA           98.35           280    280    170     6.165     6.165     4.861     0.8676      0.8676      0.8676      0.8053
256     B         A           86           ARG           97.90           280    280    170     6.165     6.165     4.861     0.8529      0.8529      0.8529      0.7862
257     B         A           87           GLU           97.86           280    280    170     6.165     6.165     4.861     0.8513      0.8513      0.8513      0.7831
258     B         A           88           ALA           98.57           280    280    170     6.165     6.165     4.861     0.8605      0.8605      0.8605      0.7955
259     B         A           89           VAL           98.10           280    280    170     6.165     6.165     4.861     0.8411      0.8411      0.8411      0.7694
260     B         A           90           ARG           97.90           280    280    170     6.165     6.165     4.861     0.8105      0.8105      0.8105      0.7302
261     B         A           91           LEU           98.04           280    280    170     6.165     6.165     4.861     0.8045      0.8045      0.8045      0.7217
262     B         A           92           TYR           98.20           280    280    170     6.165     6.165     4.861     0.8119      0.8119      0.8119      0.7311
263     B         A           93           GLU           97.64           280    280    170     6.165     6.165     4.861     0.7505      0.7505      0.7505      0.6547
264     B         A           94           GLU           97.55           280    280    170     6.165     6.165     4.861     0.6868      0.6868      0.6868      0.5815
265     B         A           95           LYS           97.58           280    280    170     6.165     6.165     4.861     0.6483      0.6483      0.6483      0.5370
266     B         A           96           GLY           97.57           280    280    170     6.165     6.165     4.861     0.6726      0.6726      0.6726      0.5649
267     B         A           97           LEU           95.40           280    280    170     6.165     6.165     4.861     0.7534      0.7534      0.7534      0.6580
268     B         A           98           GLU           95.09           280    280    170     6.165     6.165     4.861     0.6861      0.6861      0.6861      0.5799
269     B         A           99           ALA           97.36           280    280    170     6.165     6.165     4.861     0.7799      0.7799      0.7799      0.6906
270     B         A          100           LEU           97.55           280    280    170     6.165     6.165     4.861     0.8404      0.8404      0.8404      0.7681
271     B         A          101           LEU           96.26           280    280    170     6.165     6.165     4.861     0.8136      0.8136      0.8136      0.7333
272     B         A          102           GLU           96.36           280    280    170     6.165     6.165     4.861     0.7686      0.7686      0.7686      0.6768
273     B         A          103           LYS           97.69           280    280    170     6.165     6.165     4.861     0.8428      0.8428      0.8428      0.7714
274     B         A          104           THR           98.08           280    280    170     6.165     6.165     4.861     0.8559      0.8559      0.8559      0.7889
275     B         A          105           LYS           96.54           280    280    170     6.165     6.165     4.861     0.8215      0.8215      0.8215      0.7437
276     B         A          106           GLU           96.83           280    280    170     6.165     6.165     4.861     0.7768      0.7768      0.7768      0.6868
277     B         A          107           VAL           97.57           280    280    170     6.165     6.165     4.861     0.8245      0.8245      0.8245      0.7473
278     B         A          108           LEU           97.36           280    280    170     6.165     6.165     4.861     0.7483      0.7483      0.7483      0.6520
279     B         A          109           ALA           92.46           280    280    170     6.165     6.165     4.861     0.4014      0.4014      0.4014      0.2994
280     B         A          110           GLU           74.52           280    280     46     6.165     6.165     2.095     0.1304      0.1646      0.1646      0.0223
