i   AlignChn ScoredChain  AlignResNum  AlignResType  AlignRespLDDT      n0chn  n0dom  n0res    d0chn     d0dom     d0res   ipTM_pae  ipSAE_d0chn ipSAE_d0dom    ipSAE 
1       A         B            1           LYS           90.60           280    278    110     6.165     6.145     3.858     0.3086      0.3086      0.3072      0.1513
2       A         B            2           VAL           97.46           280    278    110     6.165     6.145     3.858     0.7225      0.7225      0.7213      0.5148
3       A         B            3           CYS           97.26           280    278    110     6.165     6.145     3.858     0.8272      0.8272      0.8263      0.6605
4       A         B            4           ASN           96.95           280    278    110     6.165     6.145     3.858     0.8530      0.8530      0.8522      0.7011
5       A         B            5           GLY           97.71           280    278    110     6.165     6.145     3.858     0.8282      0.8282      0.8274      0.6662
6       A         B            6           ILE           95.79           280    278    110     6.165     6.145     3.858     0.8369      0.8369      0.8361      0.6788
7       A         B            7           GLY           92.45           280    278    110     6.165     6.145     3.858     0.7058      0.7058      0.7045      0.4988
8       A         B            8           ILE           90.35           280    278    110     6.165     6.145     3.858     0.6990      0.6990      0.6977      0.4903
9       A         B            9           GLY           93.16           280    278    110     6.165     6.145     3.858     0.6541      0.6541      0.6527      0.4356
10      A         B           10           GLU           90.30           280    278    110     6.165     6.145     3.858     0.6275      0.6275      0.6261      0.4144
11      A         B           11           PHE           94.78           280    278    110     6.165     6.145     3.858     0.7953      0.7953      0.7943      0.6161
12      A         B           12           LYS           91.08           280    278    110     6.165     6.145     3.858     0.7197      0.7197      0.7185      0.5221
13      A         B           13           ASP           88.56           280    278    110     6.165     6.145     3.858     0.6813      0.6813      0.6800      0.4805
14      A         B           14           THR           94.26           280    278    110     6.165     6.145     3.858     0.8179      0.8179      0.8170      0.6535
15      A         B           15           LEU           94.33           280    278    110     6.165     6.145     3.858     0.8557      0.8557      0.8549      0.7102
16      A         B           16           SER           96.27           280    278    110     6.165     6.145     3.858     0.8777      0.8777      0.8771      0.7477
17      A         B           17           ILE           96.73           280    278    110     6.165     6.145     3.858     0.8851      0.8851      0.8844      0.7571
18      A         B           18           ASN           94.95           280    278    110     6.165     6.145     3.858     0.8667      0.8667      0.8660      0.7247
19      A         B           19           ALA           96.67           280    278    110     6.165     6.145     3.858     0.8481      0.8481      0.8473      0.6945
20      A         B           20           THR           93.94           280    278    110     6.165     6.145     3.858     0.7360      0.7360      0.7348      0.5358
21      A         B           21           ASN           95.27           280    278    110     6.165     6.145     3.858     0.8380      0.8380      0.8372      0.6787
22      A         B           22           ILE           96.81           280    278    110     6.165     6.145     3.858     0.8398      0.8398      0.8389      0.6817
23      A         B           23           LYS           94.46           280    278    110     6.165     6.145     3.858     0.7489      0.7489      0.7477      0.5519
24      A         B           24           HIS           94.04           280    278    110     6.165     6.145     3.858     0.6953      0.6953      0.6940      0.4841
25      A         B           25           PHE           97.12           280    278    110     6.165     6.145     3.858     0.8285      0.8285      0.8276      0.6618
26      A         B           26           LYS           95.43           280    278    110     6.165     6.145     3.858     0.7489      0.7489      0.7477      0.5506
27      A         B           27           TYR           96.47           280    278    110     6.165     6.145     3.858     0.6388      0.6388      0.6373      0.4164
28      A         B           28           CYS           97.69           280    278    110     6.165     6.145     3.858     0.7887      0.7887      0.7876      0.6000
29      A         B           29           THR           97.83           280    278    110     6.165     6.145     3.858     0.7934      0.7934      0.7923      0.6052
30      A         B           30           ALA           98.38           280    278    110     6.165     6.145     3.858     0.8681      0.8681      0.8674      0.7255
31      A         B           31           ILE           98.49           280    278    110     6.165     6.145     3.858     0.8939      0.8939      0.8933      0.7714
32      A         B           32           SER           97.76           280    278    110     6.165     6.145     3.858     0.8580      0.8580      0.8572      0.7085
33      A         B           33           GLY           97.59           280    278    110     6.165     6.145     3.858     0.8645      0.8645      0.8637      0.7205
34      A         B           34           ASP           97.52           280    278    110     6.165     6.145     3.858     0.8879      0.8879      0.8873      0.7619
35      A         B           35           LEU           97.90           280    278    110     6.165     6.145     3.858     0.8846      0.8846      0.8839      0.7563
36      A         B           36           HIS           96.00           280    278    110     6.165     6.145     3.858     0.8104      0.8104      0.8094      0.6382
37      A         B           37           ILE           98.09           280    278    110     6.165     6.145     3.858     0.9135      0.9135      0.9130      0.8106
38      A         B           38           LEU           96.58           280    278    110     6.165     6.145     3.858     0.9127      0.9127      0.9122      0.8089
39      A         B           39           PRO           93.69           280    278    110     6.165     6.145     3.858     0.8757      0.8757      0.8750      0.7413
40      A         B           40           VAL           93.57           280    278    110     6.165     6.145     3.858     0.8543      0.8543      0.8535      0.7052
41      A         B           41           ALA           96.17           280    278    110     6.165     6.145     3.858     0.8674      0.8674      0.8666      0.7272
42      A         B           42           PHE           95.77           280    278    110     6.165     6.145     3.858     0.8428      0.8428      0.8420      0.6872
43      A         B           43           LYS           92.85           280    278    110     6.165     6.145     3.858     0.6791      0.6791      0.6778      0.4696
44      A         B           44           GLY           94.27           280    278    110     6.165     6.145     3.858     0.6052      0.6052      0.6038      0.3916
45      A         B           45           ASP           90.71           280    278    110     6.165     6.145     3.858     0.6084      0.6084      0.6070      0.3947
46      A         B           46           SER           87.39           280    278    110     6.165     6.145     3.858     0.5450      0.5450      0.5435      0.3352
47      A         B           47           PHE           85.96           280    278    110     6.165     6.145     3.858     0.6032      0.6032      0.6018      0.3902
48      A         B           48           THR           87.66           280    278    110     6.165     6.145     3.858     0.5940      0.5940      0.5925      0.3786
49      A         B           49           ARG           93.60           280    278    110     6.165     6.145     3.858     0.5905      0.5905      0.5890      0.3783
50      A         B           50           THR           93.70           280    278    110     6.165     6.145     3.858     0.6788      0.6788      0.6775      0.4693
51      A         B           51           PRO           95.67           280    278    110     6.165     6.145     3.858     0.7078      0.7078      0.7065      0.5022
52      A         B           52           PRO           95.47           280    278    110     6.165     6.145     3.858     0.7865      0.7865      0.7854      0.6025
53      A         B           53           LEU           96.99           280    278    110     6.165     6.145     3.858     0.8423      0.8423      0.8415      0.6856
54      A         B           54           ASP           96.07           280    278    110     6.165     6.145     3.858     0.7942      0.7942      0.7932      0.6121
55      A         B           55           PRO           95.17           280    278    110     6.165     6.145     3.858     0.7260      0.7260      0.7247      0.5197
56      A         B           56           ARG           95.70           280    278    110     6.165     6.145     3.858     0.7105      0.7105      0.7092      0.5004
57      A         B           57           GLU           96.66           280    278    110     6.165     6.145     3.858     0.8118      0.8118      0.8109      0.6353
58      A         B           58           LEU           97.29           280    278    110     6.165     6.145     3.858     0.8444      0.8444      0.8436      0.6862
59      A         B           59           GLU           96.05           280    278    110     6.165     6.145     3.858     0.7806      0.7806      0.7796      0.5914
60      A         B           60           ILE           96.74           280    278    110     6.165     6.145     3.858     0.8181      0.8181      0.8171      0.6437
61      A         B           61           LEU           97.91           280    278    110     6.165     6.145     3.858     0.8730      0.8730      0.8723      0.7340
62      A         B           62           LYS           97.12           280    278    110     6.165     6.145     3.858     0.8284      0.8284      0.8275      0.6611
63      A         B           63           THR           97.52           280    278    110     6.165     6.145     3.858     0.7866      0.7866      0.7856      0.5973
64      A         B           64           VAL           98.38           280    278    110     6.165     6.145     3.858     0.8815      0.8815      0.8808      0.7482
65      A         B           65           LYS           98.56           280    278    110     6.165     6.145     3.858     0.8484      0.8484      0.8475      0.6906
66      A         B           66           GLU           98.60           280    278    110     6.165     6.145     3.858     0.8960      0.8960      0.8954      0.7753
67      A         B           67           ILE           98.85           280    278    110     6.165     6.145     3.858     0.9233      0.9233      0.9228      0.8279
68      A         B           68           THR           98.60           280    278    110     6.165     6.145     3.858     0.9053      0.9053      0.9047      0.7927
69      A         B           69           GLY           98.43           280    278    110     6.165     6.145     3.858     0.9012      0.9012      0.9006      0.7852
70      A         B           70           PHE           98.61           280    278    110     6.165     6.145     3.858     0.9240      0.9240      0.9236      0.8302
71      A         B           71           LEU           98.90           280    278    110     6.165     6.145     3.858     0.9362      0.9362      0.9358      0.8551
72      A         B           72           LEU           98.06           280    278    110     6.165     6.145     3.858     0.9315      0.9315      0.9311      0.8456
73      A         B           73           ILE           98.64           280    278    110     6.165     6.145     3.858     0.9318      0.9318      0.9314      0.8462
74      A         B           74           GLN           96.85           280    278    110     6.165     6.145     3.858     0.9006      0.9006      0.9000      0.7858
75      A         B           75           ALA           96.60           280    278    110     6.165     6.145     3.858     0.9066      0.9066      0.9061      0.7960
76      A         B           76           TRP           97.73           280    278    110     6.165     6.145     3.858     0.8922      0.8922      0.8916      0.7696
77      A         B           77           PRO           95.87           280    278    110     6.165     6.145     3.858     0.8151      0.8151      0.8141      0.6408
78      A         B           78           ASP           87.53           280    278    110     6.165     6.145     3.858     0.6154      0.6154      0.6139      0.3997
79      A         B           79           ASN           89.41           280    278    110     6.165     6.145     3.858     0.5271      0.5271      0.5255      0.3146
80      A         B           80           TRP           96.39           280    278    110     6.165     6.145     3.858     0.7882      0.7882      0.7871      0.5992
81      A         B           81           THR           94.06           280    278    110     6.165     6.145     3.858     0.6950      0.6950      0.6937      0.4779
82      A         B           82           ASP           95.75           280    278    110     6.165     6.145     3.858     0.7871      0.7871      0.7860      0.5975
83      A         B           83           LEU           98.12           280    278    110     6.165     6.145     3.858     0.8676      0.8676      0.8668      0.7239
84      A         B           84           HIS           95.39           280    278    110     6.165     6.145     3.858     0.7750      0.7750      0.7738      0.5804
85      A         B           85           ALA           96.93           280    278    110     6.165     6.145     3.858     0.8124      0.8124      0.8115      0.6345
86      A         B           86           PHE           98.61           280    278    110     6.165     6.145     3.858     0.8846      0.8846      0.8839      0.7543
87      A         B           87           GLU           96.78           280    278    110     6.165     6.145     3.858     0.8049      0.8049      0.8039      0.6260
88      A         B           88           ASN           98.25           280    278    110     6.165     6.145     3.858     0.8536      0.8536      0.8528      0.7001
89      A         B           89           LEU           98.78           280    278    110     6.165     6.145     3.858     0.9020      0.9020      0.9015      0.7860
90      A         B           90           GLU           98.70           280    278    110     6.165     6.145     3.858     0.8718      0.8718      0.8711      0.7308
91      A         B           91           ILE           98.74           280    278    110     6.165     6.145     3.858     0.8950      0.8950      0.8944      0.7727
92      A         B           92           ILE           98.94           280    278    110     6.165     6.145     3.858     0.9217      0.9217      0.9212      0.8245
93      A         B           93           ARG           98.73           280    278    110     6.165     6.145     3.858     0.8883      0.8883      0.8877      0.7605
94      A         B           94           GLY           98.55           280    278    110     6.165     6.145     3.858     0.8724      0.8724      0.8717      0.7326
95      A         B           95           ARG           97.15           280    278    110     6.165     6.145     3.858     0.8288      0.8288      0.8279      0.6609
96      A         B           96           THR           95.89           280    278    110     6.165     6.145     3.858     0.8839      0.8839      0.8833      0.7540
97      A         B           97           LYS           95.41           280    278    110     6.165     6.145     3.858     0.8870      0.8870      0.8863      0.7604
98      A         B           98           GLN           97.29           280    278    110     6.165     6.145     3.858     0.8957      0.8957      0.8951      0.7762
99      A         B           99           HIS           95.90           280    278    110     6.165     6.145     3.858     0.8952      0.8952      0.8946      0.7750
100     A         B          100           GLY           94.41           280    278    110     6.165     6.145     3.858     0.8585      0.8585      0.8578      0.7135
101     A         B          101           GLN           95.36           280    278    110     6.165     6.145     3.858     0.8299      0.8299      0.8290      0.6658
102     A         B          102           PHE           97.90           280    278    110     6.165     6.145     3.858     0.9262      0.9262      0.9257      0.8341
103     A         B          103           SER           98.36           280    278    110     6.165     6.145     3.858     0.9063      0.9063      0.9058      0.7947
104     A         B          104           LEU           98.76           280    278    110     6.165     6.145     3.858     0.9342      0.9342      0.9338      0.8505
105     A         B          105           ALA           98.29           280    278    110     6.165     6.145     3.858     0.9239      0.9239      0.9234      0.8298
106     A         B          106           VAL           98.48           280    278    110     6.165     6.145     3.858     0.9278      0.9278      0.9273      0.8376
107     A         B          107           VAL           96.94           280    278    110     6.165     6.145     3.858     0.8935      0.8935      0.8929      0.7718
108     A         B          108           GLY           96.36           280    278    110     6.165     6.145     3.858     0.8813      0.8813      0.8806      0.7491
109     A         B          109           LEU           97.74           280    278    110     6.165     6.145     3.858     0.9051      0.9051      0.9046      0.7929
110     A         B          110           ASN           95.05           280    278    110     6.165     6.145     3.858     0.8654      0.8654      0.8647      0.7224
111     A         B          111           ILE           97.17           280    278    110     6.165     6.145     3.858     0.8801      0.8801      0.8794      0.7465
112     A         B          112           THR           92.66           280    278    110     6.165     6.145     3.858     0.8401      0.8401      0.8392      0.6783
113     A         B          113           SER           92.76           280    278    110     6.165     6.145     3.858     0.7511      0.7511      0.7499      0.5476
114     A         B          114           LEU           96.51           280    278    110     6.165     6.145     3.858     0.8315      0.8315      0.8306      0.6634
115     A         B          115           GLY           95.07           280    278    110     6.165     6.145     3.858     0.7025      0.7025      0.7012      0.4871
116     A         B          116           LEU           96.83           280    278    110     6.165     6.145     3.858     0.7884      0.7884      0.7873      0.5982
117     A         B          117           ARG           91.00           280    278    110     6.165     6.145     3.858     0.5397      0.5397      0.5381      0.3227
118     A         B          118           SER           97.55           280    278    110     6.165     6.145     3.858     0.7898      0.7898      0.7887      0.5996
119     A         B          119           LEU           97.41           280    278    110     6.165     6.145     3.858     0.8612      0.8612      0.8604      0.7118
120     A         B          120           LYS           96.96           280    278    110     6.165     6.145     3.858     0.7100      0.7100      0.7086      0.4950
121     A         B          121           GLU           98.36           280    278    110     6.165     6.145     3.858     0.8669      0.8669      0.8661      0.7218
122     A         B          122           ILE           98.71           280    278    110     6.165     6.145     3.858     0.9031      0.9031      0.9025      0.7877
123     A         B          123           SER           98.49           280    278    110     6.165     6.145     3.858     0.8630      0.8630      0.8622      0.7152
124     A         B          124           ASP           97.89           280    278    110     6.165     6.145     3.858     0.8794      0.8794      0.8787      0.7446
125     A         B          125           GLY           97.96           280    278    110     6.165     6.145     3.858     0.8644      0.8644      0.8637      0.7194
126     A         B          126           ASP           97.43           280    278    110     6.165     6.145     3.858     0.9041      0.9041      0.9035      0.7904
127     A         B          127           VAL           98.08           280    278    110     6.165     6.145     3.858     0.9199      0.9199      0.9195      0.8215
128     A         B          128           ILE           97.64           280    278    110     6.165     6.145     3.858     0.9190      0.9190      0.9185      0.8194
129     A         B          129           ILE           97.69           280    278    110     6.165     6.145     3.858     0.9199      0.9199      0.9194      0.8214
130     A         B          130           SER           95.63           280    278    110     6.165     6.145     3.858     0.8412      0.8412      0.8403      0.6816
131     A         B          131           GLY           95.64           280    278    110     6.165     6.145     3.858     0.8571      0.8571      0.8563      0.7071
132     A         B          132           ASN           97.01           280    278    110     6.165     6.145     3.858     0.8825      0.8825      0.8819      0.7506
133     A         B          133           ARG           93.20           280    278    110     6.165     6.145     3.858     0.8105      0.8105      0.8096      0.6354
134     A         B          134           ASN           93.31           280    278    110     6.165     6.145     3.858     0.8457      0.8457      0.8449      0.6873
135     A         B          135           LEU           95.84           280    278    110     6.165     6.145     3.858     0.8541      0.8541      0.8533      0.7005
136     A         B          136           CYS           91.89           280    278    110     6.165     6.145     3.858     0.6788      0.6788      0.6774      0.4607
137     A         B          137           TYR           86.91           280    278    110     6.165     6.145     3.858     0.4537      0.4537      0.4521      0.2495
138     A         B          138           ALA           89.11           280    278    110     6.165     6.145     3.858     0.5439      0.5439      0.5423      0.3241
139     A         B          139           ASN           79.35           280    278    110     6.165     6.145     3.858     0.4617      0.4617      0.4601      0.2567
140     A         B          140           THR           82.58           280    278    110     6.165     6.145     3.858     0.4607      0.4607      0.4592      0.2560
141     A         B          141           ILE           91.62           280    278    110     6.165     6.145     3.858     0.6287      0.6287      0.6272      0.4042
142     A         B          142           ASN           93.12           280    278    110     6.165     6.145     3.858     0.6762      0.6762      0.6748      0.4558
143     A         B          143           TRP           96.48           280    278    110     6.165     6.145     3.858     0.8034      0.8034      0.8024      0.6201
144     A         B          144           LYS           94.71           280    278    110     6.165     6.145     3.858     0.7524      0.7524      0.7512      0.5493
145     A         B          145           LYS           94.64           280    278    110     6.165     6.145     3.858     0.6868      0.6868      0.6855      0.4690
146     A         B          146           LEU           96.92           280    278    110     6.165     6.145     3.858     0.8196      0.8196      0.8187      0.6440
147     A         B          147           PHE           98.14           280    278    110     6.165     6.145     3.858     0.8293      0.8293      0.8284      0.6591
148     A         B          148           GLY           97.50           280    278    110     6.165     6.145     3.858     0.6151      0.6151      0.6136      0.3916
149     A         B          149           THR           93.90           280    278    110     6.165     6.145     3.858     0.6323      0.6323      0.6308      0.4103
150     A         B          150           PRO           94.31           280    278    110     6.165     6.145     3.858     0.5938      0.5938      0.5923      0.3746
151     A         B          151           ASN           90.30           280    278    110     6.165     6.145     3.858     0.6720      0.6720      0.6706      0.4574
152     A         B          152           GLN           97.23           280    278    110     6.165     6.145     3.858     0.8195      0.8195      0.8185      0.6461
153     A         B          153           LYS           93.30           280    278    110     6.165     6.145     3.858     0.7864      0.7864      0.7854      0.5987
154     A         B          154           THR           94.96           280    278    110     6.165     6.145     3.858     0.8158      0.8158      0.8149      0.6418
155     A         B          155           LYS           93.93           280    278    110     6.165     6.145     3.858     0.8315      0.8315      0.8306      0.6661
156     A         B          156           ILE           94.10           280    278    110     6.165     6.145     3.858     0.8320      0.8320      0.8311      0.6663
157     A         B          157           MET           91.73           280    278    110     6.165     6.145     3.858     0.6740      0.6740      0.6726      0.4597
158     A         B          158           ASN           92.23           280    278    110     6.165     6.145     3.858     0.8002      0.8002      0.7992      0.6181
159     A         B          159           ASN           95.12           280    278    110     6.165     6.145     3.858     0.8393      0.8393      0.8385      0.6763
160     A         B          160           ARG           91.29           280    278    110     6.165     6.145     3.858     0.7642      0.7642      0.7631      0.5655
161     A         B          161           ALA           88.73           280    278    110     6.165     6.145     3.858     0.6045      0.6045      0.6030      0.3823
162     A         B          162           GLU           83.29           280    278    110     6.165     6.145     3.858     0.5405      0.5405      0.5389      0.3220
163     A         B          163           LYS           86.24           280    278    110     6.165     6.145     3.858     0.4918      0.4918      0.4902      0.2803
164     A         B          164           ASP           84.85           280    278    110     6.165     6.145     3.858     0.5145      0.5145      0.5129      0.2976
165     A         B          165           CYS           86.82           280    278    110     6.165     6.145     3.858     0.5287      0.5287      0.5271      0.3097
166     A         B          166           LYS           80.88           280    278    110     6.165     6.145     3.858     0.4347      0.4347      0.4331      0.2351
167     A         B          167           ALA           70.24           280    278    110     6.165     6.145     3.858     0.2946      0.2946      0.2933      0.1419
168     A         B          168           VAL           68.29           280    278    110     6.165     6.145     3.858     0.2040      0.2040      0.2030      0.0918
169     A         B          169           ASN           55.49           280    278      0     6.165     6.145     1.000     0.1006      0.0000      0.0000      0.0000
170     A         B          170           HIS           45.05           280    278      0     6.165     6.145     1.000     0.0631      0.0000      0.0000      0.0000
171     B         A            1           MET           68.36           280    280      3     6.165     6.165     1.000     0.0867      0.1611      0.1611      0.0050
172     B         A            2           GLU           83.17           280    280    120     6.165     6.165     4.050     0.1822      0.2026      0.2026      0.0998
173     B         A            3           LYS           93.15           280    280    170     6.165     6.165     4.861     0.4739      0.4739      0.4739      0.3636
174     B         A            4           GLU           91.39           280    280    170     6.165     6.165     4.861     0.6105      0.6105      0.6105      0.4990
175     B         A            5           LYS           92.71           280    280    170     6.165     6.165     4.861     0.7481      0.7481      0.7481      0.6529
176     B         A            6           GLU           93.09           280    280    170     6.165     6.165     4.861     0.7777      0.7777      0.7777      0.6893
177     B         A            7           GLU           94.91           280    280    170     6.165     6.165     4.861     0.7887      0.7887      0.7887      0.7027
178     B         A            8           LEU           96.50           280    280    170     6.165     6.165     4.861     0.8642      0.8642      0.8642      0.8008
179     B         A            9           LEU           95.74           280    280    170     6.165     6.165     4.861     0.8847      0.8847      0.8847      0.8289
180     B         A           10           ASP           94.61           280    280    170     6.165     6.165     4.861     0.8706      0.8706      0.8706      0.8097
181     B         A           11           LYS           96.53           280    280    170     6.165     6.165     4.861     0.8703      0.8703      0.8703      0.8093
182     B         A           12           ALA           97.68           280    280    170     6.165     6.165     4.861     0.9076      0.9076      0.9076      0.8615
183     B         A           13           THR           96.05           280    280    170     6.165     6.165     4.861     0.9106      0.9106      0.9106      0.8659
184     B         A           14           GLU           95.42           280    280    170     6.165     6.165     4.861     0.8932      0.8932      0.8932      0.8412
185     B         A           15           LYS           97.49           280    280    170     6.165     6.165     4.861     0.9162      0.9162      0.9162      0.8737
186     B         A           16           LEU           97.97           280    280    170     6.165     6.165     4.861     0.9328      0.9328      0.9328      0.8981
187     B         A           17           PHE           97.09           280    280    170     6.165     6.165     4.861     0.9248      0.9248      0.9248      0.8865
188     B         A           18           GLU           96.35           280    280    170     6.165     6.165     4.861     0.9177      0.9177      0.9177      0.8761
189     B         A           19           LEU           98.14           280    280    170     6.165     6.165     4.861     0.9286      0.9286      0.9286      0.8919
190     B         A           20           GLU           96.35           280    280    170     6.165     6.165     4.861     0.9171      0.9171      0.9171      0.8755
191     B         A           21           ARG           95.59           280    280    170     6.165     6.165     4.861     0.9089      0.9089      0.9089      0.8637
192     B         A           22           GLU           97.42           280    280    170     6.165     6.165     4.861     0.9210      0.9210      0.9210      0.8808
193     B         A           23           LEU           97.91           280    280    170     6.165     6.165     4.861     0.9245      0.9245      0.9245      0.8859
194     B         A           24           VAL           95.48           280    280    170     6.165     6.165     4.861     0.9019      0.9019      0.9019      0.8540
195     B         A           25           THR           95.31           280    280    170     6.165     6.165     4.861     0.9065      0.9065      0.9065      0.8603
196     B         A           26           LYS           97.01           280    280    170     6.165     6.165     4.861     0.9103      0.9103      0.9103      0.8653
197     B         A           27           ILE           95.83           280    280    170     6.165     6.165     4.861     0.9010      0.9010      0.9010      0.8525
198     B         A           28           ALA           93.82           280    280    170     6.165     6.165     4.861     0.8486      0.8486      0.8486      0.7812
199     B         A           29           GLU           92.75           280    280    170     6.165     6.165     4.861     0.8544      0.8544      0.8544      0.7889
200     B         A           30           GLY           93.66           280    280    170     6.165     6.165     4.861     0.8062      0.8062      0.8062      0.7266
201     B         A           31           THR           94.60           280    280    170     6.165     6.165     4.861     0.7797      0.7797      0.7797      0.6934
202     B         A           32           LEU           96.80           280    280    170     6.165     6.165     4.861     0.8372      0.8372      0.8372      0.7655
203     B         A           33           THR           97.99           280    280    170     6.165     6.165     4.861     0.8001      0.8001      0.8001      0.7175
204     B         A           34           PRO           97.76           280    280    170     6.165     6.165     4.861     0.7835      0.7835      0.7835      0.6964
205     B         A           35           GLU           98.28           280    280    170     6.165     6.165     4.861     0.7934      0.7934      0.7934      0.7081
206     B         A           36           GLU           97.91           280    280    170     6.165     6.165     4.861     0.8588      0.8588      0.8588      0.7937
207     B         A           37           GLY           98.67           280    280    170     6.165     6.165     4.861     0.8461      0.8461      0.8461      0.7768
208     B         A           38           TYR           98.77           280    280    170     6.165     6.165     4.861     0.8894      0.8894      0.8894      0.8357
209     B         A           39           GLU           98.29           280    280    170     6.165     6.165     4.861     0.8736      0.8736      0.8736      0.8134
210     B         A           40           LEU           98.53           280    280    170     6.165     6.165     4.861     0.9065      0.9065      0.9065      0.8600
211     B         A           41           GLY           98.81           280    280    170     6.165     6.165     4.861     0.8831      0.8831      0.8831      0.8270
212     B         A           42           TYR           98.70           280    280    170     6.165     6.165     4.861     0.9121      0.9121      0.9121      0.8677
213     B         A           43           LYS           98.70           280    280    170     6.165     6.165     4.861     0.9156      0.9156      0.9156      0.8728
214     B         A           44           ILE           98.73           280    280    170     6.165     6.165     4.861     0.9230      0.9230      0.9230      0.8838
215     B         A           45           GLY           98.82           280    280    170     6.165     6.165     4.861     0.8977      0.8977      0.8977      0.8476
216     B         A           46           PHE           98.86           280    280    170     6.165     6.165     4.861     0.9138      0.9138      0.9138      0.8702
217     B         A           47           LEU           98.61           280    280    170     6.165     6.165     4.861     0.9154      0.9154      0.9154      0.8728
218     B         A           48           SER           97.85           280    280    170     6.165     6.165     4.861     0.8829      0.8829      0.8829      0.8269
219     B         A           49           SER           98.43           280    280    170     6.165     6.165     4.861     0.8900      0.8900      0.8900      0.8368
220     B         A           50           VAL           97.94           280    280    170     6.165     6.165     4.861     0.8872      0.8872      0.8872      0.8326
221     B         A           51           VAL           97.18           280    280    170     6.165     6.165     4.861     0.8903      0.8903      0.8903      0.8371
222     B         A           52           ASN           95.90           280    280    170     6.165     6.165     4.861     0.8713      0.8713      0.8713      0.8109
223     B         A           53           TYR           97.20           280    280    170     6.165     6.165     4.861     0.8740      0.8740      0.8740      0.8145
224     B         A           54           LEU           95.91           280    280    170     6.165     6.165     4.861     0.8477      0.8477      0.8477      0.7789
225     B         A           55           HIS           93.25           280    280    170     6.165     6.165     4.861     0.7691      0.7691      0.7691      0.6801
226     B         A           56           THR           90.37           280    280    170     6.165     6.165     4.861     0.7522      0.7522      0.7522      0.6591
227     B         A           57           GLY           94.75           280    280    170     6.165     6.165     4.861     0.7362      0.7362      0.7362      0.6399
228     B         A           58           GLU           93.86           280    280    170     6.165     6.165     4.861     0.6804      0.6804      0.6804      0.5752
229     B         A           59           LEU           96.45           280    280    170     6.165     6.165     4.861     0.7313      0.7313      0.7313      0.6334
230     B         A           60           LEU           96.05           280    280    170     6.165     6.165     4.861     0.7076      0.7076      0.7076      0.6059
231     B         A           61           TYR           95.37           280    280    170     6.165     6.165     4.861     0.6848      0.6848      0.6848      0.5805
232     B         A           62           GLU           94.69           280    280    170     6.165     6.165     4.861     0.7736      0.7736      0.7736      0.6859
233     B         A           63           ASP           97.29           280    280    170     6.165     6.165     4.861     0.8349      0.8349      0.8349      0.7629
234     B         A           64           GLU           93.45           280    280    170     6.165     6.165     4.861     0.8096      0.8096      0.8096      0.7327
235     B         A           65           SER           94.03           280    280    170     6.165     6.165     4.861     0.8237      0.8237      0.8237      0.7501
236     B         A           66           SER           96.42           280    280    170     6.165     6.165     4.861     0.8739      0.8739      0.8739      0.8153
237     B         A           67           ILE           97.32           280    280    170     6.165     6.165     4.861     0.8851      0.8851      0.8851      0.8304
238     B         A           68           ARG           93.10           280    280    170     6.165     6.165     4.861     0.8463      0.8463      0.8463      0.7787
239     B         A           69           LEU           94.20           280    280    170     6.165     6.165     4.861     0.8668      0.8668      0.8668      0.8064
240     B         A           70           VAL           96.27           280    280    170     6.165     6.165     4.861     0.8772      0.8772      0.8772      0.8199
241     B         A           71           GLU           94.62           280    280    170     6.165     6.165     4.861     0.8331      0.8331      0.8331      0.7602
242     B         A           72           PRO           92.27           280    280    170     6.165     6.165     4.861     0.7898      0.7898      0.7898      0.7062
243     B         A           73           HIS           93.46           280    280    170     6.165     6.165     4.861     0.8257      0.8257      0.8257      0.7518
244     B         A           74           ALA           96.64           280    280    170     6.165     6.165     4.861     0.8134      0.8134      0.8134      0.7358
245     B         A           75           PRO           96.84           280    280    170     6.165     6.165     4.861     0.7895      0.7895      0.7895      0.7059
246     B         A           76           ALA           98.32           280    280    170     6.165     6.165     4.861     0.8467      0.8467      0.8467      0.7777
247     B         A           77           ALA           98.44           280    280    170     6.165     6.165     4.861     0.8822      0.8822      0.8822      0.8260
248     B         A           78           ALA           98.13           280    280    170     6.165     6.165     4.861     0.8815      0.8815      0.8815      0.8250
249     B         A           79           GLU           98.50           280    280    170     6.165     6.165     4.861     0.8643      0.8643      0.8643      0.8017
250     B         A           80           GLY           98.81           280    280    170     6.165     6.165     4.861     0.8785      0.8785      0.8785      0.8203
251     B         A           81           ILE           98.75           280    280    170     6.165     6.165     4.861     0.9076      0.9076      0.9076      0.8616
252     B         A           82           ARG           98.34           280    280    170     6.165     6.165     4.861     0.8805      0.8805      0.8805      0.8237
253     B         A           83           GLU           98.55           280    280    170     6.165     6.165     4.861     0.8616      0.8616      0.8616      0.7978
254     B         A           84           GLY           98.82           280    280    170     6.165     6.165     4.861     0.8720      0.8720      0.8720      0.8114
255     B         A           85           CYS           98.61           280    280    170     6.165     6.165     4.861     0.8827      0.8827      0.8827      0.8265
256     B         A           86           ARG           98.34           280    280    170     6.165     6.165     4.861     0.8569      0.8569      0.8569      0.7916
257     B         A           87           GLU           98.42           280    280    170     6.165     6.165     4.861     0.8533      0.8533      0.8533      0.7861
258     B         A           88           ALA           98.68           280    280    170     6.165     6.165     4.861     0.8623      0.8623      0.8623      0.7982
259     B         A           89           VAL           98.40           280    280    170     6.165     6.165     4.861     0.8511      0.8511      0.8511      0.7830
260     B         A           90           ARG           98.36           280    280    170     6.165     6.165     4.861     0.8189      0.8189      0.8189      0.7411
261     B         A           91           LEU           98.25           280    280    170     6.165     6.165     4.861     0.8058      0.8058      0.8058      0.7236
262     B         A           92           TYR           98.32           280    280    170     6.165     6.165     4.861     0.8102      0.8102      0.8102      0.7291
263     B         A           93           GLU           97.84           280    280    170     6.165     6.165     4.861     0.7564      0.7564      0.7564      0.6619
264     B         A           94           GLU           96.54           280    280    170     6.165     6.165     4.861     0.6411      0.6411      0.6411      0.5313
265     B         A           95           LYS           97.31           280    280    170     6.165     6.165     4.861     0.6115      0.6115      0.6115      0.4976
266     B         A           96           GLY           97.66           280    280    170     6.165     6.165     4.861     0.6613      0.6613      0.6613      0.5526
267     B         A           97           LEU           95.58           280    280    170     6.165     6.165     4.861     0.7440      0.7440      0.7440      0.6468
268     B         A           98           GLU           95.51           280    280    170     6.165     6.165     4.861     0.6858      0.6858      0.6858      0.5797
269     B         A           99           ALA           97.72           280    280    170     6.165     6.165     4.861     0.7771      0.7771      0.7771      0.6873
270     B         A          100           LEU           97.85           280    280    170     6.165     6.165     4.861     0.8425      0.8425      0.8425      0.7711
271     B         A          101           LEU           96.45           280    280    170     6.165     6.165     4.861     0.8103      0.8103      0.8103      0.7292
272     B         A          102           GLU           96.77           280    280    170     6.165     6.165     4.861     0.7779      0.7779      0.7779      0.6883
273     B         A          103           LYS           98.09           280    280    170     6.165     6.165     4.861     0.8499      0.8499      0.8499      0.7811
274     B         A          104           THR           98.12           280    280    170     6.165     6.165     4.861     0.8523      0.8523      0.8523      0.7843
275     B         A          105           LYS           96.45           280    280    170     6.165     6.165     4.861     0.8142      0.8142      0.8142      0.7344
276     B         A          106           GLU           96.85           280    280    170     6.165     6.165     4.861     0.7689      0.7689      0.7689      0.6772
277     B         A          107           VAL           97.74           280    280    170     6.165     6.165     4.861     0.8240      0.8240      0.8240      0.7468
278     B         A          108           LEU           97.15           280    280    170     6.165     6.165     4.861     0.7380      0.7380      0.7380      0.6397
279     B         A          109           ALA           92.42           280    280    170     6.165     6.165     4.861     0.3987      0.3987      0.3987      0.2968
280     B         A          110           GLU           75.75           280    280     55     6.165     6.165     2.441     0.1356      0.1664      0.1664      0.0304
