i   AlignChn ScoredChain  AlignResNum  AlignResType  AlignRespLDDT      n0chn  n0dom  n0res    d0chn     d0dom     d0res   ipTM_pae  ipSAE_d0chn ipSAE_d0dom    ipSAE 
1       A         B            1           LYS           92.70           267    266     97     6.032     6.022     3.587     0.2969      0.2969      0.2962      0.1312
2       A         B            2           VAL           96.98           267    266     97     6.032     6.022     3.587     0.7322      0.7322      0.7316      0.4961
3       A         B            3           CYS           96.49           267    266     97     6.032     6.022     3.587     0.8019      0.8019      0.8014      0.5935
4       A         B            4           ASN           96.08           267    266     97     6.032     6.022     3.587     0.8202      0.8202      0.8197      0.6218
5       A         B            5           GLY           97.16           267    266     97     6.032     6.022     3.587     0.7733      0.7733      0.7728      0.5566
6       A         B            6           ILE           95.54           267    266     97     6.032     6.022     3.587     0.7947      0.7947      0.7942      0.5857
7       A         B            7           GLY           91.15           267    266     97     6.032     6.022     3.587     0.6299      0.6299      0.6291      0.3849
8       A         B            8           ILE           88.31           267    266     97     6.032     6.022     3.587     0.6141      0.6141      0.6133      0.3711
9       A         B            9           GLY           90.97           267    266     97     6.032     6.022     3.587     0.5746      0.5746      0.5738      0.3279
10      A         B           10           GLU           89.20           267    266     97     6.032     6.022     3.587     0.5341      0.5341      0.5333      0.2961
11      A         B           11           PHE           92.15           267    266     97     6.032     6.022     3.587     0.6969      0.6969      0.6962      0.4563
12      A         B           12           LYS           89.24           267    266     97     6.032     6.022     3.587     0.6331      0.6331      0.6324      0.3903
13      A         B           13           ASP           83.83           267    266     97     6.032     6.022     3.587     0.5951      0.5951      0.5943      0.3580
14      A         B           14           SER           85.55           267    266     97     6.032     6.022     3.587     0.6987      0.6987      0.6980      0.4660
15      A         B           15           LEU           85.93           267    266     97     6.032     6.022     3.587     0.7395      0.7395      0.7388      0.5133
16      A         B           16           SER           93.29           267    266     97     6.032     6.022     3.587     0.8194      0.8194      0.8189      0.6250
17      A         B           17           ILE           96.26           267    266     97     6.032     6.022     3.587     0.8489      0.8489      0.8484      0.6701
18      A         B           18           ASN           94.88           267    266     97     6.032     6.022     3.587     0.8160      0.8160      0.8155      0.6159
19      A         B           19           ALA           95.95           267    266     97     6.032     6.022     3.587     0.7994      0.7994      0.7989      0.5927
20      A         B           20           THR           93.52           267    266     97     6.032     6.022     3.587     0.6904      0.6904      0.6897      0.4506
21      A         B           21           ASN           94.32           267    266     97     6.032     6.022     3.587     0.7902      0.7902      0.7896      0.5785
22      A         B           22           ILE           96.15           267    266     97     6.032     6.022     3.587     0.7831      0.7831      0.7826      0.5681
23      A         B           23           LYS           93.26           267    266     97     6.032     6.022     3.587     0.6371      0.6371      0.6364      0.3950
24      A         B           24           HIS           93.64           267    266     97     6.032     6.022     3.587     0.6410      0.6410      0.6402      0.3940
25      A         B           25           PHE           96.89           267    266     97     6.032     6.022     3.587     0.7919      0.7919      0.7913      0.5791
26      A         B           26           LYS           96.05           267    266     97     6.032     6.022     3.587     0.7364      0.7364      0.7357      0.5042
27      A         B           27           ASN           95.30           267    266     97     6.032     6.022     3.587     0.6511      0.6511      0.6504      0.4018
28      A         B           28           CYS           97.80           267    266     97     6.032     6.022     3.587     0.7780      0.7780      0.7774      0.5570
29      A         B           29           THR           98.23           267    266     97     6.032     6.022     3.587     0.7842      0.7842      0.7836      0.5652
30      A         B           30           SER           97.98           267    266     97     6.032     6.022     3.587     0.8271      0.8271      0.8266      0.6317
31      A         B           31           ILE           98.13           267    266     97     6.032     6.022     3.587     0.8671      0.8671      0.8667      0.7004
32      A         B           32           SER           96.96           267    266     97     6.032     6.022     3.587     0.8247      0.8247      0.8242      0.6284
33      A         B           33           GLY           97.04           267    266     97     6.032     6.022     3.587     0.8320      0.8320      0.8315      0.6432
34      A         B           34           ASP           96.48           267    266     97     6.032     6.022     3.587     0.8620      0.8620      0.8616      0.6931
35      A         B           35           LEU           97.69           267    266     97     6.032     6.022     3.587     0.8665      0.8665      0.8661      0.7018
36      A         B           36           HIS           94.07           267    266     97     6.032     6.022     3.587     0.8186      0.8186      0.8181      0.6240
37      A         B           37           ILE           97.64           267    266     97     6.032     6.022     3.587     0.8988      0.8988      0.8984      0.7639
38      A         B           38           LEU           94.53           267    266     97     6.032     6.022     3.587     0.8943      0.8943      0.8940      0.7554
39      A         B           39           PRO           93.78           267    266     97     6.032     6.022     3.587     0.8614      0.8614      0.8610      0.6950
40      A         B           40           VAL           90.95           267    266     97     6.032     6.022     3.587     0.8236      0.8236      0.8232      0.6335
41      A         B           41           ALA           95.30           267    266     97     6.032     6.022     3.587     0.8315      0.8315      0.8310      0.6452
42      A         B           42           PHE           95.27           267    266     97     6.032     6.022     3.587     0.7957      0.7957      0.7952      0.5909
43      A         B           43           ARG           89.91           267    266     97     6.032     6.022     3.587     0.5102      0.5102      0.5094      0.2817
44      A         B           44           GLY           92.21           267    266     97     6.032     6.022     3.587     0.4439      0.4439      0.4431      0.2320
45      A         B           45           ASP           86.52           267    266     97     6.032     6.022     3.587     0.3649      0.3649      0.3641      0.1761
46      A         B           46           SER           86.94           267    266     97     6.032     6.022     3.587     0.3148      0.3148      0.3141      0.1470
47      A         B           47           PHE           82.90           267    266     97     6.032     6.022     3.587     0.3250      0.3250      0.3243      0.1523
48      A         B           48           THR           85.79           267    266     97     6.032     6.022     3.587     0.3596      0.3596      0.3588      0.1717
49      A         B           49           HIS           91.99           267    266     97     6.032     6.022     3.587     0.3654      0.3654      0.3646      0.1751
50      A         B           50           THR           91.84           267    266     97     6.032     6.022     3.587     0.4820      0.4820      0.4812      0.2568
51      A         B           51           PRO           95.17           267    266     97     6.032     6.022     3.587     0.5719      0.5719      0.5711      0.3322
52      A         B           52           PRO           95.39           267    266     97     6.032     6.022     3.587     0.7033      0.7033      0.7026      0.4662
53      A         B           53           LEU           96.93           267    266     97     6.032     6.022     3.587     0.7828      0.7828      0.7822      0.5692
54      A         B           54           ASP           96.34           267    266     97     6.032     6.022     3.587     0.7328      0.7328      0.7321      0.5011
55      A         B           55           PRO           93.44           267    266     97     6.032     6.022     3.587     0.6567      0.6567      0.6559      0.4112
56      A         B           56           GLN           94.45           267    266     97     6.032     6.022     3.587     0.6169      0.6169      0.6161      0.3717
57      A         B           57           GLU           95.66           267    266     97     6.032     6.022     3.587     0.7488      0.7488      0.7482      0.5188
58      A         B           58           LEU           95.72           267    266     97     6.032     6.022     3.587     0.8027      0.8027      0.8022      0.5956
59      A         B           59           ASP           95.83           267    266     97     6.032     6.022     3.587     0.7745      0.7745      0.7739      0.5556
60      A         B           60           ILE           96.44           267    266     97     6.032     6.022     3.587     0.7947      0.7947      0.7941      0.5822
61      A         B           61           LEU           97.71           267    266     97     6.032     6.022     3.587     0.8517      0.8517      0.8513      0.6741
62      A         B           62           LYS           97.05           267    266     97     6.032     6.022     3.587     0.8127      0.8127      0.8122      0.6105
63      A         B           63           THR           97.56           267    266     97     6.032     6.022     3.587     0.7839      0.7839      0.7834      0.5662
64      A         B           64           VAL           98.39           267    266     97     6.032     6.022     3.587     0.8682      0.8682      0.8678      0.7024
65      A         B           65           LYS           98.58           267    266     97     6.032     6.022     3.587     0.8397      0.8397      0.8393      0.6521
66      A         B           66           GLU           98.55           267    266     97     6.032     6.022     3.587     0.8784      0.8784      0.8780      0.7213
67      A         B           67           ILE           98.74           267    266     97     6.032     6.022     3.587     0.9150      0.9150      0.9147      0.7944
68      A         B           68           THR           98.25           267    266     97     6.032     6.022     3.587     0.8913      0.8913      0.8909      0.7461
69      A         B           69           GLY           97.95           267    266     97     6.032     6.022     3.587     0.8878      0.8878      0.8875      0.7408
70      A         B           70           PHE           97.45           267    266     97     6.032     6.022     3.587     0.9142      0.9142      0.9140      0.7939
71      A         B           71           LEU           98.81           267    266     97     6.032     6.022     3.587     0.9287      0.9287      0.9285      0.8250
72      A         B           72           LEU           97.21           267    266     97     6.032     6.022     3.587     0.9232      0.9232      0.9229      0.8133
73      A         B           73           ILE           98.45           267    266     97     6.032     6.022     3.587     0.9283      0.9283      0.9281      0.8249
74      A         B           74           GLN           96.12           267    266     97     6.032     6.022     3.587     0.9020      0.9020      0.9017      0.7706
75      A         B           75           ALA           96.51           267    266     97     6.032     6.022     3.587     0.8950      0.8950      0.8947      0.7571
76      A         B           76           TRP           97.38           267    266     97     6.032     6.022     3.587     0.8725      0.8725      0.8722      0.7148
77      A         B           77           PRO           95.06           267    266     97     6.032     6.022     3.587     0.7869      0.7869      0.7864      0.5746
78      A         B           78           GLU           86.24           267    266     97     6.032     6.022     3.587     0.5198      0.5198      0.5190      0.2893
79      A         B           79           ASN           88.95           267    266     97     6.032     6.022     3.587     0.4664      0.4664      0.4656      0.2478
80      A         B           80           ARG           94.08           267    266     97     6.032     6.022     3.587     0.6743      0.6743      0.6736      0.4301
81      A         B           81           THR           93.63           267    266     97     6.032     6.022     3.587     0.6626      0.6626      0.6618      0.4156
82      A         B           82           ASP           95.08           267    266     97     6.032     6.022     3.587     0.7447      0.7447      0.7440      0.5135
83      A         B           83           LEU           97.70           267    266     97     6.032     6.022     3.587     0.8350      0.8350      0.8345      0.6465
84      A         B           84           HIS           92.38           267    266     97     6.032     6.022     3.587     0.6571      0.6571      0.6563      0.4117
85      A         B           85           ALA           96.59           267    266     97     6.032     6.022     3.587     0.7727      0.7727      0.7721      0.5510
86      A         B           86           PHE           98.46           267    266     97     6.032     6.022     3.587     0.8677      0.8677      0.8673      0.7026
87      A         B           87           GLU           96.24           267    266     97     6.032     6.022     3.587     0.7721      0.7721      0.7716      0.5519
88      A         B           88           ASN           98.27           267    266     97     6.032     6.022     3.587     0.8416      0.8416      0.8411      0.6562
89      A         B           89           LEU           98.70           267    266     97     6.032     6.022     3.587     0.8936      0.8936      0.8932      0.7507
90      A         B           90           GLU           98.57           267    266     97     6.032     6.022     3.587     0.8654      0.8654      0.8650      0.6974
91      A         B           91           ILE           98.62           267    266     97     6.032     6.022     3.587     0.8826      0.8826      0.8822      0.7292
92      A         B           92           ILE           98.74           267    266     97     6.032     6.022     3.587     0.9167      0.9167      0.9165      0.7981
93      A         B           93           ARG           98.32           267    266     97     6.032     6.022     3.587     0.8816      0.8816      0.8812      0.7274
94      A         B           94           GLY           97.00           267    266     97     6.032     6.022     3.587     0.8677      0.8677      0.8673      0.7025
95      A         B           95           ARG           95.08           267    266     97     6.032     6.022     3.587     0.8257      0.8257      0.8253      0.6311
96      A         B           96           THR           94.09           267    266     97     6.032     6.022     3.587     0.8823      0.8823      0.8820      0.7314
97      A         B           97           LYS           93.69           267    266     97     6.032     6.022     3.587     0.9037      0.9037      0.9034      0.7730
98      A         B           98           GLN           94.60           267    266     97     6.032     6.022     3.587     0.9070      0.9070      0.9067      0.7804
99      A         B           99           HIS           92.33           267    266     97     6.032     6.022     3.587     0.9070      0.9070      0.9067      0.7797
100     A         B          100           GLY           92.64           267    266     97     6.032     6.022     3.587     0.8828      0.8828      0.8824      0.7327
101     A         B          101           GLN           93.20           267    266     97     6.032     6.022     3.587     0.9021      0.9021      0.9018      0.7697
102     A         B          102           PHE           95.91           267    266     97     6.032     6.022     3.587     0.9335      0.9335      0.9333      0.8354
103     A         B          103           SER           96.78           267    266     97     6.032     6.022     3.587     0.9182      0.9182      0.9179      0.8020
104     A         B          104           LEU           98.30           267    266     97     6.032     6.022     3.587     0.9316      0.9316      0.9314      0.8316
105     A         B          105           ALA           97.65           267    266     97     6.032     6.022     3.587     0.9236      0.9236      0.9234      0.8145
106     A         B          106           VAL           98.07           267    266     97     6.032     6.022     3.587     0.9256      0.9256      0.9253      0.8191
107     A         B          107           VAL           96.31           267    266     97     6.032     6.022     3.587     0.8848      0.8848      0.8844      0.7382
108     A         B          108           SER           95.33           267    266     97     6.032     6.022     3.587     0.8901      0.8901      0.8898      0.7471
109     A         B          109           LEU           97.61           267    266     97     6.032     6.022     3.587     0.9019      0.9019      0.9016      0.7709
110     A         B          110           ASN           95.00           267    266     97     6.032     6.022     3.587     0.8450      0.8450      0.8446      0.6685
111     A         B          111           ILE           96.46           267    266     97     6.032     6.022     3.587     0.8688      0.8688      0.8684      0.7074
112     A         B          112           THR           93.28           267    266     97     6.032     6.022     3.587     0.8281      0.8281      0.8276      0.6363
113     A         B          113           SER           93.03           267    266     97     6.032     6.022     3.587     0.7684      0.7684      0.7678      0.5453
114     A         B          114           LEU           96.21           267    266     97     6.032     6.022     3.587     0.8352      0.8352      0.8347      0.6468
115     A         B          115           GLY           94.72           267    266     97     6.032     6.022     3.587     0.7191      0.7191      0.7185      0.4818
116     A         B          116           LEU           96.26           267    266     97     6.032     6.022     3.587     0.7965      0.7965      0.7959      0.5850
117     A         B          117           ARG           90.12           267    266     97     6.032     6.022     3.587     0.5518      0.5518      0.5510      0.3138
118     A         B          118           SER           97.10           267    266     97     6.032     6.022     3.587     0.7972      0.7972      0.7966      0.5847
119     A         B          119           LEU           96.62           267    266     97     6.032     6.022     3.587     0.8600      0.8600      0.8596      0.6876
120     A         B          120           LYS           95.57           267    266     97     6.032     6.022     3.587     0.7102      0.7102      0.7095      0.4683
121     A         B          121           GLU           97.51           267    266     97     6.032     6.022     3.587     0.8654      0.8654      0.8650      0.6973
122     A         B          122           ILE           97.86           267    266     97     6.032     6.022     3.587     0.9018      0.9018      0.9015      0.7672
123     A         B          123           SER           97.42           267    266     97     6.032     6.022     3.587     0.8622      0.8622      0.8618      0.6919
124     A         B          124           ASP           94.69           267    266     97     6.032     6.022     3.587     0.8885      0.8885      0.8882      0.7421
125     A         B          125           GLY           94.98           267    266     97     6.032     6.022     3.587     0.8809      0.8809      0.8806      0.7283
126     A         B          126           ASP           94.73           267    266     97     6.032     6.022     3.587     0.9146      0.9146      0.9143      0.7947
127     A         B          127           VAL           96.71           267    266     97     6.032     6.022     3.587     0.9228      0.9228      0.9226      0.8124
128     A         B          128           ILE           96.36           267    266     97     6.032     6.022     3.587     0.9243      0.9243      0.9241      0.8157
129     A         B          129           ILE           97.17           267    266     97     6.032     6.022     3.587     0.9223      0.9223      0.9220      0.8117
130     A         B          130           SER           94.30           267    266     97     6.032     6.022     3.587     0.8496      0.8496      0.8492      0.6754
131     A         B          131           GLY           95.72           267    266     97     6.032     6.022     3.587     0.8736      0.8736      0.8732      0.7166
132     A         B          132           ASN           96.73           267    266     97     6.032     6.022     3.587     0.8874      0.8874      0.8870      0.7420
133     A         B          133           LYS           93.33           267    266     97     6.032     6.022     3.587     0.8138      0.8138      0.8133      0.6183
134     A         B          134           ASN           94.01           267    266     97     6.032     6.022     3.587     0.8347      0.8347      0.8342      0.6492
135     A         B          135           LEU           96.21           267    266     97     6.032     6.022     3.587     0.8494      0.8494      0.8489      0.6719
136     A         B          136           CYS           93.30           267    266     97     6.032     6.022     3.587     0.6444      0.6444      0.6436      0.4005
137     A         B          137           TYR           84.95           267    266     97     6.032     6.022     3.587     0.4368      0.4368      0.4360      0.2186
138     A         B          138           ALA           90.49           267    266     97     6.032     6.022     3.587     0.5285      0.5285      0.5276      0.2889
139     A         B          139           ASN           79.81           267    266     97     6.032     6.022     3.587     0.4288      0.4288      0.4280      0.2149
140     A         B          140           THR           82.25           267    266     97     6.032     6.022     3.587     0.4461      0.4461      0.4453      0.2271
141     A         B          141           ILE           89.56           267    266     97     6.032     6.022     3.587     0.6224      0.6224      0.6216      0.3733
142     A         B          142           ASN           90.13           267    266     97     6.032     6.022     3.587     0.6733      0.6733      0.6726      0.4267
143     A         B          143           TRP           93.23           267    266     97     6.032     6.022     3.587     0.8056      0.8056      0.8051      0.5994
144     A         B          144           LYS           89.06           267    266     97     6.032     6.022     3.587     0.7526      0.7526      0.7520      0.5232
145     A         B          145           LYS           91.47           267    266     97     6.032     6.022     3.587     0.7360      0.7360      0.7354      0.5015
146     A         B          146           LEU           95.07           267    266     97     6.032     6.022     3.587     0.8213      0.8213      0.8208      0.6223
147     A         B          147           PHE           94.60           267    266     97     6.032     6.022     3.587     0.8285      0.8285      0.8280      0.6348
148     A         B          148           GLY           94.44           267    266     97     6.032     6.022     3.587     0.6145      0.6145      0.6137      0.3673
149     A         B          149           THR           87.24           267    266     97     6.032     6.022     3.587     0.6286      0.6286      0.6279      0.3843
150     A         B          150           SER           80.87           267    266     97     6.032     6.022     3.587     0.5564      0.5564      0.5556      0.3206
151     A         B          151           GLY           84.13           267    266     97     6.032     6.022     3.587     0.6442      0.6442      0.6435      0.4026
152     A         B          152           GLN           92.05           267    266     97     6.032     6.022     3.587     0.8083      0.8083      0.8077      0.6063
153     A         B          153           LYS           88.44           267    266     97     6.032     6.022     3.587     0.8102      0.8102      0.8097      0.6092
154     A         B          154           THR           91.66           267    266     97     6.032     6.022     3.587     0.8461      0.8461      0.8457      0.6679
155     A         B          155           LYS           90.50           267    266     97     6.032     6.022     3.587     0.8500      0.8500      0.8495      0.6744
156     A         B          156           ILE           92.47           267    266     97     6.032     6.022     3.587     0.8544      0.8544      0.8540      0.6821
157     A         B          157           ILE           87.21           267    266     97     6.032     6.022     3.587     0.7171      0.7171      0.7165      0.4862
158     A         B          158           SER           90.47           267    266     97     6.032     6.022     3.587     0.7975      0.7975      0.7970      0.5921
159     A         B          159           ASN           95.07           267    266     97     6.032     6.022     3.587     0.8366      0.8366      0.8362      0.6509
160     A         B          160           ARG           93.18           267    266     97     6.032     6.022     3.587     0.7042      0.7042      0.7035      0.4665
161     A         B          161           GLY           89.43           267    266     97     6.032     6.022     3.587     0.4743      0.4743      0.4735      0.2526
162     A         B          162           GLU           82.10           267    266     97     6.032     6.022     3.587     0.4526      0.4526      0.4517      0.2330
163     A         B          163           ASN           87.79           267    266     97     6.032     6.022     3.587     0.4118      0.4118      0.4110      0.2021
164     A         B          164           SER           88.88           267    266     97     6.032     6.022     3.587     0.4669      0.4669      0.4660      0.2406
165     A         B          165           CYS           90.72           267    266     97     6.032     6.022     3.587     0.4924      0.4924      0.4916      0.2601
166     A         B          166           LYS           86.32           267    266     97     6.032     6.022     3.587     0.4169      0.4169      0.4161      0.2062
167     A         B          167           ALA           85.51           267    266     97     6.032     6.022     3.587     0.3033      0.3033      0.3026      0.1348
168     A         B          168           THR           78.69           267    266     97     6.032     6.022     3.587     0.1952      0.1952      0.1947      0.0794
169     A         B          169           GLY           78.01           267    266     17     6.032     6.022     1.000     0.1239      0.1535      0.1531      0.0050
170     A         B          170           GLN           61.56           267    266      0     6.032     6.022     1.000     0.0912      0.0000      0.0000      0.0000
171     B         A            1           MET           59.20           267    267     46     6.032     6.032     2.095     0.1216      0.2086      0.2086      0.0322
172     B         A            2           LYS           69.77           267    267    164     6.032     6.032     4.774     0.2742      0.2795      0.2795      0.1986
173     B         A            3           PRO           78.13           267    267    170     6.032     6.032     4.861     0.4369      0.4369      0.4369      0.3397
174     B         A            4           SER           85.43           267    267    170     6.032     6.032     4.861     0.5531      0.5531      0.5531      0.4500
175     B         A            5           GLU           92.61           267    267    170     6.032     6.032     4.861     0.6703      0.6703      0.6703      0.5726
176     B         A            6           GLU           92.35           267    267    170     6.032     6.032     4.861     0.7232      0.7232      0.7232      0.6321
177     B         A            7           ILE           93.66           267    267    170     6.032     6.032     4.861     0.8148      0.8148      0.8148      0.7430
178     B         A            8           LYS           96.55           267    267    170     6.032     6.032     4.861     0.8515      0.8515      0.8515      0.7902
179     B         A            9           GLU           96.69           267    267    170     6.032     6.032     4.861     0.8146      0.8146      0.8146      0.7426
180     B         A           10           GLU           96.45           267    267    170     6.032     6.032     4.861     0.8468      0.8468      0.8468      0.7839
181     B         A           11           ALA           97.49           267    267    170     6.032     6.032     4.861     0.8684      0.8684      0.8684      0.8124
182     B         A           12           ILE           98.13           267    267    170     6.032     6.032     4.861     0.8828      0.8828      0.8828      0.8317
183     B         A           13           GLU           98.11           267    267    170     6.032     6.032     4.861     0.8262      0.8262      0.8262      0.7572
184     B         A           14           LEU           98.18           267    267    170     6.032     6.032     4.861     0.8738      0.8738      0.8738      0.8197
185     B         A           15           ALA           98.40           267    267    170     6.032     6.032     4.861     0.8562      0.8562      0.8562      0.7962
186     B         A           16           ARG           98.24           267    267    170     6.032     6.032     4.861     0.8453      0.8453      0.8453      0.7820
187     B         A           17           GLU           98.09           267    267    170     6.032     6.032     4.861     0.7950      0.7950      0.7950      0.7177
188     B         A           18           LEU           98.32           267    267    170     6.032     6.032     4.861     0.8478      0.8478      0.8478      0.7852
189     B         A           19           LEU           98.06           267    267    170     6.032     6.032     4.861     0.8274      0.8274      0.8274      0.7589
190     B         A           20           LYS           96.61           267    267    170     6.032     6.032     4.861     0.7118      0.7118      0.7118      0.6195
191     B         A           21           GLY           95.71           267    267    170     6.032     6.032     4.861     0.5117      0.5117      0.5117      0.4077
192     B         A           22           LYS           93.68           267    267    170     6.032     6.032     4.861     0.6628      0.6628      0.6628      0.5644
193     B         A           23           VAL           96.19           267    267    170     6.032     6.032     4.861     0.7165      0.7165      0.7165      0.6246
194     B         A           24           SER           95.31           267    267    170     6.032     6.032     4.861     0.7320      0.7320      0.7320      0.6424
195     B         A           25           GLU           96.12           267    267    170     6.032     6.032     4.861     0.7038      0.7038      0.7038      0.6102
196     B         A           26           LYS           96.26           267    267    170     6.032     6.032     4.861     0.7971      0.7971      0.7971      0.7213
197     B         A           27           GLN           97.30           267    267    170     6.032     6.032     4.861     0.8343      0.8343      0.8343      0.7678
198     B         A           28           LEU           97.64           267    267    170     6.032     6.032     4.861     0.8413      0.8413      0.8413      0.7768
199     B         A           29           LYS           97.49           267    267    170     6.032     6.032     4.861     0.8203      0.8203      0.8203      0.7504
200     B         A           30           PHE           96.41           267    267    170     6.032     6.032     4.861     0.8615      0.8615      0.8615      0.8036
201     B         A           31           VAL           97.39           267    267    170     6.032     6.032     4.861     0.8634      0.8634      0.8634      0.8060
202     B         A           32           GLU           97.48           267    267    170     6.032     6.032     4.861     0.8474      0.8474      0.8474      0.7849
203     B         A           33           GLU           96.03           267    267    170     6.032     6.032     4.861     0.8376      0.8376      0.8376      0.7727
204     B         A           34           HIS           95.60           267    267    170     6.032     6.032     4.861     0.8609      0.8609      0.8609      0.8031
205     B         A           35           ILE           97.11           267    267    170     6.032     6.032     4.861     0.8713      0.8713      0.8713      0.8166
206     B         A           36           ARG           95.64           267    267    170     6.032     6.032     4.861     0.7827      0.7827      0.7827      0.7036
207     B         A           37           ASN           92.23           267    267    170     6.032     6.032     4.861     0.6801      0.6801      0.6801      0.5858
208     B         A           38           ASP           85.12           267    267    170     6.032     6.032     4.861     0.5679      0.5679      0.5679      0.4663
209     B         A           39           GLY           85.88           267    267    170     6.032     6.032     4.861     0.5101      0.5101      0.5101      0.4103
210     B         A           40           THR           82.78           267    267    170     6.032     6.032     4.861     0.4581      0.4581      0.4581      0.3603
211     B         A           41           SER           79.92           267    267    170     6.032     6.032     4.861     0.3786      0.3786      0.3786      0.2896
212     B         A           42           GLN           80.63           267    267    170     6.032     6.032     4.861     0.4167      0.4167      0.4167      0.3240
213     B         A           43           PRO           84.80           267    267    170     6.032     6.032     4.861     0.4818      0.4818      0.4818      0.3851
214     B         A           44           SER           82.20           267    267    170     6.032     6.032     4.861     0.6518      0.6518      0.6518      0.5556
215     B         A           45           HIS           87.33           267    267    170     6.032     6.032     4.861     0.7721      0.7721      0.7721      0.6924
216     B         A           46           GLU           85.91           267    267    170     6.032     6.032     4.861     0.7774      0.7774      0.7774      0.6981
217     B         A           47           GLU           89.07           267    267    170     6.032     6.032     4.861     0.7646      0.7646      0.7646      0.6826
218     B         A           48           VAL           92.73           267    267    170     6.032     6.032     4.861     0.8021      0.8021      0.8021      0.7281
219     B         A           49           ALA           92.26           267    267    170     6.032     6.032     4.861     0.8032      0.8032      0.8032      0.7290
220     B         A           50           LYS           93.04           267    267    170     6.032     6.032     4.861     0.7616      0.7616      0.7616      0.6788
221     B         A           51           GLU           92.30           267    267    170     6.032     6.032     4.861     0.7277      0.7277      0.7277      0.6390
222     B         A           52           LEU           95.96           267    267    170     6.032     6.032     4.861     0.7788      0.7788      0.7788      0.6991
223     B         A           53           GLY           95.75           267    267    170     6.032     6.032     4.861     0.6779      0.6779      0.6779      0.5817
224     B         A           54           ILE           95.39           267    267    170     6.032     6.032     4.861     0.7968      0.7968      0.7968      0.7211
225     B         A           55           SER           92.27           267    267    170     6.032     6.032     4.861     0.7997      0.7997      0.7997      0.7249
226     B         A           56           VAL           86.51           267    267    170     6.032     6.032     4.861     0.8142      0.8142      0.8142      0.7429
227     B         A           57           GLU           87.80           267    267    170     6.032     6.032     4.861     0.7775      0.7775      0.7775      0.6976
228     B         A           58           GLN           92.92           267    267    170     6.032     6.032     4.861     0.8201      0.8201      0.8201      0.7503
229     B         A           59           ALA           92.73           267    267    170     6.032     6.032     4.861     0.8615      0.8615      0.8615      0.8038
230     B         A           60           GLY           91.12           267    267    170     6.032     6.032     4.861     0.8337      0.8337      0.8337      0.7676
231     B         A           61           LEU           93.95           267    267    170     6.032     6.032     4.861     0.8692      0.8692      0.8692      0.8139
232     B         A           62           LEU           95.66           267    267    170     6.032     6.032     4.861     0.8859      0.8859      0.8859      0.8364
233     B         A           63           LEU           93.37           267    267    170     6.032     6.032     4.861     0.8887      0.8887      0.8887      0.8402
234     B         A           64           THR           94.00           267    267    170     6.032     6.032     4.861     0.8889      0.8889      0.8889      0.8403
235     B         A           65           VAL           97.43           267    267    170     6.032     6.032     4.861     0.8994      0.8994      0.8994      0.8548
236     B         A           66           ALA           96.32           267    267    170     6.032     6.032     4.861     0.8983      0.8983      0.8983      0.8532
237     B         A           67           SER           94.57           267    267    170     6.032     6.032     4.861     0.8871      0.8871      0.8871      0.8382
238     B         A           68           SER           96.03           267    267    170     6.032     6.032     4.861     0.8750      0.8750      0.8750      0.8220
239     B         A           69           SER           97.72           267    267    170     6.032     6.032     4.861     0.8977      0.8977      0.8977      0.8524
240     B         A           70           MET           96.02           267    267    170     6.032     6.032     4.861     0.8999      0.8999      0.8999      0.8555
241     B         A           71           SER           95.79           267    267    170     6.032     6.032     4.861     0.8999      0.8999      0.8999      0.8555
242     B         A           72           TYR           97.66           267    267    170     6.032     6.032     4.861     0.9055      0.9055      0.9055      0.8632
243     B         A           73           SER           96.17           267    267    170     6.032     6.032     4.861     0.8781      0.8781      0.8781      0.8255
244     B         A           74           GLU           92.74           267    267    170     6.032     6.032     4.861     0.8706      0.8706      0.8706      0.8161
245     B         A           75           SER           93.97           267    267    170     6.032     6.032     4.861     0.8434      0.8434      0.8434      0.7801
246     B         A           76           ARG           93.58           267    267    170     6.032     6.032     4.861     0.8389      0.8389      0.8389      0.7742
247     B         A           77           SER           90.64           267    267    170     6.032     6.032     4.861     0.7904      0.7904      0.7904      0.7131
248     B         A           78           LEU           87.40           267    267    170     6.032     6.032     4.861     0.7974      0.7974      0.7974      0.7219
249     B         A           79           ASN           88.64           267    267    170     6.032     6.032     4.861     0.7323      0.7323      0.7323      0.6442
250     B         A           80           ASP           89.84           267    267    170     6.032     6.032     4.861     0.7175      0.7175      0.7175      0.6281
251     B         A           81           PRO           90.17           267    267    170     6.032     6.032     4.861     0.7270      0.7270      0.7270      0.6388
252     B         A           82           ASN           93.19           267    267    170     6.032     6.032     4.861     0.7850      0.7850      0.7850      0.7075
253     B         A           83           GLU           94.02           267    267    170     6.032     6.032     4.861     0.8325      0.8325      0.8325      0.7664
254     B         A           84           LYS           93.90           267    267    170     6.032     6.032     4.861     0.8139      0.8139      0.8139      0.7426
255     B         A           85           THR           94.71           267    267    170     6.032     6.032     4.861     0.8834      0.8834      0.8834      0.8330
256     B         A           86           TRP           97.30           267    267    170     6.032     6.032     4.861     0.9198      0.9198      0.9198      0.8831
257     B         A           87           LEU           97.39           267    267    170     6.032     6.032     4.861     0.9137      0.9137      0.9137      0.8746
258     B         A           88           GLU           94.65           267    267    170     6.032     6.032     4.861     0.8790      0.8790      0.8790      0.8268
259     B         A           89           ILE           95.71           267    267    170     6.032     6.032     4.861     0.9045      0.9045      0.9045      0.8617
260     B         A           90           ALA           97.56           267    267    170     6.032     6.032     4.861     0.9023      0.9023      0.9023      0.8587
261     B         A           91           GLU           96.55           267    267    170     6.032     6.032     4.861     0.8827      0.8827      0.8827      0.8319
262     B         A           92           LYS           93.07           267    267    170     6.032     6.032     4.861     0.8483      0.8483      0.8483      0.7862
263     B         A           93           SER           94.59           267    267    170     6.032     6.032     4.861     0.8582      0.8582      0.8582      0.7992
264     B         A           94           ALA           97.34           267    267    170     6.032     6.032     4.861     0.8742      0.8742      0.8742      0.8205
265     B         A           95           ASN           94.63           267    267    170     6.032     6.032     4.861     0.7953      0.7953      0.7953      0.7187
266     B         A           96           GLU           91.21           267    267    170     6.032     6.032     4.861     0.7432      0.7432      0.7432      0.6562
267     B         A           97           LEU           93.86           267    267    170     6.032     6.032     4.861     0.5809      0.5809      0.5809      0.4786
