i   AlignChn ScoredChain  AlignResNum  AlignResType  AlignRespLDDT      n0chn  n0dom  n0res    d0chn     d0dom     d0res   ipTM_pae  ipSAE_d0chn ipSAE_d0dom    ipSAE 
1       A         B            1           LYS           92.28           264    264     94     6.001     6.001     3.521     0.3716      0.3716      0.3716      0.1717
2       A         B            2           VAL           97.96           264    264     94     6.001     6.001     3.521     0.8051      0.8051      0.8051      0.5955
3       A         B            3           CYS           97.87           264    264     94     6.001     6.001     3.521     0.8464      0.8464      0.8464      0.6630
4       A         B            4           ASN           97.79           264    264     94     6.001     6.001     3.521     0.8664      0.8664      0.8664      0.6975
5       A         B            5           GLY           98.52           264    264     94     6.001     6.001     3.521     0.8361      0.8361      0.8361      0.6511
6       A         B            6           ILE           97.49           264    264     94     6.001     6.001     3.521     0.8603      0.8603      0.8603      0.6898
7       A         B            7           GLY           94.37           264    264     94     6.001     6.001     3.521     0.7386      0.7386      0.7386      0.5094
8       A         B            8           ILE           92.50           264    264     94     6.001     6.001     3.521     0.7303      0.7303      0.7303      0.4999
9       A         B            9           GLY           95.18           264    264     94     6.001     6.001     3.521     0.6763      0.6763      0.6763      0.4282
10      A         B           10           GLU           93.08           264    264     94     6.001     6.001     3.521     0.6309      0.6309      0.6309      0.3887
11      A         B           11           PHE           96.26           264    264     94     6.001     6.001     3.521     0.7930      0.7930      0.7930      0.5826
12      A         B           12           LYS           92.89           264    264     94     6.001     6.001     3.521     0.7318      0.7318      0.7318      0.5046
13      A         B           13           ASP           90.56           264    264     94     6.001     6.001     3.521     0.6837      0.6837      0.6837      0.4547
14      A         B           14           SER           94.45           264    264     94     6.001     6.001     3.521     0.7802      0.7802      0.7802      0.5713
15      A         B           15           LEU           92.94           264    264     94     6.001     6.001     3.521     0.7898      0.7898      0.7898      0.5835
16      A         B           16           SER           96.40           264    264     94     6.001     6.001     3.521     0.8648      0.8648      0.8648      0.7005
17      A         B           17           ILE           97.81           264    264     94     6.001     6.001     3.521     0.8892      0.8892      0.8892      0.7409
18      A         B           18           ASN           96.61           264    264     94     6.001     6.001     3.521     0.8667      0.8667      0.8667      0.6992
19      A         B           19           ALA           97.08           264    264     94     6.001     6.001     3.521     0.8477      0.8477      0.8477      0.6673
20      A         B           20           THR           95.46           264    264     94     6.001     6.001     3.521     0.7621      0.7621      0.7621      0.5417
21      A         B           21           ASN           96.88           264    264     94     6.001     6.001     3.521     0.8491      0.8491      0.8491      0.6701
22      A         B           22           ILE           97.83           264    264     94     6.001     6.001     3.521     0.8464      0.8464      0.8464      0.6652
23      A         B           23           LYS           95.73           264    264     94     6.001     6.001     3.521     0.7625      0.7625      0.7625      0.5409
24      A         B           24           HIS           94.75           264    264     94     6.001     6.001     3.521     0.7080      0.7080      0.7080      0.4703
25      A         B           25           PHE           98.04           264    264     94     6.001     6.001     3.521     0.8452      0.8452      0.8452      0.6609
26      A         B           26           LYS           97.01           264    264     94     6.001     6.001     3.521     0.8023      0.8023      0.8023      0.5941
27      A         B           27           ASN           95.28           264    264     94     6.001     6.001     3.521     0.7225      0.7225      0.7225      0.4810
28      A         B           28           CYS           98.25           264    264     94     6.001     6.001     3.521     0.8244      0.8244      0.8244      0.6239
29      A         B           29           THR           98.58           264    264     94     6.001     6.001     3.521     0.8402      0.8402      0.8402      0.6481
30      A         B           30           SER           98.50           264    264     94     6.001     6.001     3.521     0.8740      0.8740      0.8740      0.7099
31      A         B           31           ILE           98.78           264    264     94     6.001     6.001     3.521     0.9034      0.9034      0.9034      0.7669
32      A         B           32           SER           98.24           264    264     94     6.001     6.001     3.521     0.8720      0.8720      0.8720      0.7063
33      A         B           33           GLY           98.28           264    264     94     6.001     6.001     3.521     0.8745      0.8745      0.8745      0.7130
34      A         B           34           ASP           97.95           264    264     94     6.001     6.001     3.521     0.8976      0.8976      0.8976      0.7571
35      A         B           35           LEU           98.56           264    264     94     6.001     6.001     3.521     0.8981      0.8981      0.8981      0.7588
36      A         B           36           HIS           96.87           264    264     94     6.001     6.001     3.521     0.8649      0.8649      0.8649      0.6988
37      A         B           37           ILE           98.59           264    264     94     6.001     6.001     3.521     0.9235      0.9235      0.9235      0.8115
38      A         B           38           LEU           96.95           264    264     94     6.001     6.001     3.521     0.9173      0.9173      0.9173      0.7989
39      A         B           39           PRO           94.89           264    264     94     6.001     6.001     3.521     0.8881      0.8881      0.8881      0.7412
40      A         B           40           VAL           93.46           264    264     94     6.001     6.001     3.521     0.8664      0.8664      0.8664      0.7013
41      A         B           41           ALA           96.77           264    264     94     6.001     6.001     3.521     0.8767      0.8767      0.8767      0.7203
42      A         B           42           PHE           96.19           264    264     94     6.001     6.001     3.521     0.8572      0.8572      0.8572      0.6861
43      A         B           43           ARG           93.59           264    264     94     6.001     6.001     3.521     0.7053      0.7053      0.7053      0.4760
44      A         B           44           GLY           95.26           264    264     94     6.001     6.001     3.521     0.6471      0.6471      0.6471      0.4139
45      A         B           45           ASP           92.26           264    264     94     6.001     6.001     3.521     0.5920      0.5920      0.5920      0.3603
46      A         B           46           SER           90.71           264    264     94     6.001     6.001     3.521     0.5236      0.5236      0.5236      0.3009
47      A         B           47           PHE           87.66           264    264     94     6.001     6.001     3.521     0.5807      0.5807      0.5807      0.3514
48      A         B           48           THR           89.22           264    264     94     6.001     6.001     3.521     0.5768      0.5768      0.5768      0.3455
49      A         B           49           HIS           92.57           264    264     94     6.001     6.001     3.521     0.6031      0.6031      0.6031      0.3693
50      A         B           50           THR           93.25           264    264     94     6.001     6.001     3.521     0.6356      0.6356      0.6356      0.4014
51      A         B           51           PRO           95.83           264    264     94     6.001     6.001     3.521     0.6881      0.6881      0.6881      0.4550
52      A         B           52           PRO           95.73           264    264     94     6.001     6.001     3.521     0.7768      0.7768      0.7768      0.5622
53      A         B           53           LEU           97.67           264    264     94     6.001     6.001     3.521     0.8447      0.8447      0.8447      0.6635
54      A         B           54           ASP           97.44           264    264     94     6.001     6.001     3.521     0.8002      0.8002      0.8002      0.5929
55      A         B           55           PRO           95.64           264    264     94     6.001     6.001     3.521     0.7416      0.7416      0.7416      0.5103
56      A         B           56           GLN           96.67           264    264     94     6.001     6.001     3.521     0.7277      0.7277      0.7277      0.4926
57      A         B           57           GLU           97.54           264    264     94     6.001     6.001     3.521     0.8159      0.8159      0.8159      0.6127
58      A         B           58           LEU           97.82           264    264     94     6.001     6.001     3.521     0.8440      0.8440      0.8440      0.6582
59      A         B           59           ASP           96.99           264    264     94     6.001     6.001     3.521     0.8172      0.8172      0.8172      0.6158
60      A         B           60           ILE           97.72           264    264     94     6.001     6.001     3.521     0.8415      0.8415      0.8415      0.6528
61      A         B           61           LEU           98.55           264    264     94     6.001     6.001     3.521     0.8852      0.8852      0.8852      0.7315
62      A         B           62           LYS           97.73           264    264     94     6.001     6.001     3.521     0.8486      0.8486      0.8486      0.6657
63      A         B           63           THR           98.05           264    264     94     6.001     6.001     3.521     0.8197      0.8197      0.8197      0.6166
64      A         B           64           VAL           98.68           264    264     94     6.001     6.001     3.521     0.8938      0.8938      0.8938      0.7472
65      A         B           65           LYS           98.70           264    264     94     6.001     6.001     3.521     0.8588      0.8588      0.8588      0.6803
66      A         B           66           GLU           98.74           264    264     94     6.001     6.001     3.521     0.9028      0.9028      0.9028      0.7657
67      A         B           67           ILE           98.94           264    264     94     6.001     6.001     3.521     0.9296      0.9296      0.9296      0.8225
68      A         B           68           THR           98.77           264    264     94     6.001     6.001     3.521     0.9118      0.9118      0.9118      0.7843
69      A         B           69           GLY           98.47           264    264     94     6.001     6.001     3.521     0.9075      0.9075      0.9075      0.7762
70      A         B           70           PHE           98.23           264    264     94     6.001     6.001     3.521     0.9271      0.9271      0.9271      0.8184
71      A         B           71           LEU           98.96           264    264     94     6.001     6.001     3.521     0.9412      0.9412      0.9412      0.8497
72      A         B           72           LEU           98.32           264    264     94     6.001     6.001     3.521     0.9357      0.9357      0.9357      0.8375
73      A         B           73           ILE           98.79           264    264     94     6.001     6.001     3.521     0.9367      0.9367      0.9367      0.8397
74      A         B           74           GLN           96.99           264    264     94     6.001     6.001     3.521     0.9002      0.9002      0.9002      0.7640
75      A         B           75           ALA           96.62           264    264     94     6.001     6.001     3.521     0.9083      0.9083      0.9083      0.7791
76      A         B           76           TRP           98.06           264    264     94     6.001     6.001     3.521     0.8938      0.8938      0.8938      0.7504
77      A         B           77           PRO           96.59           264    264     94     6.001     6.001     3.521     0.8169      0.8169      0.8169      0.6158
78      A         B           78           GLU           90.87           264    264     94     6.001     6.001     3.521     0.6323      0.6323      0.6323      0.3905
79      A         B           79           ASN           91.74           264    264     94     6.001     6.001     3.521     0.5130      0.5130      0.5130      0.2838
80      A         B           80           ARG           95.50           264    264     94     6.001     6.001     3.521     0.7364      0.7364      0.7364      0.4988
81      A         B           81           THR           94.55           264    264     94     6.001     6.001     3.521     0.7145      0.7145      0.7145      0.4681
82      A         B           82           ASP           95.92           264    264     94     6.001     6.001     3.521     0.7935      0.7935      0.7935      0.5762
83      A         B           83           LEU           98.32           264    264     94     6.001     6.001     3.521     0.8634      0.8634      0.8634      0.6901
84      A         B           84           HIS           93.62           264    264     94     6.001     6.001     3.521     0.7322      0.7322      0.7322      0.4912
85      A         B           85           ALA           97.57           264    264     94     6.001     6.001     3.521     0.8102      0.8102      0.8102      0.6015
86      A         B           86           PHE           98.77           264    264     94     6.001     6.001     3.521     0.8867      0.8867      0.8867      0.7340
87      A         B           87           GLU           97.14           264    264     94     6.001     6.001     3.521     0.8088      0.8088      0.8088      0.6032
88      A         B           88           ASN           98.46           264    264     94     6.001     6.001     3.521     0.8636      0.8636      0.8636      0.6903
89      A         B           89           LEU           98.91           264    264     94     6.001     6.001     3.521     0.9087      0.9087      0.9087      0.7772
90      A         B           90           GLU           98.82           264    264     94     6.001     6.001     3.521     0.8810      0.8810      0.8810      0.7220
91      A         B           91           ILE           98.78           264    264     94     6.001     6.001     3.521     0.9000      0.9000      0.9000      0.7596
92      A         B           92           ILE           98.97           264    264     94     6.001     6.001     3.521     0.9289      0.9289      0.9289      0.8210
93      A         B           93           ARG           98.80           264    264     94     6.001     6.001     3.521     0.9026      0.9026      0.9026      0.7649
94      A         B           94           GLY           97.94           264    264     94     6.001     6.001     3.521     0.8839      0.8839      0.8839      0.7290
95      A         B           95           ARG           96.26           264    264     94     6.001     6.001     3.521     0.8337      0.8337      0.8337      0.6405
96      A         B           96           THR           95.11           264    264     94     6.001     6.001     3.521     0.9012      0.9012      0.9012      0.7648
97      A         B           97           LYS           94.71           264    264     94     6.001     6.001     3.521     0.9136      0.9136      0.9136      0.7906
98      A         B           98           GLN           96.15           264    264     94     6.001     6.001     3.521     0.9116      0.9116      0.9116      0.7872
99      A         B           99           HIS           94.38           264    264     94     6.001     6.001     3.521     0.9195      0.9195      0.9195      0.8023
100     A         B          100           GLY           93.21           264    264     94     6.001     6.001     3.521     0.8947      0.8947      0.8947      0.7532
101     A         B          101           GLN           93.99           264    264     94     6.001     6.001     3.521     0.8833      0.8833      0.8833      0.7310
102     A         B          102           PHE           97.18           264    264     94     6.001     6.001     3.521     0.9339      0.9339      0.9339      0.8332
103     A         B          103           SER           98.12           264    264     94     6.001     6.001     3.521     0.9211      0.9211      0.9211      0.8046
104     A         B          104           LEU           98.78           264    264     94     6.001     6.001     3.521     0.9408      0.9408      0.9408      0.8486
105     A         B          105           ALA           98.44           264    264     94     6.001     6.001     3.521     0.9338      0.9338      0.9338      0.8329
106     A         B          106           VAL           98.51           264    264     94     6.001     6.001     3.521     0.9354      0.9354      0.9354      0.8366
107     A         B          107           VAL           97.59           264    264     94     6.001     6.001     3.521     0.9098      0.9098      0.9098      0.7820
108     A         B          108           SER           95.89           264    264     94     6.001     6.001     3.521     0.9065      0.9065      0.9065      0.7741
109     A         B          109           LEU           97.92           264    264     94     6.001     6.001     3.521     0.9146      0.9146      0.9146      0.7912
110     A         B          110           ASN           95.85           264    264     94     6.001     6.001     3.521     0.8724      0.8724      0.8724      0.7111
111     A         B          111           ILE           97.28           264    264     94     6.001     6.001     3.521     0.8914      0.8914      0.8914      0.7442
112     A         B          112           THR           94.15           264    264     94     6.001     6.001     3.521     0.8606      0.8606      0.8606      0.6859
113     A         B          113           SER           93.90           264    264     94     6.001     6.001     3.521     0.7886      0.7886      0.7886      0.5681
114     A         B          114           LEU           96.99           264    264     94     6.001     6.001     3.521     0.8636      0.8636      0.8636      0.6899
115     A         B          115           GLY           95.27           264    264     94     6.001     6.001     3.521     0.7593      0.7593      0.7593      0.5262
116     A         B          116           LEU           96.96           264    264     94     6.001     6.001     3.521     0.8198      0.8198      0.8198      0.6151
117     A         B          117           ARG           91.68           264    264     94     6.001     6.001     3.521     0.6332      0.6332      0.6332      0.3837
118     A         B          118           SER           97.94           264    264     94     6.001     6.001     3.521     0.8183      0.8183      0.8183      0.6123
119     A         B          119           LEU           97.42           264    264     94     6.001     6.001     3.521     0.8574      0.8574      0.8574      0.6780
120     A         B          120           LYS           92.33           264    264     94     6.001     6.001     3.521     0.5732      0.5732      0.5732      0.3216
121     A         B          121           GLU           98.13           264    264     94     6.001     6.001     3.521     0.8727      0.8727      0.8727      0.7068
122     A         B          122           ILE           98.74           264    264     94     6.001     6.001     3.521     0.9141      0.9141      0.9141      0.7886
123     A         B          123           SER           98.67           264    264     94     6.001     6.001     3.521     0.8806      0.8806      0.8806      0.7212
124     A         B          124           ASP           96.48           264    264     94     6.001     6.001     3.521     0.9021      0.9021      0.9021      0.7649
125     A         B          125           GLY           96.53           264    264     94     6.001     6.001     3.521     0.8921      0.8921      0.8921      0.7457
126     A         B          126           ASP           96.19           264    264     94     6.001     6.001     3.521     0.9196      0.9196      0.9196      0.8016
127     A         B          127           VAL           98.15           264    264     94     6.001     6.001     3.521     0.9339      0.9339      0.9339      0.8326
128     A         B          128           ILE           97.89           264    264     94     6.001     6.001     3.521     0.9289      0.9289      0.9289      0.8215
129     A         B          129           ILE           98.14           264    264     94     6.001     6.001     3.521     0.9314      0.9314      0.9314      0.8271
130     A         B          130           SER           96.98           264    264     94     6.001     6.001     3.521     0.8770      0.8770      0.8770      0.7172
131     A         B          131           GLY           96.92           264    264     94     6.001     6.001     3.521     0.8965      0.8965      0.8965      0.7537
132     A         B          132           ASN           97.58           264    264     94     6.001     6.001     3.521     0.9045      0.9045      0.9045      0.7698
133     A         B          133           LYS           94.46           264    264     94     6.001     6.001     3.521     0.8333      0.8333      0.8333      0.6439
134     A         B          134           ASN           95.26           264    264     94     6.001     6.001     3.521     0.8633      0.8633      0.8633      0.6913
135     A         B          135           LEU           97.12           264    264     94     6.001     6.001     3.521     0.8789      0.8789      0.8789      0.7186
136     A         B          136           CYS           94.71           264    264     94     6.001     6.001     3.521     0.7356      0.7356      0.7356      0.4980
137     A         B          137           TYR           88.99           264    264     94     6.001     6.001     3.521     0.6001      0.6001      0.6001      0.3454
138     A         B          138           ALA           92.70           264    264     94     6.001     6.001     3.521     0.6729      0.6729      0.6729      0.4208
139     A         B          139           ASN           83.00           264    264     94     6.001     6.001     3.521     0.5902      0.5902      0.5902      0.3387
140     A         B          140           THR           84.93           264    264     94     6.001     6.001     3.521     0.6001      0.6001      0.6001      0.3465
141     A         B          141           ILE           92.16           264    264     94     6.001     6.001     3.521     0.7367      0.7367      0.7367      0.4961
142     A         B          142           ASN           93.32           264    264     94     6.001     6.001     3.521     0.7596      0.7596      0.7596      0.5272
143     A         B          143           TRP           96.27           264    264     94     6.001     6.001     3.521     0.8474      0.8474      0.8474      0.6615
144     A         B          144           LYS           93.21           264    264     94     6.001     6.001     3.521     0.7910      0.7910      0.7910      0.5713
145     A         B          145           LYS           93.68           264    264     94     6.001     6.001     3.521     0.7372      0.7372      0.7372      0.4981
146     A         B          146           LEU           97.21           264    264     94     6.001     6.001     3.521     0.8514      0.8514      0.8514      0.6676
147     A         B          147           PHE           97.68           264    264     94     6.001     6.001     3.521     0.8613      0.8613      0.8613      0.6855
148     A         B          148           GLY           97.80           264    264     94     6.001     6.001     3.521     0.6434      0.6434      0.6434      0.3908
149     A         B          149           THR           92.74           264    264     94     6.001     6.001     3.521     0.6259      0.6259      0.6259      0.3765
150     A         B          150           SER           86.33           264    264     94     6.001     6.001     3.521     0.4855      0.4855      0.4855      0.2585
151     A         B          151           GLY           89.64           264    264     94     6.001     6.001     3.521     0.6105      0.6105      0.6105      0.3639
152     A         B          152           GLN           96.34           264    264     94     6.001     6.001     3.521     0.8318      0.8318      0.8318      0.6385
153     A         B          153           LYS           92.60           264    264     94     6.001     6.001     3.521     0.8412      0.8412      0.8412      0.6533
154     A         B          154           THR           95.06           264    264     94     6.001     6.001     3.521     0.8693      0.8693      0.8693      0.7022
155     A         B          155           LYS           95.39           264    264     94     6.001     6.001     3.521     0.8826      0.8826      0.8826      0.7267
156     A         B          156           ILE           95.44           264    264     94     6.001     6.001     3.521     0.8849      0.8849      0.8849      0.7311
157     A         B          157           ILE           93.94           264    264     94     6.001     6.001     3.521     0.8031      0.8031      0.8031      0.5931
158     A         B          158           SER           94.45           264    264     94     6.001     6.001     3.521     0.8441      0.8441      0.8441      0.6573
159     A         B          159           ASN           96.51           264    264     94     6.001     6.001     3.521     0.8706      0.8706      0.8706      0.7028
160     A         B          160           ARG           94.51           264    264     94     6.001     6.001     3.521     0.7780      0.7780      0.7780      0.5540
161     A         B          161           GLY           91.27           264    264     94     6.001     6.001     3.521     0.6104      0.6104      0.6104      0.3613
162     A         B          162           GLU           84.96           264    264     94     6.001     6.001     3.521     0.6055      0.6055      0.6055      0.3519
163     A         B          163           ASN           90.76           264    264     94     6.001     6.001     3.521     0.5363      0.5363      0.5363      0.2889
164     A         B          164           SER           91.45           264    264     94     6.001     6.001     3.521     0.5851      0.5851      0.5851      0.3308
165     A         B          165           CYS           92.76           264    264     94     6.001     6.001     3.521     0.6234      0.6234      0.6234      0.3678
166     A         B          166           LYS           90.50           264    264     94     6.001     6.001     3.521     0.5713      0.5713      0.5713      0.3192
167     A         B          167           ALA           89.67           264    264     94     6.001     6.001     3.521     0.4329      0.4329      0.4329      0.2103
168     A         B          168           THR           83.85           264    264     94     6.001     6.001     3.521     0.3374      0.3374      0.3374      0.1502
169     A         B          169           GLY           82.29           264    264     94     6.001     6.001     3.521     0.2113      0.2113      0.2113      0.0847
170     A         B          170           GLN           68.03           264    264     62     6.001     6.001     2.675     0.1500      0.1596      0.1596      0.0365
171     B         A            1           SER           82.55           264    264    170     6.001     6.001     4.861     0.3468      0.3468      0.3468      0.2633
172     B         A            2           VAL           88.05           264    264    170     6.001     6.001     4.861     0.6977      0.6977      0.6977      0.6092
173     B         A            3           GLU           90.34           264    264    170     6.001     6.001     4.861     0.7665      0.7665      0.7665      0.6884
174     B         A            4           GLU           92.02           264    264    170     6.001     6.001     4.861     0.7962      0.7962      0.7962      0.7230
175     B         A            5           VAL           93.13           264    264    170     6.001     6.001     4.861     0.8566      0.8566      0.8566      0.7992
176     B         A            6           LYS           93.04           264    264    170     6.001     6.001     4.861     0.8576      0.8576      0.8576      0.8010
177     B         A            7           GLU           95.54           264    264    170     6.001     6.001     4.861     0.8664      0.8664      0.8664      0.8121
178     B         A            8           GLU           96.47           264    264    170     6.001     6.001     4.861     0.8810      0.8810      0.8810      0.8307
179     B         A            9           ALA           96.60           264    264    170     6.001     6.001     4.861     0.8841      0.8841      0.8841      0.8351
180     B         A           10           LYS           96.60           264    264    170     6.001     6.001     4.861     0.8829      0.8829      0.8829      0.8336
181     B         A           11           LYS           97.82           264    264    170     6.001     6.001     4.861     0.8788      0.8788      0.8788      0.8279
182     B         A           12           LEU           98.04           264    264    170     6.001     6.001     4.861     0.9020      0.9020      0.9020      0.8590
183     B         A           13           SER           97.52           264    264    170     6.001     6.001     4.861     0.8739      0.8739      0.8739      0.8213
184     B         A           14           GLN           97.35           264    264    170     6.001     6.001     4.861     0.8760      0.8760      0.8760      0.8242
185     B         A           15           LYS           97.71           264    264    170     6.001     6.001     4.861     0.8199      0.8199      0.8199      0.7513
186     B         A           16           LYS           97.03           264    264    170     6.001     6.001     4.861     0.8181      0.8181      0.8181      0.7490
187     B         A           17           LEU           97.76           264    264    170     6.001     6.001     4.861     0.8229      0.8229      0.8229      0.7548
188     B         A           18           PRO           97.61           264    264    170     6.001     6.001     4.861     0.7822      0.7822      0.7822      0.7043
189     B         A           19           GLU           95.26           264    264    170     6.001     6.001     4.861     0.7726      0.7726      0.7726      0.6928
190     B         A           20           ILE           97.23           264    264    170     6.001     6.001     4.861     0.8203      0.8203      0.8203      0.7516
191     B         A           21           VAL           97.74           264    264    170     6.001     6.001     4.861     0.8289      0.8289      0.8289      0.7624
192     B         A           22           GLU           97.44           264    264    170     6.001     6.001     4.861     0.7587      0.7587      0.7587      0.6760
193     B         A           23           SER           96.04           264    264    170     6.001     6.001     4.861     0.7344      0.7344      0.7344      0.6479
194     B         A           24           PHE           97.85           264    264    170     6.001     6.001     4.861     0.7971      0.7971      0.7971      0.7226
195     B         A           25           LYS           96.67           264    264    170     6.001     6.001     4.861     0.7213      0.7213      0.7213      0.6322
196     B         A           26           ASP           96.12           264    264    170     6.001     6.001     4.861     0.5138      0.5138      0.5138      0.4127
197     B         A           27           LYS           96.26           264    264    170     6.001     6.001     4.861     0.6252      0.6252      0.6252      0.5264
198     B         A           28           LEU           97.72           264    264    170     6.001     6.001     4.861     0.7506      0.7506      0.7506      0.6663
199     B         A           29           THR           97.79           264    264    170     6.001     6.001     4.861     0.7371      0.7371      0.7371      0.6504
200     B         A           30           PRO           97.46           264    264    170     6.001     6.001     4.861     0.6797      0.6797      0.6797      0.5845
201     B         A           31           GLU           96.98           264    264    170     6.001     6.001     4.861     0.7159      0.7159      0.7159      0.6263
202     B         A           32           GLN           98.21           264    264    170     6.001     6.001     4.861     0.8168      0.8168      0.8168      0.7468
203     B         A           33           LEU           97.93           264    264    170     6.001     6.001     4.861     0.8020      0.8020      0.8020      0.7286
204     B         A           34           GLU           97.79           264    264    170     6.001     6.001     4.861     0.7712      0.7712      0.7712      0.6910
205     B         A           35           LYS           97.09           264    264    170     6.001     6.001     4.861     0.8275      0.8275      0.8275      0.7609
206     B         A           36           MET           97.64           264    264    170     6.001     6.001     4.861     0.8340      0.8340      0.8340      0.7690
207     B         A           37           THR           97.88           264    264    170     6.001     6.001     4.861     0.8317      0.8317      0.8317      0.7660
208     B         A           38           GLU           96.85           264    264    170     6.001     6.001     4.861     0.8064      0.8064      0.8064      0.7346
209     B         A           39           LEU           95.45           264    264    170     6.001     6.001     4.861     0.8562      0.8562      0.8562      0.7980
210     B         A           40           MET           96.96           264    264    170     6.001     6.001     4.861     0.8599      0.8599      0.8599      0.8028
211     B         A           41           LYS           97.24           264    264    170     6.001     6.001     4.861     0.8537      0.8537      0.8537      0.7945
212     B         A           42           ARG           94.69           264    264    170     6.001     6.001     4.861     0.8364      0.8364      0.8364      0.7727
213     B         A           43           LEU           94.91           264    264    170     6.001     6.001     4.861     0.8721      0.8721      0.8721      0.8190
214     B         A           44           ILE           97.08           264    264    170     6.001     6.001     4.861     0.8798      0.8798      0.8798      0.8291
215     B         A           45           GLU           94.60           264    264    170     6.001     6.001     4.861     0.7970      0.7970      0.7970      0.7228
216     B         A           46           ASN           92.39           264    264    170     6.001     6.001     4.861     0.7634      0.7634      0.7634      0.6833
217     B         A           47           ASP           92.68           264    264    170     6.001     6.001     4.861     0.7612      0.7612      0.7612      0.6810
218     B         A           48           GLY           85.99           264    264    170     6.001     6.001     4.861     0.6130      0.6130      0.6130      0.5150
219     B         A           49           LYS           86.77           264    264    170     6.001     6.001     4.861     0.6164      0.6164      0.6164      0.5184
220     B         A           50           GLU           82.93           264    264    170     6.001     6.001     4.861     0.5452      0.5452      0.5452      0.4466
221     B         A           51           PRO           81.04           264    264    170     6.001     6.001     4.861     0.5733      0.5733      0.5733      0.4749
222     B         A           52           ALA           85.28           264    264    170     6.001     6.001     4.861     0.6172      0.6172      0.6172      0.5201
223     B         A           53           PRO           90.45           264    264    170     6.001     6.001     4.861     0.6693      0.6693      0.6693      0.5757
224     B         A           54           SER           87.27           264    264    170     6.001     6.001     4.861     0.7208      0.7208      0.7208      0.6333
225     B         A           55           HIS           88.55           264    264    170     6.001     6.001     4.861     0.7537      0.7537      0.7537      0.6718
226     B         A           56           LYS           91.33           264    264    170     6.001     6.001     4.861     0.7690      0.7690      0.7690      0.6896
227     B         A           57           GLU           92.94           264    264    170     6.001     6.001     4.861     0.7774      0.7774      0.7774      0.6993
228     B         A           58           LEU           94.55           264    264    170     6.001     6.001     4.861     0.8014      0.8014      0.8014      0.7287
229     B         A           59           SER           96.15           264    264    170     6.001     6.001     4.861     0.8073      0.8073      0.8073      0.7358
230     B         A           60           GLU           96.67           264    264    170     6.001     6.001     4.861     0.7717      0.7717      0.7717      0.6927
231     B         A           61           GLU           94.32           264    264    170     6.001     6.001     4.861     0.7435      0.7435      0.7435      0.6591
232     B         A           62           LEU           96.74           264    264    170     6.001     6.001     4.861     0.7659      0.7659      0.7659      0.6851
233     B         A           63           GLY           97.73           264    264    170     6.001     6.001     4.861     0.7111      0.7111      0.7111      0.6209
234     B         A           64           ILE           97.68           264    264    170     6.001     6.001     4.861     0.8036      0.8036      0.8036      0.7311
235     B         A           65           SER           97.08           264    264    170     6.001     6.001     4.861     0.8162      0.8162      0.8162      0.7471
236     B         A           66           GLU           92.30           264    264    170     6.001     6.001     4.861     0.8274      0.8274      0.8274      0.7612
237     B         A           67           SER           92.68           264    264    170     6.001     6.001     4.861     0.8007      0.8007      0.8007      0.7279
238     B         A           68           LEU           97.19           264    264    170     6.001     6.001     4.861     0.8634      0.8634      0.8634      0.8074
239     B         A           69           ALA           96.07           264    264    170     6.001     6.001     4.861     0.8862      0.8862      0.8862      0.8377
240     B         A           70           HIS           93.19           264    264    170     6.001     6.001     4.861     0.8863      0.8863      0.8863      0.8378
241     B         A           71           ASP           96.16           264    264    170     6.001     6.001     4.861     0.8793      0.8793      0.8793      0.8286
242     B         A           72           ILE           97.15           264    264    170     6.001     6.001     4.861     0.9063      0.9063      0.9063      0.8650
243     B         A           73           LEU           95.28           264    264    170     6.001     6.001     4.861     0.9142      0.9142      0.9142      0.8759
244     B         A           74           THR           96.34           264    264    170     6.001     6.001     4.861     0.9090      0.9090      0.9090      0.8688
245     B         A           75           ALA           97.38           264    264    170     6.001     6.001     4.861     0.9151      0.9151      0.9151      0.8772
246     B         A           76           VAL           96.23           264    264    170     6.001     6.001     4.861     0.9227      0.9227      0.9227      0.8879
247     B         A           77           ALA           96.28           264    264    170     6.001     6.001     4.861     0.9276      0.9276      0.9276      0.8947
248     B         A           78           LEU           97.23           264    264    170     6.001     6.001     4.861     0.9279      0.9279      0.9279      0.8950
249     B         A           79           ALA           97.58           264    264    170     6.001     6.001     4.861     0.9276      0.9276      0.9276      0.8945
250     B         A           80           LEU           96.27           264    264    170     6.001     6.001     4.861     0.9400      0.9400      0.9400      0.9122
251     B         A           81           THR           96.80           264    264    170     6.001     6.001     4.861     0.9275      0.9275      0.9275      0.8945
252     B         A           82           GLU           96.02           264    264    170     6.001     6.001     4.861     0.9131      0.9131      0.9131      0.8746
253     B         A           83           SER           97.61           264    264    170     6.001     6.001     4.861     0.9244      0.9244      0.9244      0.8902
254     B         A           84           LEU           96.14           264    264    170     6.001     6.001     4.861     0.9277      0.9277      0.9277      0.8949
255     B         A           85           ASN           95.18           264    264    170     6.001     6.001     4.861     0.9038      0.9038      0.9038      0.8619
256     B         A           86           GLU           96.66           264    264    170     6.001     6.001     4.861     0.9236      0.9236      0.9236      0.8890
257     B         A           87           VAL           96.48           264    264    170     6.001     6.001     4.861     0.9179      0.9179      0.9179      0.8810
258     B         A           88           LEU           94.88           264    264    170     6.001     6.001     4.861     0.9017      0.9017      0.9017      0.8591
259     B         A           89           LEU           93.46           264    264    170     6.001     6.001     4.861     0.8771      0.8771      0.8771      0.8261
260     B         A           90           ARG           94.48           264    264    170     6.001     6.001     4.861     0.8598      0.8598      0.8598      0.8029
261     B         A           91           LEU           91.98           264    264    170     6.001     6.001     4.861     0.7687      0.7687      0.7687      0.6901
262     B         A           92           SER           88.24           264    264    170     6.001     6.001     4.861     0.4944      0.4944      0.4944      0.4009
263     B         A           93           LYS           78.20           264    264    161     6.001     6.001     4.729     0.2994      0.3090      0.3090      0.2253
264     B         A           94           LEU           67.80           264    264     40     6.001     6.001     1.826     0.1257      0.2456      0.2456      0.0322
