i   AlignChn ScoredChain  AlignResNum  AlignResType  AlignRespLDDT      n0chn  n0dom  n0res    d0chn     d0dom     d0res   ipTM_pae  ipSAE_d0chn ipSAE_d0dom    ipSAE 
1       A         B            1           LYS           90.08           267    265     97     6.032     6.012     3.587     0.2985      0.2985      0.2970      0.1322
2       A         B            2           VAL           97.04           267    265     97     6.032     6.012     3.587     0.6806      0.6806      0.6791      0.4353
3       A         B            3           CYS           96.78           267    265     97     6.032     6.012     3.587     0.7898      0.7898      0.7886      0.5757
4       A         B            4           ASN           96.47           267    265     97     6.032     6.012     3.587     0.8241      0.8241      0.8231      0.6285
5       A         B            5           GLY           97.44           267    265     97     6.032     6.012     3.587     0.7845      0.7845      0.7834      0.5722
6       A         B            6           ILE           95.36           267    265     97     6.032     6.012     3.587     0.7973      0.7973      0.7962      0.5895
7       A         B            7           GLY           92.01           267    265     97     6.032     6.012     3.587     0.6391      0.6391      0.6376      0.3945
8       A         B            8           ILE           88.33           267    265     97     6.032     6.012     3.587     0.6095      0.6095      0.6079      0.3666
9       A         B            9           GLY           91.21           267    265     97     6.032     6.012     3.587     0.5651      0.5651      0.5634      0.3190
10      A         B           10           GLU           88.82           267    265     97     6.032     6.012     3.587     0.5214      0.5214      0.5197      0.2852
11      A         B           11           PHE           93.60           267    265     97     6.032     6.012     3.587     0.7008      0.7008      0.6993      0.4605
12      A         B           12           LYS           90.83           267    265     97     6.032     6.012     3.587     0.6179      0.6179      0.6164      0.3750
13      A         B           13           ASP           85.42           267    265     97     6.032     6.012     3.587     0.5588      0.5588      0.5572      0.3251
14      A         B           14           THR           91.65           267    265     97     6.032     6.012     3.587     0.7287      0.7287      0.7274      0.5011
15      A         B           15           LEU           89.12           267    265     97     6.032     6.012     3.587     0.7680      0.7680      0.7669      0.5509
16      A         B           16           SER           94.62           267    265     97     6.032     6.012     3.587     0.8324      0.8324      0.8315      0.6462
17      A         B           17           ILE           95.95           267    265     97     6.032     6.012     3.587     0.8531      0.8531      0.8522      0.6775
18      A         B           18           ASN           93.86           267    265     97     6.032     6.012     3.587     0.8275      0.8275      0.8266      0.6343
19      A         B           19           ALA           95.36           267    265     97     6.032     6.012     3.587     0.8017      0.8017      0.8006      0.5963
20      A         B           20           THR           93.03           267    265     97     6.032     6.012     3.587     0.6981      0.6981      0.6966      0.4596
21      A         B           21           ASN           93.85           267    265     97     6.032     6.012     3.587     0.7893      0.7893      0.7882      0.5774
22      A         B           22           ILE           95.99           267    265     97     6.032     6.012     3.587     0.7942      0.7942      0.7931      0.5843
23      A         B           23           LYS           93.64           267    265     97     6.032     6.012     3.587     0.6848      0.6848      0.6834      0.4454
24      A         B           24           HIS           92.78           267    265     97     6.032     6.012     3.587     0.6210      0.6210      0.6194      0.3737
25      A         B           25           PHE           96.86           267    265     97     6.032     6.012     3.587     0.7818      0.7818      0.7807      0.5649
26      A         B           26           LYS           95.64           267    265     97     6.032     6.012     3.587     0.7069      0.7069      0.7055      0.4682
27      A         B           27           TYR           96.46           267    265     97     6.032     6.012     3.587     0.6235      0.6235      0.6219      0.3733
28      A         B           28           CYS           97.59           267    265     97     6.032     6.012     3.587     0.7716      0.7716      0.7704      0.5479
29      A         B           29           THR           97.62           267    265     97     6.032     6.012     3.587     0.7869      0.7869      0.7857      0.5689
30      A         B           30           ALA           98.14           267    265     97     6.032     6.012     3.587     0.8447      0.8447      0.8438      0.6613
31      A         B           31           ILE           98.30           267    265     97     6.032     6.012     3.587     0.8800      0.8800      0.8793      0.7243
32      A         B           32           SER           97.32           267    265     97     6.032     6.012     3.587     0.8424      0.8424      0.8415      0.6572
33      A         B           33           GLY           97.20           267    265     97     6.032     6.012     3.587     0.8449      0.8449      0.8441      0.6649
34      A         B           34           ASP           96.68           267    265     97     6.032     6.012     3.587     0.8739      0.8739      0.8731      0.7144
35      A         B           35           LEU           97.69           267    265     97     6.032     6.012     3.587     0.8829      0.8829      0.8822      0.7324
36      A         B           36           HIS           95.17           267    265     97     6.032     6.012     3.587     0.8272      0.8272      0.8262      0.6377
37      A         B           37           ILE           97.80           267    265     97     6.032     6.012     3.587     0.9031      0.9031      0.9025      0.7729
38      A         B           38           LEU           95.72           267    265     97     6.032     6.012     3.587     0.8975      0.8975      0.8968      0.7623
39      A         B           39           PRO           93.76           267    265     97     6.032     6.012     3.587     0.8598      0.8598      0.8590      0.6922
40      A         B           40           VAL           91.44           267    265     97     6.032     6.012     3.587     0.8214      0.8214      0.8204      0.6309
41      A         B           41           ALA           95.05           267    265     97     6.032     6.012     3.587     0.8214      0.8214      0.8204      0.6298
42      A         B           42           PHE           94.59           267    265     97     6.032     6.012     3.587     0.7922      0.7922      0.7911      0.5855
43      A         B           43           LYS           91.22           267    265     97     6.032     6.012     3.587     0.5627      0.5627      0.5611      0.3261
44      A         B           44           GLY           91.83           267    265     97     6.032     6.012     3.587     0.4409      0.4409      0.4394      0.2294
45      A         B           45           ASP           83.87           267    265     97     6.032     6.012     3.587     0.3546      0.3546      0.3531      0.1692
46      A         B           46           SER           84.67           267    265     97     6.032     6.012     3.587     0.2788      0.2788      0.2774      0.1257
47      A         B           47           PHE           78.86           267    265     97     6.032     6.012     3.587     0.3026      0.3026      0.3012      0.1386
48      A         B           48           THR           82.03           267    265     97     6.032     6.012     3.587     0.3364      0.3364      0.3349      0.1568
49      A         B           49           ARG           90.01           267    265     97     6.032     6.012     3.587     0.3318      0.3318      0.3304      0.1543
50      A         B           50           THR           90.00           267    265     97     6.032     6.012     3.587     0.4472      0.4472      0.4455      0.2300
51      A         B           51           PRO           93.33           267    265     97     6.032     6.012     3.587     0.5523      0.5523      0.5507      0.3149
52      A         B           52           PRO           94.26           267    265     97     6.032     6.012     3.587     0.6954      0.6954      0.6939      0.4574
53      A         B           53           LEU           96.23           267    265     97     6.032     6.012     3.587     0.7872      0.7872      0.7861      0.5760
54      A         B           54           ASP           95.13           267    265     97     6.032     6.012     3.587     0.7458      0.7458      0.7445      0.5180
55      A         B           55           PRO           93.65           267    265     97     6.032     6.012     3.587     0.6883      0.6883      0.6868      0.4465
56      A         B           56           ARG           94.95           267    265     97     6.032     6.012     3.587     0.6657      0.6657      0.6643      0.4220
57      A         B           57           GLU           95.63           267    265     97     6.032     6.012     3.587     0.7738      0.7738      0.7726      0.5528
58      A         B           58           LEU           96.71           267    265     97     6.032     6.012     3.587     0.8228      0.8228      0.8218      0.6269
59      A         B           59           GLU           95.66           267    265     97     6.032     6.012     3.587     0.7538      0.7538      0.7525      0.5280
60      A         B           60           ILE           96.17           267    265     97     6.032     6.012     3.587     0.7907      0.7907      0.7895      0.5764
61      A         B           61           LEU           97.57           267    265     97     6.032     6.012     3.587     0.8520      0.8520      0.8511      0.6751
62      A         B           62           LYS           96.73           267    265     97     6.032     6.012     3.587     0.8055      0.8055      0.8044      0.5996
63      A         B           63           THR           97.33           267    265     97     6.032     6.012     3.587     0.7757      0.7757      0.7745      0.5544
64      A         B           64           VAL           98.22           267    265     97     6.032     6.012     3.587     0.8663      0.8663      0.8655      0.6992
65      A         B           65           LYS           98.38           267    265     97     6.032     6.012     3.587     0.8392      0.8392      0.8383      0.6512
66      A         B           66           GLU           98.22           267    265     97     6.032     6.012     3.587     0.8808      0.8808      0.8801      0.7259
67      A         B           67           ILE           98.70           267    265     97     6.032     6.012     3.587     0.9158      0.9158      0.9153      0.7962
68      A         B           68           THR           98.15           267    265     97     6.032     6.012     3.587     0.8982      0.8982      0.8976      0.7598
69      A         B           69           GLY           97.72           267    265     97     6.032     6.012     3.587     0.8925      0.8925      0.8918      0.7500
70      A         B           70           PHE           97.73           267    265     97     6.032     6.012     3.587     0.9182      0.9182      0.9177      0.8022
71      A         B           71           LEU           98.78           267    265     97     6.032     6.012     3.587     0.9301      0.9301      0.9297      0.8283
72      A         B           72           LEU           97.86           267    265     97     6.032     6.012     3.587     0.9275      0.9275      0.9270      0.8232
73      A         B           73           ILE           98.51           267    265     97     6.032     6.012     3.587     0.9299      0.9299      0.9294      0.8285
74      A         B           74           GLN           97.20           267    265     97     6.032     6.012     3.587     0.9093      0.9093      0.9087      0.7855
75      A         B           75           ALA           96.53           267    265     97     6.032     6.012     3.587     0.8977      0.8977      0.8971      0.7625
76      A         B           76           TRP           97.19           267    265     97     6.032     6.012     3.587     0.8798      0.8798      0.8791      0.7286
77      A         B           77           PRO           95.13           267    265     97     6.032     6.012     3.587     0.8053      0.8053      0.8043      0.6018
78      A         B           78           ASP           87.78           267    265     97     6.032     6.012     3.587     0.5851      0.5851      0.5835      0.3445
79      A         B           79           ASN           88.21           267    265     97     6.032     6.012     3.587     0.4943      0.4943      0.4927      0.2682
80      A         B           80           TRP           95.42           267    265     97     6.032     6.012     3.587     0.7892      0.7892      0.7881      0.5769
81      A         B           81           THR           93.05           267    265     97     6.032     6.012     3.587     0.7233      0.7233      0.7220      0.4865
82      A         B           82           ASP           94.55           267    265     97     6.032     6.012     3.587     0.7862      0.7862      0.7851      0.5705
83      A         B           83           LEU           97.63           267    265     97     6.032     6.012     3.587     0.8677      0.8677      0.8669      0.7037
84      A         B           84           HIS           95.09           267    265     97     6.032     6.012     3.587     0.7709      0.7709      0.7697      0.5505
85      A         B           85           ALA           96.44           267    265     97     6.032     6.012     3.587     0.8091      0.8091      0.8081      0.6048
86      A         B           86           PHE           98.36           267    265     97     6.032     6.012     3.587     0.8771      0.8771      0.8763      0.7205
87      A         B           87           GLU           96.00           267    265     97     6.032     6.012     3.587     0.7907      0.7907      0.7896      0.5783
88      A         B           88           ASN           97.83           267    265     97     6.032     6.012     3.587     0.8451      0.8451      0.8442      0.6624
89      A         B           89           LEU           98.53           267    265     97     6.032     6.012     3.587     0.8925      0.8925      0.8918      0.7489
90      A         B           90           GLU           98.28           267    265     97     6.032     6.012     3.587     0.8602      0.8602      0.8594      0.6879
91      A         B           91           ILE           98.46           267    265     97     6.032     6.012     3.587     0.8815      0.8815      0.8808      0.7271
92      A         B           92           ILE           98.73           267    265     97     6.032     6.012     3.587     0.9158      0.9158      0.9153      0.7964
93      A         B           93           ARG           98.22           267    265     97     6.032     6.012     3.587     0.8836      0.8836      0.8829      0.7311
94      A         B           94           GLY           97.06           267    265     97     6.032     6.012     3.587     0.8661      0.8661      0.8653      0.6993
95      A         B           95           ARG           94.49           267    265     97     6.032     6.012     3.587     0.8113      0.8113      0.8103      0.6079
96      A         B           96           THR           94.16           267    265     97     6.032     6.012     3.587     0.8818      0.8818      0.8811      0.7305
97      A         B           97           LYS           94.23           267    265     97     6.032     6.012     3.587     0.9015      0.9015      0.9009      0.7688
98      A         B           98           GLN           95.43           267    265     97     6.032     6.012     3.587     0.9040      0.9040      0.9035      0.7746
99      A         B           99           HIS           93.62           267    265     97     6.032     6.012     3.587     0.9034      0.9034      0.9028      0.7722
100     A         B          100           GLY           93.68           267    265     97     6.032     6.012     3.587     0.8795      0.8795      0.8788      0.7265
101     A         B          101           GLN           94.36           267    265     97     6.032     6.012     3.587     0.9102      0.9102      0.9097      0.7858
102     A         B          102           PHE           97.01           267    265     97     6.032     6.012     3.587     0.9370      0.9370      0.9366      0.8432
103     A         B          103           SER           96.98           267    265     97     6.032     6.012     3.587     0.9132      0.9132      0.9127      0.7914
104     A         B          104           LEU           98.36           267    265     97     6.032     6.012     3.587     0.9301      0.9301      0.9297      0.8287
105     A         B          105           ALA           97.97           267    265     97     6.032     6.012     3.587     0.9257      0.9257      0.9253      0.8192
106     A         B          106           VAL           98.21           267    265     97     6.032     6.012     3.587     0.9273      0.9273      0.9269      0.8233
107     A         B          107           VAL           96.99           267    265     97     6.032     6.012     3.587     0.8952      0.8952      0.8945      0.7582
108     A         B          108           GLY           96.71           267    265     97     6.032     6.012     3.587     0.8913      0.8913      0.8907      0.7498
109     A         B          109           LEU           97.44           267    265     97     6.032     6.012     3.587     0.9036      0.9036      0.9030      0.7748
110     A         B          110           ASN           94.20           267    265     97     6.032     6.012     3.587     0.8523      0.8523      0.8514      0.6814
111     A         B          111           ILE           96.42           267    265     97     6.032     6.012     3.587     0.8759      0.8759      0.8752      0.7209
112     A         B          112           THR           91.89           267    265     97     6.032     6.012     3.587     0.8344      0.8344      0.8335      0.6475
113     A         B          113           SER           91.48           267    265     97     6.032     6.012     3.587     0.7659      0.7659      0.7647      0.5421
114     A         B          114           LEU           95.72           267    265     97     6.032     6.012     3.587     0.8391      0.8391      0.8382      0.6537
115     A         B          115           GLY           94.30           267    265     97     6.032     6.012     3.587     0.7218      0.7218      0.7205      0.4857
116     A         B          116           LEU           95.96           267    265     97     6.032     6.012     3.587     0.7863      0.7863      0.7852      0.5701
117     A         B          117           ARG           87.95           267    265     97     6.032     6.012     3.587     0.5120      0.5120      0.5103      0.2807
118     A         B          118           SER           96.29           267    265     97     6.032     6.012     3.587     0.7862      0.7862      0.7851      0.5685
119     A         B          119           LEU           96.29           267    265     97     6.032     6.012     3.587     0.8452      0.8452      0.8443      0.6618
120     A         B          120           LYS           92.78           267    265     97     6.032     6.012     3.587     0.5545      0.5545      0.5528      0.3100
121     A         B          121           GLU           97.24           267    265     97     6.032     6.012     3.587     0.8542      0.8542      0.8534      0.6772
122     A         B          122           ILE           98.01           267    265     97     6.032     6.012     3.587     0.8996      0.8996      0.8990      0.7627
123     A         B          123           SER           97.31           267    265     97     6.032     6.012     3.587     0.8606      0.8606      0.8597      0.6886
124     A         B          124           ASP           95.08           267    265     97     6.032     6.012     3.587     0.8881      0.8881      0.8874      0.7410
125     A         B          125           GLY           95.75           267    265     97     6.032     6.012     3.587     0.8788      0.8788      0.8781      0.7241
126     A         B          126           ASP           95.84           267    265     97     6.032     6.012     3.587     0.9152      0.9152      0.9147      0.7958
127     A         B          127           VAL           97.23           267    265     97     6.032     6.012     3.587     0.9211      0.9211      0.9206      0.8089
128     A         B          128           ILE           97.10           267    265     97     6.032     6.012     3.587     0.9203      0.9203      0.9198      0.8072
129     A         B          129           ILE           97.35           267    265     97     6.032     6.012     3.587     0.9214      0.9214      0.9209      0.8101
130     A         B          130           SER           95.86           267    265     97     6.032     6.012     3.587     0.8624      0.8624      0.8616      0.6977
131     A         B          131           GLY           96.36           267    265     97     6.032     6.012     3.587     0.8752      0.8752      0.8744      0.7194
132     A         B          132           ASN           96.63           267    265     97     6.032     6.012     3.587     0.8878      0.8878      0.8871      0.7435
133     A         B          133           ARG           92.15           267    265     97     6.032     6.012     3.587     0.8057      0.8057      0.8047      0.6062
134     A         B          134           ASN           93.02           267    265     97     6.032     6.012     3.587     0.8360      0.8360      0.8351      0.6526
135     A         B          135           LEU           95.55           267    265     97     6.032     6.012     3.587     0.8608      0.8608      0.8600      0.6924
136     A         B          136           CYS           90.63           267    265     97     6.032     6.012     3.587     0.6880      0.6880      0.6866      0.4490
137     A         B          137           TYR           84.91           267    265     97     6.032     6.012     3.587     0.4805      0.4805      0.4788      0.2504
138     A         B          138           ALA           87.67           267    265     97     6.032     6.012     3.587     0.5862      0.5862      0.5845      0.3390
139     A         B          139           ASN           78.89           267    265     97     6.032     6.012     3.587     0.5205      0.5205      0.5188      0.2834
140     A         B          140           THR           80.47           267    265     97     6.032     6.012     3.587     0.4902      0.4902      0.4885      0.2598
141     A         B          141           ILE           89.01           267    265     97     6.032     6.012     3.587     0.6590      0.6590      0.6575      0.4110
142     A         B          142           ASN           90.57           267    265     97     6.032     6.012     3.587     0.6926      0.6926      0.6912      0.4479
143     A         B          143           TRP           93.80           267    265     97     6.032     6.012     3.587     0.8048      0.8048      0.8037      0.5974
144     A         B          144           LYS           90.29           267    265     97     6.032     6.012     3.587     0.7389      0.7389      0.7376      0.5053
145     A         B          145           LYS           91.76           267    265     97     6.032     6.012     3.587     0.7211      0.7211      0.7197      0.4824
146     A         B          146           LEU           95.28           267    265     97     6.032     6.012     3.587     0.8202      0.8202      0.8192      0.6203
147     A         B          147           PHE           95.83           267    265     97     6.032     6.012     3.587     0.8297      0.8297      0.8287      0.6359
148     A         B          148           GLY           94.68           267    265     97     6.032     6.012     3.587     0.6443      0.6443      0.6427      0.3963
149     A         B          149           THR           88.00           267    265     97     6.032     6.012     3.587     0.6773      0.6773      0.6759      0.4343
150     A         B          150           PRO           86.61           267    265     97     6.032     6.012     3.587     0.6408      0.6408      0.6393      0.3989
151     A         B          151           ASN           81.49           267    265     97     6.032     6.012     3.587     0.6802      0.6802      0.6788      0.4401
152     A         B          152           GLN           93.05           267    265     97     6.032     6.012     3.587     0.8340      0.8340      0.8331      0.6454
153     A         B          153           LYS           89.45           267    265     97     6.032     6.012     3.587     0.8057      0.8057      0.8046      0.6022
154     A         B          154           THR           93.21           267    265     97     6.032     6.012     3.587     0.8393      0.8393      0.8384      0.6562
155     A         B          155           LYS           91.69           267    265     97     6.032     6.012     3.587     0.8333      0.8333      0.8324      0.6464
156     A         B          156           ILE           93.28           267    265     97     6.032     6.012     3.587     0.8578      0.8578      0.8570      0.6879
157     A         B          157           MET           90.34           267    265     97     6.032     6.012     3.587     0.7041      0.7041      0.7028      0.4705
158     A         B          158           ASN           91.97           267    265     97     6.032     6.012     3.587     0.8001      0.8001      0.7990      0.5959
159     A         B          159           ASN           95.06           267    265     97     6.032     6.012     3.587     0.8511      0.8511      0.8502      0.6756
160     A         B          160           ARG           91.01           267    265     97     6.032     6.012     3.587     0.7703      0.7703      0.7692      0.5513
161     A         B          161           ALA           88.25           267    265     97     6.032     6.012     3.587     0.6030      0.6030      0.6014      0.3626
162     A         B          162           GLU           82.51           267    265     97     6.032     6.012     3.587     0.5431      0.5431      0.5414      0.3053
163     A         B          163           LYS           85.86           267    265     97     6.032     6.012     3.587     0.5180      0.5180      0.5163      0.2807
164     A         B          164           ASP           85.76           267    265     97     6.032     6.012     3.587     0.5355      0.5355      0.5338      0.2949
165     A         B          165           CYS           86.29           267    265     97     6.032     6.012     3.587     0.5310      0.5310      0.5293      0.2914
166     A         B          166           LYS           80.39           267    265     97     6.032     6.012     3.587     0.4337      0.4337      0.4320      0.2173
167     A         B          167           ALA           73.47           267    265     97     6.032     6.012     3.587     0.3076      0.3076      0.3062      0.1370
168     A         B          168           VAL           66.07           267    265     97     6.032     6.012     3.587     0.2076      0.2076      0.2065      0.0853
169     A         B          169           ASN           56.39           267    265      0     6.032     6.012     1.000     0.0938      0.0000      0.0000      0.0000
170     A         B          170           HIS           40.05           267    265      0     6.032     6.012     1.000     0.0588      0.0000      0.0000      0.0000
171     B         A            1           MET           63.63           267    267     56     6.032     6.032     2.476     0.1351      0.2122      0.2122      0.0449
172     B         A            2           LYS           74.72           267    267    163     6.032     6.032     4.759     0.2770      0.2836      0.2836      0.2009
173     B         A            3           PRO           81.76           267    267    170     6.032     6.032     4.861     0.4411      0.4411      0.4411      0.3437
174     B         A            4           SER           87.79           267    267    170     6.032     6.032     4.861     0.5730      0.5730      0.5730      0.4702
175     B         A            5           GLU           93.48           267    267    170     6.032     6.032     4.861     0.6684      0.6684      0.6684      0.5706
176     B         A            6           GLU           93.68           267    267    170     6.032     6.032     4.861     0.7248      0.7248      0.7248      0.6341
177     B         A            7           ILE           94.78           267    267    170     6.032     6.032     4.861     0.8137      0.8137      0.8137      0.7418
178     B         A            8           LYS           96.69           267    267    170     6.032     6.032     4.861     0.8532      0.8532      0.8532      0.7927
179     B         A            9           GLU           97.03           267    267    170     6.032     6.032     4.861     0.8158      0.8158      0.8158      0.7445
180     B         A           10           GLU           96.74           267    267    170     6.032     6.032     4.861     0.8483      0.8483      0.8483      0.7862
181     B         A           11           ALA           97.67           267    267    170     6.032     6.032     4.861     0.8694      0.8694      0.8694      0.8139
182     B         A           12           ILE           98.03           267    267    170     6.032     6.032     4.861     0.8844      0.8844      0.8844      0.8342
183     B         A           13           GLU           97.99           267    267    170     6.032     6.032     4.861     0.8305      0.8305      0.8305      0.7629
184     B         A           14           LEU           98.07           267    267    170     6.032     6.032     4.861     0.8761      0.8761      0.8761      0.8230
185     B         A           15           ALA           98.26           267    267    170     6.032     6.032     4.861     0.8567      0.8567      0.8567      0.7970
186     B         A           16           ARG           98.02           267    267    170     6.032     6.032     4.861     0.8464      0.8464      0.8464      0.7836
187     B         A           17           GLU           97.81           267    267    170     6.032     6.032     4.861     0.7955      0.7955      0.7955      0.7187
188     B         A           18           LEU           98.26           267    267    170     6.032     6.032     4.861     0.8487      0.8487      0.8487      0.7866
189     B         A           19           LEU           98.01           267    267    170     6.032     6.032     4.861     0.8278      0.8278      0.8278      0.7596
190     B         A           20           LYS           96.62           267    267    170     6.032     6.032     4.861     0.7184      0.7184      0.7184      0.6274
191     B         A           21           GLY           95.76           267    267    170     6.032     6.032     4.861     0.5339      0.5339      0.5339      0.4296
192     B         A           22           LYS           93.68           267    267    170     6.032     6.032     4.861     0.6736      0.6736      0.6736      0.5765
193     B         A           23           VAL           96.26           267    267    170     6.032     6.032     4.861     0.7315      0.7315      0.7315      0.6422
194     B         A           24           SER           95.00           267    267    170     6.032     6.032     4.861     0.7294      0.7294      0.7294      0.6397
195     B         A           25           GLU           95.90           267    267    170     6.032     6.032     4.861     0.7016      0.7016      0.7016      0.6077
196     B         A           26           LYS           95.88           267    267    170     6.032     6.032     4.861     0.7898      0.7898      0.7898      0.7126
197     B         A           27           GLN           97.21           267    267    170     6.032     6.032     4.861     0.8288      0.8288      0.8288      0.7610
198     B         A           28           LEU           97.46           267    267    170     6.032     6.032     4.861     0.8348      0.8348      0.8348      0.7687
199     B         A           29           LYS           97.29           267    267    170     6.032     6.032     4.861     0.8133      0.8133      0.8133      0.7417
200     B         A           30           PHE           96.59           267    267    170     6.032     6.032     4.861     0.8597      0.8597      0.8597      0.8014
201     B         A           31           VAL           97.44           267    267    170     6.032     6.032     4.861     0.8610      0.8610      0.8610      0.8031
202     B         A           32           GLU           97.37           267    267    170     6.032     6.032     4.861     0.8405      0.8405      0.8405      0.7760
203     B         A           33           GLU           95.81           267    267    170     6.032     6.032     4.861     0.8254      0.8254      0.8254      0.7573
204     B         A           34           HIS           95.97           267    267    170     6.032     6.032     4.861     0.8521      0.8521      0.8521      0.7918
205     B         A           35           ILE           97.29           267    267    170     6.032     6.032     4.861     0.8625      0.8625      0.8625      0.8052
206     B         A           36           ARG           95.54           267    267    170     6.032     6.032     4.861     0.7656      0.7656      0.7656      0.6831
207     B         A           37           ASN           91.87           267    267    170     6.032     6.032     4.861     0.6452      0.6452      0.6452      0.5475
208     B         A           38           ASP           84.52           267    267    170     6.032     6.032     4.861     0.4899      0.4899      0.4899      0.3896
209     B         A           39           GLY           84.39           267    267    170     6.032     6.032     4.861     0.4358      0.4358      0.4358      0.3401
210     B         A           40           THR           81.98           267    267    170     6.032     6.032     4.861     0.3790      0.3790      0.3790      0.2885
211     B         A           41           SER           79.55           267    267    170     6.032     6.032     4.861     0.3233      0.3233      0.3233      0.2416
212     B         A           42           GLN           81.86           267    267    170     6.032     6.032     4.861     0.3622      0.3622      0.3622      0.2754
213     B         A           43           PRO           86.29           267    267    170     6.032     6.032     4.861     0.4452      0.4452      0.4452      0.3500
214     B         A           44           SER           84.38           267    267    170     6.032     6.032     4.861     0.6245      0.6245      0.6245      0.5258
215     B         A           45           HIS           89.78           267    267    170     6.032     6.032     4.861     0.7412      0.7412      0.7412      0.6554
216     B         A           46           GLU           87.66           267    267    170     6.032     6.032     4.861     0.7358      0.7358      0.7358      0.6487
217     B         A           47           GLU           90.24           267    267    170     6.032     6.032     4.861     0.7360      0.7360      0.7360      0.6489
218     B         A           48           VAL           93.96           267    267    170     6.032     6.032     4.861     0.7765      0.7765      0.7765      0.6968
219     B         A           49           ALA           93.88           267    267    170     6.032     6.032     4.861     0.7820      0.7820      0.7820      0.7029
220     B         A           50           LYS           94.04           267    267    170     6.032     6.032     4.861     0.7310      0.7310      0.7310      0.6428
221     B         A           51           GLU           92.16           267    267    170     6.032     6.032     4.861     0.7023      0.7023      0.7023      0.6100
222     B         A           52           LEU           95.91           267    267    170     6.032     6.032     4.861     0.7622      0.7622      0.7622      0.6790
223     B         A           53           GLY           95.74           267    267    170     6.032     6.032     4.861     0.6608      0.6608      0.6608      0.5629
224     B         A           54           ILE           95.80           267    267    170     6.032     6.032     4.861     0.7787      0.7787      0.7787      0.6991
225     B         A           55           SER           93.88           267    267    170     6.032     6.032     4.861     0.7806      0.7806      0.7806      0.7018
226     B         A           56           VAL           89.41           267    267    170     6.032     6.032     4.861     0.7999      0.7999      0.7999      0.7252
227     B         A           57           GLU           90.26           267    267    170     6.032     6.032     4.861     0.7612      0.7612      0.7612      0.6781
228     B         A           58           GLN           94.45           267    267    170     6.032     6.032     4.861     0.8067      0.8067      0.8067      0.7337
229     B         A           59           ALA           94.34           267    267    170     6.032     6.032     4.861     0.8488      0.8488      0.8488      0.7874
230     B         A           60           GLY           92.72           267    267    170     6.032     6.032     4.861     0.8222      0.8222      0.8222      0.7533
231     B         A           61           LEU           95.43           267    267    170     6.032     6.032     4.861     0.8610      0.8610      0.8610      0.8033
232     B         A           62           LEU           96.32           267    267    170     6.032     6.032     4.861     0.8761      0.8761      0.8761      0.8233
233     B         A           63           LEU           94.55           267    267    170     6.032     6.032     4.861     0.8788      0.8788      0.8788      0.8270
234     B         A           64           THR           95.57           267    267    170     6.032     6.032     4.861     0.8813      0.8813      0.8813      0.8304
235     B         A           65           VAL           97.91           267    267    170     6.032     6.032     4.861     0.8981      0.8981      0.8981      0.8533
236     B         A           66           ALA           96.65           267    267    170     6.032     6.032     4.861     0.8931      0.8931      0.8931      0.8464
237     B         A           67           SER           95.37           267    267    170     6.032     6.032     4.861     0.8793      0.8793      0.8793      0.8279
238     B         A           68           SER           96.71           267    267    170     6.032     6.032     4.861     0.8755      0.8755      0.8755      0.8228
239     B         A           69           SER           97.71           267    267    170     6.032     6.032     4.861     0.8965      0.8965      0.8965      0.8510
240     B         A           70           MET           96.50           267    267    170     6.032     6.032     4.861     0.9039      0.9039      0.9039      0.8612
241     B         A           71           SER           96.72           267    267    170     6.032     6.032     4.861     0.9003      0.9003      0.9003      0.8563
242     B         A           72           TYR           97.86           267    267    170     6.032     6.032     4.861     0.9065      0.9065      0.9065      0.8648
243     B         A           73           SER           96.74           267    267    170     6.032     6.032     4.861     0.8805      0.8805      0.8805      0.8292
244     B         A           74           GLU           94.19           267    267    170     6.032     6.032     4.861     0.8775      0.8775      0.8775      0.8255
245     B         A           75           SER           95.10           267    267    170     6.032     6.032     4.861     0.8588      0.8588      0.8588      0.8004
246     B         A           76           ARG           94.71           267    267    170     6.032     6.032     4.861     0.8526      0.8526      0.8526      0.7923
247     B         A           77           SER           91.51           267    267    170     6.032     6.032     4.861     0.7969      0.7969      0.7969      0.7213
248     B         A           78           LEU           89.51           267    267    170     6.032     6.032     4.861     0.8025      0.8025      0.8025      0.7285
249     B         A           79           ASN           89.81           267    267    170     6.032     6.032     4.861     0.7385      0.7385      0.7385      0.6515
250     B         A           80           ASP           91.53           267    267    170     6.032     6.032     4.861     0.7226      0.7226      0.7226      0.6339
251     B         A           81           PRO           91.37           267    267    170     6.032     6.032     4.861     0.7318      0.7318      0.7318      0.6445
252     B         A           82           ASN           95.34           267    267    170     6.032     6.032     4.861     0.8165      0.8165      0.8165      0.7465
253     B         A           83           GLU           93.85           267    267    170     6.032     6.032     4.861     0.8322      0.8322      0.8322      0.7663
254     B         A           84           LYS           94.10           267    267    170     6.032     6.032     4.861     0.8117      0.8117      0.8117      0.7403
255     B         A           85           THR           95.67           267    267    170     6.032     6.032     4.861     0.8808      0.8808      0.8808      0.8297
256     B         A           86           TRP           97.78           267    267    170     6.032     6.032     4.861     0.9217      0.9217      0.9217      0.8863
257     B         A           87           LEU           97.58           267    267    170     6.032     6.032     4.861     0.9140      0.9140      0.9140      0.8753
258     B         A           88           GLU           95.74           267    267    170     6.032     6.032     4.861     0.8746      0.8746      0.8746      0.8212
259     B         A           89           ILE           96.79           267    267    170     6.032     6.032     4.861     0.9009      0.9009      0.9009      0.8570
260     B         A           90           ALA           97.77           267    267    170     6.032     6.032     4.861     0.9019      0.9019      0.9019      0.8584
261     B         A           91           GLU           97.09           267    267    170     6.032     6.032     4.861     0.8793      0.8793      0.8793      0.8277
262     B         A           92           LYS           94.52           267    267    170     6.032     6.032     4.861     0.8421      0.8421      0.8421      0.7785
263     B         A           93           SER           95.82           267    267    170     6.032     6.032     4.861     0.8532      0.8532      0.8532      0.7930
264     B         A           94           ALA           97.63           267    267    170     6.032     6.032     4.861     0.8692      0.8692      0.8692      0.8140
265     B         A           95           ASN           95.73           267    267    170     6.032     6.032     4.861     0.7901      0.7901      0.7901      0.7126
266     B         A           96           GLU           92.91           267    267    170     6.032     6.032     4.861     0.7320      0.7320      0.7320      0.6432
267     B         A           97           LEU           94.11           267    267    170     6.032     6.032     4.861     0.5484      0.5484      0.5484      0.4459
