i   AlignChn ScoredChain  AlignResNum  AlignResType  AlignRespLDDT      n0chn  n0dom  n0res    d0chn     d0dom     d0res   ipTM_pae  ipSAE_d0chn ipSAE_d0dom    ipSAE 
1       A         B            1           LYS           91.96           230    230     60     5.629     5.629     2.611     0.3161      0.3161      0.3161      0.0915
2       A         B            2           VAL           98.04           230    230     60     5.629     5.629     2.611     0.6931      0.6931      0.6931      0.3329
3       A         B            3           CYS           98.43           230    230     60     5.629     5.629     2.611     0.7869      0.7869      0.7869      0.4507
4       A         B            4           ASN           98.32           230    230     60     5.629     5.629     2.611     0.8062      0.8062      0.8062      0.4804
5       A         B            5           GLY           98.82           230    230     60     5.629     5.629     2.611     0.7741      0.7741      0.7741      0.4388
6       A         B            6           ILE           98.13           230    230     60     5.629     5.629     2.611     0.8006      0.8006      0.8006      0.4783
7       A         B            7           GLY           95.63           230    230     60     5.629     5.629     2.611     0.6823      0.6823      0.6823      0.3281
8       A         B            8           ILE           94.96           230    230     60     5.629     5.629     2.611     0.6850      0.6850      0.6850      0.3312
9       A         B            9           GLY           96.50           230    230     60     5.629     5.629     2.611     0.6035      0.6035      0.6035      0.2520
10      A         B           10           GLU           93.85           230    230     60     5.629     5.629     2.611     0.5646      0.5646      0.5646      0.2281
11      A         B           11           PHE           97.50           230    230     60     5.629     5.629     2.611     0.7161      0.7161      0.7161      0.3645
12      A         B           12           LYS           94.64           230    230     60     5.629     5.629     2.611     0.6658      0.6658      0.6658      0.3181
13      A         B           13           ASP           92.52           230    230     60     5.629     5.629     2.611     0.6373      0.6373      0.6373      0.2962
14      A         B           14           SER           96.49           230    230     60     5.629     5.629     2.611     0.7571      0.7571      0.7571      0.4209
15      A         B           15           LEU           96.63           230    230     60     5.629     5.629     2.611     0.7918      0.7918      0.7918      0.4663
16      A         B           16           SER           98.27           230    230     60     5.629     5.629     2.611     0.8315      0.8315      0.8315      0.5332
17      A         B           17           ILE           98.51           230    230     60     5.629     5.629     2.611     0.8404      0.8404      0.8404      0.5435
18      A         B           18           ASN           98.46           230    230     60     5.629     5.629     2.611     0.8158      0.8158      0.8158      0.4993
19      A         B           19           ALA           98.57           230    230     60     5.629     5.629     2.611     0.8043      0.8043      0.8043      0.4804
20      A         B           20           THR           97.00           230    230     60     5.629     5.629     2.611     0.6967      0.6967      0.6967      0.3428
21      A         B           21           ASN           98.00           230    230     60     5.629     5.629     2.611     0.7863      0.7863      0.7863      0.4533
22      A         B           22           ILE           98.05           230    230     60     5.629     5.629     2.611     0.7492      0.7492      0.7492      0.4035
23      A         B           23           LYS           95.37           230    230     60     5.629     5.629     2.611     0.6364      0.6364      0.6364      0.2840
24      A         B           24           HIS           96.00           230    230     60     5.629     5.629     2.611     0.6290      0.6290      0.6290      0.2751
25      A         B           25           PHE           98.49           230    230     60     5.629     5.629     2.611     0.7740      0.7740      0.7740      0.4326
26      A         B           26           LYS           97.83           230    230     60     5.629     5.629     2.611     0.7320      0.7320      0.7320      0.3802
27      A         B           27           ASN           97.21           230    230     60     5.629     5.629     2.611     0.6500      0.6500      0.6500      0.2901
28      A         B           28           CYS           98.72           230    230     60     5.629     5.629     2.611     0.7523      0.7523      0.7523      0.4006
29      A         B           29           THR           98.79           230    230     60     5.629     5.629     2.611     0.7658      0.7658      0.7658      0.4174
30      A         B           30           SER           98.69           230    230     60     5.629     5.629     2.611     0.8091      0.8091      0.8091      0.4821
31      A         B           31           ILE           98.90           230    230     60     5.629     5.629     2.611     0.8479      0.8479      0.8479      0.5524
32      A         B           32           SER           98.29           230    230     60     5.629     5.629     2.611     0.8024      0.8024      0.8024      0.4729
33      A         B           33           GLY           98.70           230    230     60     5.629     5.629     2.611     0.8264      0.8264      0.8264      0.5167
34      A         B           34           ASP           98.32           230    230     60     5.629     5.629     2.611     0.8482      0.8482      0.8482      0.5572
35      A         B           35           LEU           98.77           230    230     60     5.629     5.629     2.611     0.8473      0.8473      0.8473      0.5558
36      A         B           36           HIS           97.39           230    230     60     5.629     5.629     2.611     0.7995      0.7995      0.7995      0.4756
37      A         B           37           ILE           98.79           230    230     60     5.629     5.629     2.611     0.8807      0.8807      0.8807      0.6273
38      A         B           38           LEU           97.86           230    230     60     5.629     5.629     2.611     0.8771      0.8771      0.8771      0.6198
39      A         B           39           PRO           96.28           230    230     60     5.629     5.629     2.611     0.8503      0.8503      0.8503      0.5650
40      A         B           40           VAL           95.91           230    230     60     5.629     5.629     2.611     0.8287      0.8287      0.8287      0.5267
41      A         B           41           ALA           98.39           230    230     60     5.629     5.629     2.611     0.8334      0.8334      0.8334      0.5339
42      A         B           42           PHE           98.10           230    230     60     5.629     5.629     2.611     0.8124      0.8124      0.8124      0.4973
43      A         B           43           ARG           95.87           230    230     60     5.629     5.629     2.611     0.6542      0.6542      0.6542      0.3017
44      A         B           44           GLY           98.11           230    230     60     5.629     5.629     2.611     0.6051      0.6051      0.6051      0.2618
45      A         B           45           ASP           96.46           230    230     60     5.629     5.629     2.611     0.5649      0.5649      0.5649      0.2336
46      A         B           46           SER           95.00           230    230     60     5.629     5.629     2.611     0.4735      0.4735      0.4735      0.1721
47      A         B           47           PHE           93.43           230    230     60     5.629     5.629     2.611     0.5364      0.5364      0.5364      0.2139
48      A         B           48           THR           96.14           230    230     60     5.629     5.629     2.611     0.5850      0.5850      0.5850      0.2478
49      A         B           49           HIS           97.01           230    230     60     5.629     5.629     2.611     0.5601      0.5601      0.5601      0.2293
50      A         B           50           THR           97.93           230    230     60     5.629     5.629     2.611     0.6652      0.6652      0.6652      0.3152
51      A         B           51           PRO           98.34           230    230     60     5.629     5.629     2.611     0.6784      0.6784      0.6784      0.3243
52      A         B           52           PRO           98.34           230    230     60     5.629     5.629     2.611     0.7453      0.7453      0.7453      0.3979
53      A         B           53           LEU           98.73           230    230     60     5.629     5.629     2.611     0.8005      0.8005      0.8005      0.4752
54      A         B           54           ASP           98.26           230    230     60     5.629     5.629     2.611     0.7481      0.7481      0.7481      0.3995
55      A         B           55           PRO           97.09           230    230     60     5.629     5.629     2.611     0.6895      0.6895      0.6895      0.3311
56      A         B           56           GLN           97.39           230    230     60     5.629     5.629     2.611     0.6589      0.6589      0.6589      0.3009
57      A         B           57           GLU           98.19           230    230     60     5.629     5.629     2.611     0.7599      0.7599      0.7599      0.4115
58      A         B           58           LEU           98.40           230    230     60     5.629     5.629     2.611     0.7972      0.7972      0.7972      0.4661
59      A         B           59           ASP           98.00           230    230     60     5.629     5.629     2.611     0.7733      0.7733      0.7733      0.4312
60      A         B           60           ILE           98.35           230    230     60     5.629     5.629     2.611     0.7866      0.7866      0.7866      0.4486
61      A         B           61           LEU           98.84           230    230     60     5.629     5.629     2.611     0.8318      0.8318      0.8318      0.5233
62      A         B           62           LYS           98.38           230    230     60     5.629     5.629     2.611     0.7974      0.7974      0.7974      0.4654
63      A         B           63           THR           98.64           230    230     60     5.629     5.629     2.611     0.7679      0.7679      0.7679      0.4214
64      A         B           64           VAL           98.90           230    230     60     5.629     5.629     2.611     0.8367      0.8367      0.8367      0.5314
65      A         B           65           LYS           98.92           230    230     60     5.629     5.629     2.611     0.8041      0.8041      0.8041      0.4740
66      A         B           66           GLU           98.87           230    230     60     5.629     5.629     2.611     0.8431      0.8431      0.8431      0.5413
67      A         B           67           ILE           98.97           230    230     60     5.629     5.629     2.611     0.8838      0.8838      0.8838      0.6290
68      A         B           68           THR           98.85           230    230     60     5.629     5.629     2.611     0.8549      0.8549      0.8549      0.5656
69      A         B           69           GLY           98.88           230    230     60     5.629     5.629     2.611     0.8560      0.8560      0.8560      0.5707
70      A         B           70           PHE           98.59           230    230     60     5.629     5.629     2.611     0.8814      0.8814      0.8814      0.6253
71      A         B           71           LEU           98.97           230    230     60     5.629     5.629     2.611     0.9016      0.9016      0.9016      0.6737
72      A         B           72           LEU           98.26           230    230     60     5.629     5.629     2.611     0.8940      0.8940      0.8940      0.6575
73      A         B           73           ILE           98.83           230    230     60     5.629     5.629     2.611     0.8969      0.8969      0.8969      0.6647
74      A         B           74           GLN           96.75           230    230     60     5.629     5.629     2.611     0.8350      0.8350      0.8350      0.5348
75      A         B           75           ALA           97.97           230    230     60     5.629     5.629     2.611     0.8646      0.8646      0.8646      0.5947
76      A         B           76           TRP           98.56           230    230     60     5.629     5.629     2.611     0.8504      0.8504      0.8504      0.5648
77      A         B           77           PRO           97.42           230    230     60     5.629     5.629     2.611     0.7698      0.7698      0.7698      0.4294
78      A         B           78           GLU           90.04           230    230     60     5.629     5.629     2.611     0.5520      0.5520      0.5520      0.2192
79      A         B           79           ASN           92.44           230    230     60     5.629     5.629     2.611     0.5132      0.5132      0.5132      0.1915
80      A         B           80           ARG           96.70           230    230     60     5.629     5.629     2.611     0.6771      0.6771      0.6771      0.3178
81      A         B           81           THR           95.71           230    230     60     5.629     5.629     2.611     0.6502      0.6502      0.6502      0.2927
82      A         B           82           ASP           97.19           230    230     60     5.629     5.629     2.611     0.7372      0.7372      0.7372      0.3836
83      A         B           83           LEU           98.69           230    230     60     5.629     5.629     2.611     0.8006      0.8006      0.8006      0.4726
84      A         B           84           HIS           95.11           230    230     60     5.629     5.629     2.611     0.6335      0.6335      0.6335      0.2795
85      A         B           85           ALA           98.25           230    230     60     5.629     5.629     2.611     0.7504      0.7504      0.7504      0.3996
86      A         B           86           PHE           98.93           230    230     60     5.629     5.629     2.611     0.8343      0.8343      0.8343      0.5285
87      A         B           87           GLU           97.99           230    230     60     5.629     5.629     2.611     0.7680      0.7680      0.7680      0.4231
88      A         B           88           ASN           98.82           230    230     60     5.629     5.629     2.611     0.8152      0.8152      0.8152      0.4927
89      A         B           89           LEU           98.97           230    230     60     5.629     5.629     2.611     0.8556      0.8556      0.8556      0.5680
90      A         B           90           GLU           98.91           230    230     60     5.629     5.629     2.611     0.8314      0.8314      0.8314      0.5208
91      A         B           91           ILE           98.86           230    230     60     5.629     5.629     2.611     0.8421      0.8421      0.8421      0.5398
92      A         B           92           ILE           98.98           230    230     60     5.629     5.629     2.611     0.8782      0.8782      0.8782      0.6163
93      A         B           93           ARG           98.88           230    230     60     5.629     5.629     2.611     0.8372      0.8372      0.8372      0.5308
94      A         B           94           GLY           98.42           230    230     60     5.629     5.629     2.611     0.8218      0.8218      0.8218      0.5046
95      A         B           95           ARG           97.75           230    230     60     5.629     5.629     2.611     0.7596      0.7596      0.7596      0.4101
96      A         B           96           THR           96.25           230    230     60     5.629     5.629     2.611     0.8394      0.8394      0.8394      0.5377
97      A         B           97           LYS           95.14           230    230     60     5.629     5.629     2.611     0.8563      0.8563      0.8563      0.5713
98      A         B           98           GLN           95.49           230    230     60     5.629     5.629     2.611     0.8302      0.8302      0.8302      0.5230
99      A         B           99           HIS           92.41           230    230     60     5.629     5.629     2.611     0.8118      0.8118      0.8118      0.4905
100     A         B          100           GLY           92.31           230    230     60     5.629     5.629     2.611     0.8097      0.8097      0.8097      0.4889
101     A         B          101           GLN           93.51           230    230     60     5.629     5.629     2.611     0.8115      0.8115      0.8115      0.4911
102     A         B          102           PHE           97.16           230    230     60     5.629     5.629     2.611     0.8924      0.8924      0.8924      0.6522
103     A         B          103           SER           98.15           230    230     60     5.629     5.629     2.611     0.8786      0.8786      0.8786      0.6192
104     A         B          104           LEU           98.82           230    230     60     5.629     5.629     2.611     0.9024      0.9024      0.9024      0.6770
105     A         B          105           ALA           98.09           230    230     60     5.629     5.629     2.611     0.8972      0.8972      0.8972      0.6654
106     A         B          106           VAL           98.53           230    230     60     5.629     5.629     2.611     0.8946      0.8946      0.8946      0.6600
107     A         B          107           VAL           96.93           230    230     60     5.629     5.629     2.611     0.8607      0.8607      0.8607      0.5849
108     A         B          108           SER           95.51           230    230     60     5.629     5.629     2.611     0.8508      0.8508      0.8508      0.5650
109     A         B          109           LEU           98.14           230    230     60     5.629     5.629     2.611     0.8703      0.8703      0.8703      0.6064
110     A         B          110           ASN           96.70           230    230     60     5.629     5.629     2.611     0.8250      0.8250      0.8250      0.5183
111     A         B          111           ILE           97.78           230    230     60     5.629     5.629     2.611     0.8416      0.8416      0.8416      0.5461
112     A         B          112           THR           95.38           230    230     60     5.629     5.629     2.611     0.8083      0.8083      0.8083      0.4851
113     A         B          113           SER           95.23           230    230     60     5.629     5.629     2.611     0.7444      0.7444      0.7444      0.3929
114     A         B          114           LEU           97.90           230    230     60     5.629     5.629     2.611     0.8041      0.8041      0.8041      0.4791
115     A         B          115           GLY           96.55           230    230     60     5.629     5.629     2.611     0.7012      0.7012      0.7012      0.3445
116     A         B          116           LEU           97.76           230    230     60     5.629     5.629     2.611     0.7633      0.7633      0.7633      0.4169
117     A         B          117           ARG           93.23           230    230     60     5.629     5.629     2.611     0.5963      0.5963      0.5963      0.2487
118     A         B          118           SER           98.38           230    230     60     5.629     5.629     2.611     0.7709      0.7709      0.7709      0.4244
119     A         B          119           LEU           98.08           230    230     60     5.629     5.629     2.611     0.8220      0.8220      0.8220      0.5053
120     A         B          120           LYS           96.94           230    230     60     5.629     5.629     2.611     0.6821      0.6821      0.6821      0.3206
121     A         B          121           GLU           98.48           230    230     60     5.629     5.629     2.611     0.8260      0.8260      0.8260      0.5104
122     A         B          122           ILE           98.80           230    230     60     5.629     5.629     2.611     0.8671      0.8671      0.8671      0.5917
123     A         B          123           SER           98.76           230    230     60     5.629     5.629     2.611     0.8241      0.8241      0.8241      0.5078
124     A         B          124           ASP           97.38           230    230     60     5.629     5.629     2.611     0.8493      0.8493      0.8493      0.5558
125     A         B          125           GLY           97.40           230    230     60     5.629     5.629     2.611     0.8363      0.8363      0.8363      0.5351
126     A         B          126           ASP           97.01           230    230     60     5.629     5.629     2.611     0.8772      0.8772      0.8772      0.6178
127     A         B          127           VAL           98.02           230    230     60     5.629     5.629     2.611     0.8924      0.8924      0.8924      0.6530
128     A         B          128           ILE           97.45           230    230     60     5.629     5.629     2.611     0.8902      0.8902      0.8902      0.6486
129     A         B          129           ILE           98.04           230    230     60     5.629     5.629     2.611     0.8932      0.8932      0.8932      0.6561
130     A         B          130           SER           95.62           230    230     60     5.629     5.629     2.611     0.8089      0.8089      0.8089      0.4937
131     A         B          131           GLY           96.20           230    230     60     5.629     5.629     2.611     0.8246      0.8246      0.8246      0.5207
132     A         B          132           ASN           97.68           230    230     60     5.629     5.629     2.611     0.8557      0.8557      0.8557      0.5748
133     A         B          133           LYS           94.96           230    230     60     5.629     5.629     2.611     0.8050      0.8050      0.8050      0.4856
134     A         B          134           ASN           95.97           230    230     60     5.629     5.629     2.611     0.8089      0.8089      0.8089      0.4884
135     A         B          135           LEU           97.65           230    230     60     5.629     5.629     2.611     0.8246      0.8246      0.8246      0.5156
136     A         B          136           CYS           95.87           230    230     60     5.629     5.629     2.611     0.6624      0.6624      0.6624      0.3067
137     A         B          137           TYR           90.36           230    230     60     5.629     5.629     2.611     0.4658      0.4658      0.4658      0.1616
138     A         B          138           ALA           93.50           230    230     60     5.629     5.629     2.611     0.5519      0.5519      0.5519      0.2163
139     A         B          139           ASN           82.69           230    230     60     5.629     5.629     2.611     0.4777      0.4777      0.4777      0.1691
140     A         B          140           THR           86.82           230    230     60     5.629     5.629     2.611     0.4843      0.4843      0.4843      0.1737
141     A         B          141           ILE           92.65           230    230     60     5.629     5.629     2.611     0.6153      0.6153      0.6153      0.2628
142     A         B          142           ASN           93.91           230    230     60     5.629     5.629     2.611     0.6614      0.6614      0.6614      0.3026
143     A         B          143           TRP           96.83           230    230     60     5.629     5.629     2.611     0.7769      0.7769      0.7769      0.4386
144     A         B          144           LYS           93.69           230    230     60     5.629     5.629     2.611     0.7303      0.7303      0.7303      0.3763
145     A         B          145           LYS           95.56           230    230     60     5.629     5.629     2.611     0.7103      0.7103      0.7103      0.3531
146     A         B          146           LEU           97.90           230    230     60     5.629     5.629     2.611     0.7936      0.7936      0.7936      0.4582
147     A         B          147           PHE           97.64           230    230     60     5.629     5.629     2.611     0.8000      0.8000      0.8000      0.4702
148     A         B          148           GLY           97.68           230    230     60     5.629     5.629     2.611     0.6236      0.6236      0.6236      0.2703
149     A         B          149           THR           94.19           230    230     60     5.629     5.629     2.611     0.6165      0.6165      0.6165      0.2664
150     A         B          150           SER           91.22           230    230     60     5.629     5.629     2.611     0.5369      0.5369      0.5369      0.2129
151     A         B          151           GLY           92.15           230    230     60     5.629     5.629     2.611     0.6573      0.6573      0.6573      0.3054
152     A         B          152           GLN           96.66           230    230     60     5.629     5.629     2.611     0.7886      0.7886      0.7886      0.4587
153     A         B          153           LYS           93.84           230    230     60     5.629     5.629     2.611     0.7839      0.7839      0.7839      0.4537
154     A         B          154           THR           95.45           230    230     60     5.629     5.629     2.611     0.8206      0.8206      0.8206      0.5129
155     A         B          155           LYS           95.46           230    230     60     5.629     5.629     2.611     0.8401      0.8401      0.8401      0.5463
156     A         B          156           ILE           95.67           230    230     60     5.629     5.629     2.611     0.8354      0.8354      0.8354      0.5391
157     A         B          157           ILE           93.56           230    230     60     5.629     5.629     2.611     0.7343      0.7343      0.7343      0.3944
158     A         B          158           SER           94.52           230    230     60     5.629     5.629     2.611     0.7764      0.7764      0.7764      0.4458
159     A         B          159           ASN           96.84           230    230     60     5.629     5.629     2.611     0.8117      0.8117      0.8117      0.4947
160     A         B          160           ARG           95.65           230    230     60     5.629     5.629     2.611     0.7073      0.7073      0.7073      0.3538
161     A         B          161           GLY           92.45           230    230     60     5.629     5.629     2.611     0.5344      0.5344      0.5344      0.2066
162     A         B          162           GLU           86.48           230    230     60     5.629     5.629     2.611     0.5107      0.5107      0.5107      0.1906
163     A         B          163           ASN           91.87           230    230     60     5.629     5.629     2.611     0.4467      0.4467      0.4467      0.1526
164     A         B          164           SER           92.82           230    230     60     5.629     5.629     2.611     0.4946      0.4946      0.4946      0.1789
165     A         B          165           CYS           94.14           230    230     60     5.629     5.629     2.611     0.5252      0.5252      0.5252      0.1972
166     A         B          166           LYS           91.63           230    230     60     5.629     5.629     2.611     0.4729      0.4729      0.4729      0.1664
167     A         B          167           ALA           92.87           230    230     60     5.629     5.629     2.611     0.3392      0.3392      0.3392      0.1013
168     A         B          168           THR           86.25           230    230     60     5.629     5.629     2.611     0.2435      0.2435      0.2435      0.0655
169     A         B          169           GLY           85.95           230    230     54     5.629     5.629     2.405     0.1506      0.1542      0.1542      0.0323
170     A         B          170           GLN           74.22           230    230      8     5.629     5.629     1.000     0.1058      0.1342      0.1342      0.0049
171     B         A            1           ASN           76.35           230    230     14     5.629     5.629     1.000     0.0853      0.1513      0.1513      0.0056
172     B         A            2           GLU           93.27           230    230    170     5.629     5.629     4.861     0.4359      0.4359      0.4359      0.3675
173     B         A            3           GLU           94.37           230    230    170     5.629     5.629     4.861     0.6363      0.6363      0.6363      0.5681
174     B         A            4           LEU           94.91           230    230    170     5.629     5.629     4.861     0.7176      0.7176      0.7176      0.6564
175     B         A            5           LYS           95.95           230    230    170     5.629     5.629     4.861     0.7399      0.7399      0.7399      0.6813
176     B         A            6           LYS           95.46           230    230    170     5.629     5.629     4.861     0.7277      0.7277      0.7277      0.6673
177     B         A            7           LEU           95.91           230    230    170     5.629     5.629     4.861     0.8108      0.8108      0.8108      0.7628
178     B         A            8           THR           96.35           230    230    170     5.629     5.629     4.861     0.8061      0.8061      0.8061      0.7573
179     B         A            9           ASN           95.69           230    230    170     5.629     5.629     4.861     0.7883      0.7883      0.7883      0.7367
180     B         A           10           GLU           96.05           230    230    170     5.629     5.629     4.861     0.7988      0.7988      0.7988      0.7486
181     B         A           11           ILE           96.66           230    230    170     5.629     5.629     4.861     0.8410      0.8410      0.8410      0.7988
182     B         A           12           ASN           93.91           230    230    170     5.629     5.629     4.861     0.8122      0.8122      0.8122      0.7647
183     B         A           13           ARG           94.82           230    230    170     5.629     5.629     4.861     0.7972      0.7972      0.7972      0.7469
184     B         A           14           LYS           96.19           230    230    170     5.629     5.629     4.861     0.8172      0.8172      0.8172      0.7704
185     B         A           15           ILE           95.22           230    230    170     5.629     5.629     4.861     0.8330      0.8330      0.8330      0.7892
186     B         A           16           VAL           92.70           230    230    170     5.629     5.629     4.861     0.7926      0.7926      0.7926      0.7417
187     B         A           17           GLU           94.33           230    230    170     5.629     5.629     4.861     0.7994      0.7994      0.7994      0.7496
188     B         A           18           LYS           94.87           230    230    170     5.629     5.629     4.861     0.8029      0.8029      0.8029      0.7537
189     B         A           19           LEU           92.72           230    230    170     5.629     5.629     4.861     0.8001      0.8001      0.8001      0.7506
190     B         A           20           HIS           92.08           230    230    170     5.629     5.629     4.861     0.7573      0.7573      0.7573      0.7010
191     B         A           21           SER           92.46           230    230    170     5.629     5.629     4.861     0.6668      0.6668      0.6668      0.6015
192     B         A           22           GLU           89.17           230    230    170     5.629     5.629     4.861     0.6367      0.6367      0.6367      0.5696
193     B         A           23           GLY           88.41           230    230    170     5.629     5.629     4.861     0.5458      0.5458      0.5458      0.4764
194     B         A           24           HIS           90.34           230    230    170     5.629     5.629     4.861     0.6481      0.6481      0.6481      0.5818
195     B         A           25           THR           81.55           230    230    170     5.629     5.629     4.861     0.4640      0.4640      0.4640      0.3974
196     B         A           26           GLY           83.65           230    230    170     5.629     5.629     4.861     0.4535      0.4535      0.4535      0.3873
197     B         A           27           GLU           84.03           230    230    170     5.629     5.629     4.861     0.4803      0.4803      0.4803      0.4121
198     B         A           28           ILE           84.83           230    230    170     5.629     5.629     4.861     0.4943      0.4943      0.4943      0.4249
199     B         A           29           VAL           84.24           230    230    170     5.629     5.629     4.861     0.4779      0.4779      0.4779      0.4089
200     B         A           30           ASP           89.61           230    230    170     5.629     5.629     4.861     0.5410      0.5410      0.5410      0.4705
201     B         A           31           ASP           86.56           230    230    170     5.629     5.629     4.861     0.5286      0.5286      0.5286      0.4581
202     B         A           32           THR           93.90           230    230    170     5.629     5.629     4.861     0.6088      0.6088      0.6088      0.5399
203     B         A           33           ALA           90.85           230    230    170     5.629     5.629     4.861     0.5297      0.5297      0.5297      0.4595
204     B         A           34           GLY           90.69           230    230    170     5.629     5.629     4.861     0.5581      0.5581      0.5581      0.4891
205     B         A           35           LYS           92.80           230    230    170     5.629     5.629     4.861     0.7120      0.7120      0.7120      0.6512
206     B         A           36           SER           92.60           230    230    170     5.629     5.629     4.861     0.7454      0.7454      0.7454      0.6881
207     B         A           37           ASP           94.57           230    230    170     5.629     5.629     4.861     0.7770      0.7770      0.7770      0.7240
208     B         A           38           ARG           93.85           230    230    170     5.629     5.629     4.861     0.7988      0.7988      0.7988      0.7491
209     B         A           39           GLU           93.15           230    230    170     5.629     5.629     4.861     0.8201      0.8201      0.8201      0.7742
210     B         A           40           VAL           96.19           230    230    170     5.629     5.629     4.861     0.8335      0.8335      0.8335      0.7900
211     B         A           41           GLU           95.04           230    230    170     5.629     5.629     4.861     0.8274      0.8274      0.8274      0.7828
212     B         A           42           ALA           93.44           230    230    170     5.629     5.629     4.861     0.8232      0.8232      0.8232      0.7778
213     B         A           43           ASP           93.05           230    230    170     5.629     5.629     4.861     0.8167      0.8167      0.8167      0.7704
214     B         A           44           LEU           95.25           230    230    170     5.629     5.629     4.861     0.8386      0.8386      0.8386      0.7961
215     B         A           45           PRO           92.92           230    230    170     5.629     5.629     4.861     0.8199      0.8199      0.8199      0.7738
216     B         A           46           LEU           94.25           230    230    170     5.629     5.629     4.861     0.8422      0.8422      0.8422      0.8004
217     B         A           47           LEU           95.50           230    230    170     5.629     5.629     4.861     0.8667      0.8667      0.8667      0.8300
218     B         A           48           LYS           95.50           230    230    170     5.629     5.629     4.861     0.8597      0.8597      0.8597      0.8215
219     B         A           49           GLN           94.92           230    230    170     5.629     5.629     4.861     0.8441      0.8441      0.8441      0.8025
220     B         A           50           ILE           95.12           230    230    170     5.629     5.629     4.861     0.8628      0.8628      0.8628      0.8253
221     B         A           51           ALA           96.84           230    230    170     5.629     5.629     4.861     0.8572      0.8572      0.8572      0.8184
222     B         A           52           LYS           94.94           230    230    170     5.629     5.629     4.861     0.8119      0.8119      0.8119      0.7642
223     B         A           53           ASP           94.91           230    230    170     5.629     5.629     4.861     0.8170      0.8170      0.8170      0.7703
224     B         A           54           LEU           95.17           230    230    170     5.629     5.629     4.861     0.8208      0.8208      0.8208      0.7747
225     B         A           55           GLY           95.76           230    230    170     5.629     5.629     4.861     0.7515      0.7515      0.7515      0.6947
226     B         A           56           ILE           95.07           230    230    170     5.629     5.629     4.861     0.7305      0.7305      0.7305      0.6711
227     B         A           57           GLU           93.45           230    230    170     5.629     5.629     4.861     0.4845      0.4845      0.4845      0.4153
228     B         A           58           ILE           91.72           230    230    170     5.629     5.629     4.861     0.3445      0.3445      0.3445      0.2833
229     B         A           59           PRO           83.42           230    230    168     5.629     5.629     4.832     0.2234      0.2247      0.2247      0.1773
230     B         A           60           GLU           75.34           230    230      3     5.629     5.629     1.000     0.0744      0.1344      0.1344      0.0049
