i   AlignChn ScoredChain  AlignResNum  AlignResType  AlignRespLDDT      n0chn  n0dom  n0res    d0chn     d0dom     d0res   ipTM_pae  ipSAE_d0chn ipSAE_d0dom    ipSAE 
1       A         B            1           LYS           94.46           230    230     60     5.629     5.629     2.611     0.3559      0.3559      0.3559      0.1074
2       A         B            2           VAL           98.23           230    230     60     5.629     5.629     2.611     0.7445      0.7445      0.7445      0.3911
3       A         B            3           CYS           98.47           230    230     60     5.629     5.629     2.611     0.7988      0.7988      0.7988      0.4686
4       A         B            4           ASN           98.34           230    230     60     5.629     5.629     2.611     0.8182      0.8182      0.8182      0.5002
5       A         B            5           GLY           98.84           230    230     60     5.629     5.629     2.611     0.7835      0.7835      0.7835      0.4523
6       A         B            6           ILE           98.32           230    230     60     5.629     5.629     2.611     0.8067      0.8067      0.8067      0.4874
7       A         B            7           GLY           95.93           230    230     60     5.629     5.629     2.611     0.6878      0.6878      0.6878      0.3343
8       A         B            8           ILE           94.70           230    230     60     5.629     5.629     2.611     0.6915      0.6915      0.6915      0.3380
9       A         B            9           GLY           96.67           230    230     60     5.629     5.629     2.611     0.6147      0.6147      0.6147      0.2607
10      A         B           10           GLU           93.94           230    230     60     5.629     5.629     2.611     0.5658      0.5658      0.5658      0.2285
11      A         B           11           PHE           97.55           230    230     60     5.629     5.629     2.611     0.7236      0.7236      0.7236      0.3732
12      A         B           12           LYS           94.69           230    230     60     5.629     5.629     2.611     0.6705      0.6705      0.6705      0.3231
13      A         B           13           ASP           92.39           230    230     60     5.629     5.629     2.611     0.6364      0.6364      0.6364      0.2959
14      A         B           14           SER           96.75           230    230     60     5.629     5.629     2.611     0.7620      0.7620      0.7620      0.4283
15      A         B           15           LEU           97.09           230    230     60     5.629     5.629     2.611     0.8081      0.8081      0.8081      0.4922
16      A         B           16           SER           98.39           230    230     60     5.629     5.629     2.611     0.8378      0.8378      0.8378      0.5450
17      A         B           17           ILE           98.54           230    230     60     5.629     5.629     2.611     0.8472      0.8472      0.8472      0.5561
18      A         B           18           ASN           98.55           230    230     60     5.629     5.629     2.611     0.8250      0.8250      0.8250      0.5146
19      A         B           19           ALA           98.63           230    230     60     5.629     5.629     2.611     0.8120      0.8120      0.8120      0.4932
20      A         B           20           THR           97.20           230    230     60     5.629     5.629     2.611     0.7069      0.7069      0.7069      0.3541
21      A         B           21           ASN           98.16           230    230     60     5.629     5.629     2.611     0.8046      0.8046      0.8046      0.4813
22      A         B           22           ILE           98.42           230    230     60     5.629     5.629     2.611     0.7980      0.7980      0.7980      0.4708
23      A         B           23           LYS           96.65           230    230     60     5.629     5.629     2.611     0.6986      0.6986      0.6986      0.3437
24      A         B           24           HIS           96.60           230    230     60     5.629     5.629     2.611     0.6695      0.6695      0.6695      0.3116
25      A         B           25           PHE           98.54           230    230     60     5.629     5.629     2.611     0.7941      0.7941      0.7941      0.4623
26      A         B           26           LYS           98.08           230    230     60     5.629     5.629     2.611     0.7537      0.7537      0.7537      0.4071
27      A         B           27           ASN           97.45           230    230     60     5.629     5.629     2.611     0.6651      0.6651      0.6651      0.3040
28      A         B           28           CYS           98.76           230    230     60     5.629     5.629     2.611     0.7739      0.7739      0.7739      0.4296
29      A         B           29           THR           98.85           230    230     60     5.629     5.629     2.611     0.7801      0.7801      0.7801      0.4371
30      A         B           30           SER           98.71           230    230     60     5.629     5.629     2.611     0.8191      0.8191      0.8191      0.4985
31      A         B           31           ILE           98.91           230    230     60     5.629     5.629     2.611     0.8572      0.8572      0.8572      0.5700
32      A         B           32           SER           98.52           230    230     60     5.629     5.629     2.611     0.8215      0.8215      0.8215      0.5036
33      A         B           33           GLY           98.72           230    230     60     5.629     5.629     2.611     0.8338      0.8338      0.8338      0.5294
34      A         B           34           ASP           98.27           230    230     60     5.629     5.629     2.611     0.8472      0.8472      0.8472      0.5543
35      A         B           35           LEU           98.76           230    230     60     5.629     5.629     2.611     0.8487      0.8487      0.8487      0.5581
36      A         B           36           HIS           97.39           230    230     60     5.629     5.629     2.611     0.8026      0.8026      0.8026      0.4805
37      A         B           37           ILE           98.80           230    230     60     5.629     5.629     2.611     0.8902      0.8902      0.8902      0.6484
38      A         B           38           LEU           98.13           230    230     60     5.629     5.629     2.611     0.8848      0.8848      0.8848      0.6371
39      A         B           39           PRO           96.59           230    230     60     5.629     5.629     2.611     0.8559      0.8559      0.8559      0.5759
40      A         B           40           VAL           96.26           230    230     60     5.629     5.629     2.611     0.8359      0.8359      0.8359      0.5397
41      A         B           41           ALA           98.44           230    230     60     5.629     5.629     2.611     0.8395      0.8395      0.8395      0.5453
42      A         B           42           PHE           98.21           230    230     60     5.629     5.629     2.611     0.8192      0.8192      0.8192      0.5086
43      A         B           43           ARG           96.45           230    230     60     5.629     5.629     2.611     0.6619      0.6619      0.6619      0.3092
44      A         B           44           GLY           98.32           230    230     60     5.629     5.629     2.611     0.6177      0.6177      0.6177      0.2719
45      A         B           45           ASP           97.04           230    230     60     5.629     5.629     2.611     0.5981      0.5981      0.5981      0.2592
46      A         B           46           SER           95.33           230    230     60     5.629     5.629     2.611     0.5022      0.5022      0.5022      0.1892
47      A         B           47           PHE           94.79           230    230     60     5.629     5.629     2.611     0.5802      0.5802      0.5802      0.2460
48      A         B           48           THR           96.30           230    230     60     5.629     5.629     2.611     0.6106      0.6106      0.6106      0.2680
49      A         B           49           HIS           97.12           230    230     60     5.629     5.629     2.611     0.5841      0.5841      0.5841      0.2469
50      A         B           50           THR           97.99           230    230     60     5.629     5.629     2.611     0.6786      0.6786      0.6786      0.3284
51      A         B           51           PRO           98.42           230    230     60     5.629     5.629     2.611     0.6847      0.6847      0.6847      0.3308
52      A         B           52           PRO           98.42           230    230     60     5.629     5.629     2.611     0.7531      0.7531      0.7531      0.4083
53      A         B           53           LEU           98.76           230    230     60     5.629     5.629     2.611     0.8092      0.8092      0.8092      0.4892
54      A         B           54           ASP           98.32           230    230     60     5.629     5.629     2.611     0.7579      0.7579      0.7579      0.4124
55      A         B           55           PRO           97.12           230    230     60     5.629     5.629     2.611     0.6963      0.6963      0.6963      0.3383
56      A         B           56           GLN           97.38           230    230     60     5.629     5.629     2.611     0.6733      0.6733      0.6733      0.3147
57      A         B           57           GLU           98.22           230    230     60     5.629     5.629     2.611     0.7713      0.7713      0.7713      0.4268
58      A         B           58           LEU           98.39           230    230     60     5.629     5.629     2.611     0.8025      0.8025      0.8025      0.4741
59      A         B           59           ASP           97.93           230    230     60     5.629     5.629     2.611     0.7728      0.7728      0.7728      0.4305
60      A         B           60           ILE           98.39           230    230     60     5.629     5.629     2.611     0.7934      0.7934      0.7934      0.4587
61      A         B           61           LEU           98.85           230    230     60     5.629     5.629     2.611     0.8399      0.8399      0.8399      0.5378
62      A         B           62           LYS           98.45           230    230     60     5.629     5.629     2.611     0.8016      0.8016      0.8016      0.4724
63      A         B           63           THR           98.67           230    230     60     5.629     5.629     2.611     0.7714      0.7714      0.7714      0.4261
64      A         B           64           VAL           98.92           230    230     60     5.629     5.629     2.611     0.8485      0.8485      0.8485      0.5530
65      A         B           65           LYS           98.92           230    230     60     5.629     5.629     2.611     0.8129      0.8129      0.8129      0.4881
66      A         B           66           GLU           98.88           230    230     60     5.629     5.629     2.611     0.8529      0.8529      0.8529      0.5599
67      A         B           67           ILE           98.97           230    230     60     5.629     5.629     2.611     0.8892      0.8892      0.8892      0.6406
68      A         B           68           THR           98.86           230    230     60     5.629     5.629     2.611     0.8633      0.8633      0.8633      0.5819
69      A         B           69           GLY           98.87           230    230     60     5.629     5.629     2.611     0.8632      0.8632      0.8632      0.5852
70      A         B           70           PHE           98.54           230    230     60     5.629     5.629     2.611     0.8886      0.8886      0.8886      0.6406
71      A         B           71           LEU           98.97           230    230     60     5.629     5.629     2.611     0.9076      0.9076      0.9076      0.6886
72      A         B           72           LEU           98.37           230    230     60     5.629     5.629     2.611     0.9001      0.9001      0.9001      0.6710
73      A         B           73           ILE           98.84           230    230     60     5.629     5.629     2.611     0.9062      0.9062      0.9062      0.6871
74      A         B           74           GLN           97.38           230    230     60     5.629     5.629     2.611     0.8584      0.8584      0.8584      0.5800
75      A         B           75           ALA           98.08           230    230     60     5.629     5.629     2.611     0.8716      0.8716      0.8716      0.6091
76      A         B           76           TRP           98.57           230    230     60     5.629     5.629     2.611     0.8573      0.8573      0.8573      0.5784
77      A         B           77           PRO           97.45           230    230     60     5.629     5.629     2.611     0.7725      0.7725      0.7725      0.4329
78      A         B           78           GLU           91.20           230    230     60     5.629     5.629     2.611     0.5640      0.5640      0.5640      0.2270
79      A         B           79           ASN           92.60           230    230     60     5.629     5.629     2.611     0.4816      0.4816      0.4816      0.1723
80      A         B           80           ARG           96.48           230    230     60     5.629     5.629     2.611     0.6821      0.6821      0.6821      0.3229
81      A         B           81           THR           95.40           230    230     60     5.629     5.629     2.611     0.6486      0.6486      0.6486      0.2914
82      A         B           82           ASP           96.51           230    230     60     5.629     5.629     2.611     0.7297      0.7297      0.7297      0.3747
83      A         B           83           LEU           98.54           230    230     60     5.629     5.629     2.611     0.8099      0.8099      0.8099      0.4875
84      A         B           84           HIS           95.03           230    230     60     5.629     5.629     2.611     0.6353      0.6353      0.6353      0.2814
85      A         B           85           ALA           98.17           230    230     60     5.629     5.629     2.611     0.7478      0.7478      0.7478      0.3964
86      A         B           86           PHE           98.91           230    230     60     5.629     5.629     2.611     0.8463      0.8463      0.8463      0.5504
87      A         B           87           GLU           97.80           230    230     60     5.629     5.629     2.611     0.7678      0.7678      0.7678      0.4233
88      A         B           88           ASN           98.84           230    230     60     5.629     5.629     2.611     0.8219      0.8219      0.8219      0.5039
89      A         B           89           LEU           98.96           230    230     60     5.629     5.629     2.611     0.8664      0.8664      0.8664      0.5897
90      A         B           90           GLU           98.90           230    230     60     5.629     5.629     2.611     0.8366      0.8366      0.8366      0.5300
91      A         B           91           ILE           98.89           230    230     60     5.629     5.629     2.611     0.8538      0.8538      0.8538      0.5621
92      A         B           92           ILE           98.97           230    230     60     5.629     5.629     2.611     0.8874      0.8874      0.8874      0.6364
93      A         B           93           ARG           98.88           230    230     60     5.629     5.629     2.611     0.8437      0.8437      0.8437      0.5423
94      A         B           94           GLY           98.31           230    230     60     5.629     5.629     2.611     0.8273      0.8273      0.8273      0.5133
95      A         B           95           ARG           97.75           230    230     60     5.629     5.629     2.611     0.7699      0.7699      0.7699      0.4233
96      A         B           96           THR           95.96           230    230     60     5.629     5.629     2.611     0.8412      0.8412      0.8412      0.5402
97      A         B           97           LYS           94.10           230    230     60     5.629     5.629     2.611     0.8489      0.8489      0.8489      0.5566
98      A         B           98           GLN           95.29           230    230     60     5.629     5.629     2.611     0.8216      0.8216      0.8216      0.5073
99      A         B           99           HIS           91.49           230    230     60     5.629     5.629     2.611     0.8010      0.8010      0.8010      0.4730
100     A         B          100           GLY           91.43           230    230     60     5.629     5.629     2.611     0.8051      0.8051      0.8051      0.4804
101     A         B          101           GLN           93.09           230    230     60     5.629     5.629     2.611     0.8027      0.8027      0.8027      0.4757
102     A         B          102           PHE           97.05           230    230     60     5.629     5.629     2.611     0.8963      0.8963      0.8963      0.6602
103     A         B          103           SER           98.09           230    230     60     5.629     5.629     2.611     0.8820      0.8820      0.8820      0.6264
104     A         B          104           LEU           98.79           230    230     60     5.629     5.629     2.611     0.9075      0.9075      0.9075      0.6895
105     A         B          105           ALA           98.23           230    230     60     5.629     5.629     2.611     0.9016      0.9016      0.9016      0.6756
106     A         B          106           VAL           98.54           230    230     60     5.629     5.629     2.611     0.9043      0.9043      0.9043      0.6828
107     A         B          107           VAL           97.33           230    230     60     5.629     5.629     2.611     0.8673      0.8673      0.8673      0.5986
108     A         B          108           SER           96.08           230    230     60     5.629     5.629     2.611     0.8547      0.8547      0.8547      0.5729
109     A         B          109           LEU           98.25           230    230     60     5.629     5.629     2.611     0.8793      0.8793      0.8793      0.6256
110     A         B          110           ASN           96.68           230    230     60     5.629     5.629     2.611     0.8330      0.8330      0.8330      0.5332
111     A         B          111           ILE           97.65           230    230     60     5.629     5.629     2.611     0.8506      0.8506      0.8506      0.5630
112     A         B          112           THR           95.05           230    230     60     5.629     5.629     2.611     0.8171      0.8171      0.8171      0.4998
113     A         B          113           SER           94.72           230    230     60     5.629     5.629     2.611     0.7506      0.7506      0.7506      0.4006
114     A         B          114           LEU           97.53           230    230     60     5.629     5.629     2.611     0.8111      0.8111      0.8111      0.4905
115     A         B          115           GLY           95.88           230    230     60     5.629     5.629     2.611     0.7004      0.7004      0.7004      0.3444
116     A         B          116           LEU           97.22           230    230     60     5.629     5.629     2.611     0.7711      0.7711      0.7711      0.4275
117     A         B          117           ARG           92.55           230    230     60     5.629     5.629     2.611     0.6047      0.6047      0.6047      0.2554
118     A         B          118           SER           98.10           230    230     60     5.629     5.629     2.611     0.7707      0.7707      0.7707      0.4241
119     A         B          119           LEU           97.61           230    230     60     5.629     5.629     2.611     0.8196      0.8196      0.8196      0.5008
120     A         B          120           LYS           95.31           230    230     60     5.629     5.629     2.611     0.5848      0.5848      0.5848      0.2368
121     A         B          121           GLU           98.43           230    230     60     5.629     5.629     2.611     0.8305      0.8305      0.8305      0.5179
122     A         B          122           ILE           98.74           230    230     60     5.629     5.629     2.611     0.8720      0.8720      0.8720      0.6017
123     A         B          123           SER           98.74           230    230     60     5.629     5.629     2.611     0.8252      0.8252      0.8252      0.5095
124     A         B          124           ASP           97.09           230    230     60     5.629     5.629     2.611     0.8498      0.8498      0.8498      0.5567
125     A         B          125           GLY           97.12           230    230     60     5.629     5.629     2.611     0.8376      0.8376      0.8376      0.5375
126     A         B          126           ASP           96.87           230    230     60     5.629     5.629     2.611     0.8765      0.8765      0.8765      0.6159
127     A         B          127           VAL           97.99           230    230     60     5.629     5.629     2.611     0.8966      0.8966      0.8966      0.6627
128     A         B          128           ILE           97.52           230    230     60     5.629     5.629     2.611     0.8952      0.8952      0.8952      0.6600
129     A         B          129           ILE           98.04           230    230     60     5.629     5.629     2.611     0.9008      0.9008      0.9008      0.6739
130     A         B          130           SER           95.92           230    230     60     5.629     5.629     2.611     0.8113      0.8113      0.8113      0.4988
131     A         B          131           GLY           96.94           230    230     60     5.629     5.629     2.611     0.8325      0.8325      0.8325      0.5359
132     A         B          132           ASN           97.88           230    230     60     5.629     5.629     2.611     0.8615      0.8615      0.8615      0.5864
133     A         B          133           LYS           95.20           230    230     60     5.629     5.629     2.611     0.8044      0.8044      0.8044      0.4855
134     A         B          134           ASN           95.98           230    230     60     5.629     5.629     2.611     0.8199      0.8199      0.8199      0.5076
135     A         B          135           LEU           97.57           230    230     60     5.629     5.629     2.611     0.8287      0.8287      0.8287      0.5218
136     A         B          136           CYS           95.68           230    230     60     5.629     5.629     2.611     0.6775      0.6775      0.6775      0.3217
137     A         B          137           TYR           89.74           230    230     60     5.629     5.629     2.611     0.4794      0.4794      0.4794      0.1695
138     A         B          138           ALA           93.06           230    230     60     5.629     5.629     2.611     0.5551      0.5551      0.5551      0.2186
139     A         B          139           ASN           81.85           230    230     60     5.629     5.629     2.611     0.4741      0.4741      0.4741      0.1671
140     A         B          140           THR           84.95           230    230     60     5.629     5.629     2.611     0.4846      0.4846      0.4846      0.1741
141     A         B          141           ILE           90.40           230    230     60     5.629     5.629     2.611     0.5948      0.5948      0.5948      0.2471
142     A         B          142           ASN           92.50           230    230     60     5.629     5.629     2.611     0.6273      0.6273      0.6273      0.2730
143     A         B          143           TRP           96.39           230    230     60     5.629     5.629     2.611     0.7641      0.7641      0.7641      0.4206
144     A         B          144           LYS           92.97           230    230     60     5.629     5.629     2.611     0.7103      0.7103      0.7103      0.3541
145     A         B          145           LYS           94.78           230    230     60     5.629     5.629     2.611     0.6773      0.6773      0.6773      0.3192
146     A         B          146           LEU           97.63           230    230     60     5.629     5.629     2.611     0.7898      0.7898      0.7898      0.4525
147     A         B          147           PHE           97.52           230    230     60     5.629     5.629     2.611     0.7982      0.7982      0.7982      0.4672
148     A         B          148           GLY           97.68           230    230     60     5.629     5.629     2.611     0.5975      0.5975      0.5975      0.2495
149     A         B          149           THR           93.61           230    230     60     5.629     5.629     2.611     0.6025      0.6025      0.6025      0.2554
150     A         B          150           SER           90.47           230    230     60     5.629     5.629     2.611     0.5065      0.5065      0.5065      0.1929
151     A         B          151           GLY           92.24           230    230     60     5.629     5.629     2.611     0.6469      0.6469      0.6469      0.2958
152     A         B          152           GLN           96.50           230    230     60     5.629     5.629     2.611     0.7872      0.7872      0.7872      0.4566
153     A         B          153           LYS           93.55           230    230     60     5.629     5.629     2.611     0.7703      0.7703      0.7703      0.4357
154     A         B          154           THR           95.09           230    230     60     5.629     5.629     2.611     0.8187      0.8187      0.8187      0.5099
155     A         B          155           LYS           95.60           230    230     60     5.629     5.629     2.611     0.8457      0.8457      0.8457      0.5574
156     A         B          156           ILE           95.31           230    230     60     5.629     5.629     2.611     0.8407      0.8407      0.8407      0.5494
157     A         B          157           ILE           93.90           230    230     60     5.629     5.629     2.611     0.7506      0.7506      0.7506      0.4162
158     A         B          158           SER           95.23           230    230     60     5.629     5.629     2.611     0.7891      0.7891      0.7891      0.4660
159     A         B          159           ASN           96.89           230    230     60     5.629     5.629     2.611     0.8215      0.8215      0.8215      0.5111
160     A         B          160           ARG           95.20           230    230     60     5.629     5.629     2.611     0.7124      0.7124      0.7124      0.3602
161     A         B          161           GLY           92.21           230    230     60     5.629     5.629     2.611     0.5374      0.5374      0.5374      0.2092
162     A         B          162           GLU           86.05           230    230     60     5.629     5.629     2.611     0.5232      0.5232      0.5232      0.1988
163     A         B          163           ASN           91.67           230    230     60     5.629     5.629     2.611     0.4595      0.4595      0.4595      0.1597
164     A         B          164           SER           92.46           230    230     60     5.629     5.629     2.611     0.5031      0.5031      0.5031      0.1842
165     A         B          165           CYS           93.78           230    230     60     5.629     5.629     2.611     0.5432      0.5432      0.5432      0.2090
166     A         B          166           LYS           91.15           230    230     60     5.629     5.629     2.611     0.4891      0.4891      0.4891      0.1757
167     A         B          167           ALA           92.37           230    230     60     5.629     5.629     2.611     0.3445      0.3445      0.3445      0.1036
168     A         B          168           THR           84.88           230    230     60     5.629     5.629     2.611     0.2440      0.2440      0.2440      0.0657
169     A         B          169           GLY           85.07           230    230     47     5.629     5.629     2.137     0.1456      0.1533      0.1533      0.0255
170     A         B          170           GLN           71.45           230    230      5     5.629     5.629     1.000     0.1008      0.1328      0.1328      0.0048
171     B         A            1           ASN           76.51           230    230     15     5.629     5.629     1.000     0.0873      0.1565      0.1565      0.0059
172     B         A            2           GLU           92.74           230    230    170     5.629     5.629     4.861     0.4301      0.4301      0.4301      0.3620
173     B         A            3           GLU           93.80           230    230    170     5.629     5.629     4.861     0.5973      0.5973      0.5973      0.5273
174     B         A            4           LEU           94.19           230    230    170     5.629     5.629     4.861     0.6972      0.6972      0.6972      0.6341
175     B         A            5           LYS           95.78           230    230    170     5.629     5.629     4.861     0.7319      0.7319      0.7319      0.6724
176     B         A            6           LYS           95.41           230    230    170     5.629     5.629     4.861     0.7305      0.7305      0.7305      0.6707
177     B         A            7           LEU           95.82           230    230    170     5.629     5.629     4.861     0.8170      0.8170      0.8170      0.7702
178     B         A            8           THR           96.26           230    230    170     5.629     5.629     4.861     0.8169      0.8169      0.8169      0.7702
179     B         A            9           ASN           95.39           230    230    170     5.629     5.629     4.861     0.8074      0.8074      0.8074      0.7590
180     B         A           10           GLU           95.97           230    230    170     5.629     5.629     4.861     0.8108      0.8108      0.8108      0.7628
181     B         A           11           ILE           96.65           230    230    170     5.629     5.629     4.861     0.8502      0.8502      0.8502      0.8099
182     B         A           12           ASN           94.05           230    230    170     5.629     5.629     4.861     0.8249      0.8249      0.8249      0.7797
183     B         A           13           ARG           94.53           230    230    170     5.629     5.629     4.861     0.8088      0.8088      0.8088      0.7605
184     B         A           14           LYS           96.12           230    230    170     5.629     5.629     4.861     0.8245      0.8245      0.8245      0.7791
185     B         A           15           ILE           95.42           230    230    170     5.629     5.629     4.861     0.8448      0.8448      0.8448      0.8035
186     B         A           16           VAL           92.63           230    230    170     5.629     5.629     4.861     0.8004      0.8004      0.8004      0.7509
187     B         A           17           GLU           94.33           230    230    170     5.629     5.629     4.861     0.8074      0.8074      0.8074      0.7589
188     B         A           18           LYS           95.18           230    230    170     5.629     5.629     4.861     0.8091      0.8091      0.8091      0.7610
189     B         A           19           LEU           93.12           230    230    170     5.629     5.629     4.861     0.8081      0.8081      0.8081      0.7600
190     B         A           20           HIS           92.02           230    230    170     5.629     5.629     4.861     0.7623      0.7623      0.7623      0.7068
191     B         A           21           SER           92.48           230    230    170     5.629     5.629     4.861     0.6695      0.6695      0.6695      0.6043
192     B         A           22           GLU           89.29           230    230    170     5.629     5.629     4.861     0.6468      0.6468      0.6468      0.5803
193     B         A           23           GLY           88.43           230    230    170     5.629     5.629     4.861     0.5395      0.5395      0.5395      0.4700
194     B         A           24           HIS           90.22           230    230    170     5.629     5.629     4.861     0.6438      0.6438      0.6438      0.5772
195     B         A           25           THR           81.46           230    230    170     5.629     5.629     4.861     0.4541      0.4541      0.4541      0.3878
196     B         A           26           GLY           83.09           230    230    170     5.629     5.629     4.861     0.4377      0.4377      0.4377      0.3722
197     B         A           27           GLU           83.08           230    230    170     5.629     5.629     4.861     0.4461      0.4461      0.4461      0.3793
198     B         A           28           ILE           83.96           230    230    170     5.629     5.629     4.861     0.4601      0.4601      0.4601      0.3917
199     B         A           29           VAL           81.86           230    230    170     5.629     5.629     4.861     0.4307      0.4307      0.4307      0.3637
200     B         A           30           ASP           88.93           230    230    170     5.629     5.629     4.861     0.5270      0.5270      0.5270      0.4564
201     B         A           31           ASP           86.15           230    230    170     5.629     5.629     4.861     0.5099      0.5099      0.5099      0.4398
202     B         A           32           THR           93.70           230    230    170     5.629     5.629     4.861     0.5937      0.5937      0.5937      0.5242
203     B         A           33           ALA           90.13           230    230    170     5.629     5.629     4.861     0.5121      0.5121      0.5121      0.4420
204     B         A           34           GLY           91.08           230    230    170     5.629     5.629     4.861     0.5413      0.5413      0.5413      0.4724
205     B         A           35           LYS           92.88           230    230    170     5.629     5.629     4.861     0.7107      0.7107      0.7107      0.6498
206     B         A           36           SER           92.98           230    230    170     5.629     5.629     4.861     0.7422      0.7422      0.7422      0.6847
207     B         A           37           ASP           94.59           230    230    170     5.629     5.629     4.861     0.7777      0.7777      0.7777      0.7250
208     B         A           38           ARG           94.24           230    230    170     5.629     5.629     4.861     0.8084      0.8084      0.8084      0.7604
209     B         A           39           GLU           93.82           230    230    170     5.629     5.629     4.861     0.8293      0.8293      0.8293      0.7852
210     B         A           40           VAL           96.25           230    230    170     5.629     5.629     4.861     0.8398      0.8398      0.8398      0.7977
211     B         A           41           GLU           95.30           230    230    170     5.629     5.629     4.861     0.8343      0.8343      0.8343      0.7910
212     B         A           42           ALA           94.39           230    230    170     5.629     5.629     4.861     0.8353      0.8353      0.8353      0.7923
213     B         A           43           ASP           93.26           230    230    170     5.629     5.629     4.861     0.8219      0.8219      0.8219      0.7767
214     B         A           44           LEU           95.31           230    230    170     5.629     5.629     4.861     0.8453      0.8453      0.8453      0.8042
215     B         A           45           PRO           93.67           230    230    170     5.629     5.629     4.861     0.8348      0.8348      0.8348      0.7915
216     B         A           46           LEU           95.03           230    230    170     5.629     5.629     4.861     0.8611      0.8611      0.8611      0.8232
217     B         A           47           LEU           95.60           230    230    170     5.629     5.629     4.861     0.8775      0.8775      0.8775      0.8433
218     B         A           48           LYS           95.91           230    230    170     5.629     5.629     4.861     0.8699      0.8699      0.8699      0.8340
219     B         A           49           GLN           95.92           230    230    170     5.629     5.629     4.861     0.8638      0.8638      0.8638      0.8264
220     B         A           50           ILE           95.66           230    230    170     5.629     5.629     4.861     0.8790      0.8790      0.8790      0.8451
221     B         A           51           ALA           97.24           230    230    170     5.629     5.629     4.861     0.8692      0.8692      0.8692      0.8330
222     B         A           52           LYS           95.74           230    230    170     5.629     5.629     4.861     0.8247      0.8247      0.8247      0.7794
223     B         A           53           ASP           95.86           230    230    170     5.629     5.629     4.861     0.8336      0.8336      0.8336      0.7900
224     B         A           54           LEU           95.67           230    230    170     5.629     5.629     4.861     0.8345      0.8345      0.8345      0.7911
225     B         A           55           GLY           96.45           230    230    170     5.629     5.629     4.861     0.7608      0.7608      0.7608      0.7054
226     B         A           56           ILE           95.66           230    230    170     5.629     5.629     4.861     0.7303      0.7303      0.7303      0.6710
227     B         A           57           GLU           93.33           230    230    170     5.629     5.629     4.861     0.4763      0.4763      0.4763      0.4074
228     B         A           58           ILE           91.86           230    230    170     5.629     5.629     4.861     0.3725      0.3725      0.3725      0.3090
229     B         A           59           PRO           83.50           230    230    169     5.629     5.629     4.847     0.2296      0.2303      0.2303      0.1829
230     B         A           60           GLU           74.37           230    230     18     5.629     5.629     1.000     0.0879      0.1405      0.1405      0.0051
