i   AlignChn ScoredChain  AlignResNum  AlignResType  AlignRespLDDT      n0chn  n0dom  n0res    d0chn     d0dom     d0res   ipTM_pae  ipSAE_d0chn ipSAE_d0dom    ipSAE 
1       A         B            1           LYS           91.42           230    229     60     5.629     5.617     2.611     0.3513      0.3513      0.3504      0.1059
2       A         B            2           VAL           97.70           230    229     60     5.629     5.617     2.611     0.7579      0.7579      0.7572      0.4108
3       A         B            3           CYS           98.00           230    229     60     5.629     5.617     2.611     0.8537      0.8537      0.8532      0.5650
4       A         B            4           ASN           97.73           230    229     60     5.629     5.617     2.611     0.8781      0.8781      0.8777      0.6151
5       A         B            5           GLY           98.63           230    229     60     5.629     5.617     2.611     0.8461      0.8461      0.8456      0.5576
6       A         B            6           ILE           97.62           230    229     60     5.629     5.617     2.611     0.8680      0.8680      0.8676      0.5999
7       A         B            7           GLY           94.89           230    229     60     5.629     5.617     2.611     0.7230      0.7230      0.7222      0.3768
8       A         B            8           ILE           91.32           230    229     60     5.629     5.617     2.611     0.7094      0.7094      0.7086      0.3610
9       A         B            9           GLY           94.98           230    229     60     5.629     5.617     2.611     0.6399      0.6399      0.6390      0.2839
10      A         B           10           GLU           92.12           230    229     60     5.629     5.617     2.611     0.6248      0.6248      0.6238      0.2771
11      A         B           11           PHE           96.91           230    229     60     5.629     5.617     2.611     0.8031      0.8031      0.8025      0.4824
12      A         B           12           LYS           93.19           230    229     60     5.629     5.617     2.611     0.7126      0.7126      0.7118      0.3737
13      A         B           13           ASP           88.93           230    229     60     5.629     5.617     2.611     0.6637      0.6637      0.6629      0.3282
14      A         B           14           THR           96.02           230    229     60     5.629     5.617     2.611     0.8390      0.8390      0.8384      0.5489
15      A         B           15           LEU           96.52           230    229     60     5.629     5.617     2.611     0.8887      0.8887      0.8883      0.6464
16      A         B           16           SER           98.11           230    229     60     5.629     5.617     2.611     0.9077      0.9077      0.9074      0.6922
17      A         B           17           ILE           97.76           230    229     60     5.629     5.617     2.611     0.9120      0.9120      0.9116      0.6985
18      A         B           18           ASN           97.01           230    229     60     5.629     5.617     2.611     0.8936      0.8936      0.8932      0.6515
19      A         B           19           ALA           98.30           230    229     60     5.629     5.617     2.611     0.8736      0.8736      0.8731      0.6068
20      A         B           20           THR           95.76           230    229     60     5.629     5.617     2.611     0.7783      0.7783      0.7776      0.4425
21      A         B           21           ASN           97.38           230    229     60     5.629     5.617     2.611     0.8686      0.8686      0.8682      0.5962
22      A         B           22           ILE           97.94           230    229     60     5.629     5.617     2.611     0.8676      0.8676      0.8671      0.5944
23      A         B           23           LYS           96.45           230    229     60     5.629     5.617     2.611     0.7777      0.7777      0.7770      0.4404
24      A         B           24           HIS           96.00           230    229     60     5.629     5.617     2.611     0.7467      0.7467      0.7460      0.3974
25      A         B           25           PHE           98.21           230    229     60     5.629     5.617     2.611     0.8545      0.8545      0.8540      0.5659
26      A         B           26           LYS           97.27           230    229     60     5.629     5.617     2.611     0.7940      0.7940      0.7933      0.4638
27      A         B           27           TYR           97.47           230    229     60     5.629     5.617     2.611     0.6714      0.6714      0.6705      0.3106
28      A         B           28           CYS           98.35           230    229     60     5.629     5.617     2.611     0.8234      0.8234      0.8228      0.5062
29      A         B           29           THR           98.20           230    229     60     5.629     5.617     2.611     0.8263      0.8263      0.8257      0.5118
30      A         B           30           ALA           98.69           230    229     60     5.629     5.617     2.611     0.8902      0.8902      0.8898      0.6410
31      A         B           31           ILE           98.79           230    229     60     5.629     5.617     2.611     0.9148      0.9148      0.9145      0.7030
32      A         B           32           SER           98.04           230    229     60     5.629     5.617     2.611     0.8794      0.8794      0.8789      0.6174
33      A         B           33           GLY           98.47           230    229     60     5.629     5.617     2.611     0.8945      0.8945      0.8941      0.6540
34      A         B           34           ASP           98.20           230    229     60     5.629     5.617     2.611     0.9127      0.9127      0.9123      0.6998
35      A         B           35           LEU           98.67           230    229     60     5.629     5.617     2.611     0.9163      0.9163      0.9159      0.7100
36      A         B           36           HIS           97.52           230    229     60     5.629     5.617     2.611     0.8693      0.8693      0.8688      0.5993
37      A         B           37           ILE           98.74           230    229     60     5.629     5.617     2.611     0.9407      0.9407      0.9405      0.7802
38      A         B           38           LEU           98.20           230    229     60     5.629     5.617     2.611     0.9381      0.9381      0.9378      0.7722
39      A         B           39           PRO           96.58           230    229     60     5.629     5.617     2.611     0.9200      0.9200      0.9197      0.7204
40      A         B           40           VAL           95.69           230    229     60     5.629     5.617     2.611     0.9079      0.9079      0.9076      0.6901
41      A         B           41           ALA           98.01           230    229     60     5.629     5.617     2.611     0.9073      0.9073      0.9069      0.6882
42      A         B           42           PHE           97.80           230    229     60     5.629     5.617     2.611     0.8924      0.8924      0.8920      0.6504
43      A         B           43           LYS           96.14           230    229     60     5.629     5.617     2.611     0.7859      0.7859      0.7852      0.4548
44      A         B           44           GLY           97.76           230    229     60     5.629     5.617     2.611     0.7648      0.7648      0.7641      0.4291
45      A         B           45           ASP           95.73           230    229     60     5.629     5.617     2.611     0.7712      0.7712      0.7705      0.4414
46      A         B           46           SER           94.27           230    229     60     5.629     5.617     2.611     0.6694      0.6694      0.6685      0.3226
47      A         B           47           PHE           93.43           230    229     60     5.629     5.617     2.611     0.7635      0.7635      0.7628      0.4315
48      A         B           48           THR           94.45           230    229     60     5.629     5.617     2.611     0.7749      0.7749      0.7743      0.4457
49      A         B           49           ARG           96.90           230    229     60     5.629     5.617     2.611     0.7263      0.7263      0.7255      0.3847
50      A         B           50           THR           97.07           230    229     60     5.629     5.617     2.611     0.8008      0.8008      0.8002      0.4814
51      A         B           51           PRO           97.75           230    229     60     5.629     5.617     2.611     0.7758      0.7758      0.7751      0.4409
52      A         B           52           PRO           97.74           230    229     60     5.629     5.617     2.611     0.8342      0.8342      0.8336      0.5302
53      A         B           53           LEU           98.28           230    229     60     5.629     5.617     2.611     0.8749      0.8749      0.8745      0.6102
54      A         B           54           ASP           97.64           230    229     60     5.629     5.617     2.611     0.8311      0.8311      0.8305      0.5231
55      A         B           55           PRO           96.67           230    229     60     5.629     5.617     2.611     0.7638      0.7638      0.7630      0.4180
56      A         B           56           ARG           96.92           230    229     60     5.629     5.617     2.611     0.7368      0.7368      0.7360      0.3835
57      A         B           57           GLU           97.78           230    229     60     5.629     5.617     2.611     0.8470      0.8470      0.8465      0.5493
58      A         B           58           LEU           98.33           230    229     60     5.629     5.617     2.611     0.8811      0.8811      0.8806      0.6200
59      A         B           59           GLU           97.21           230    229     60     5.629     5.617     2.611     0.8279      0.8279      0.8273      0.5153
60      A         B           60           ILE           97.71           230    229     60     5.629     5.617     2.611     0.8506      0.8506      0.8500      0.5559
61      A         B           61           LEU           98.64           230    229     60     5.629     5.617     2.611     0.8962      0.8962      0.8959      0.6552
62      A         B           62           LYS           97.99           230    229     60     5.629     5.617     2.611     0.8557      0.8557      0.8552      0.5666
63      A         B           63           THR           98.12           230    229     60     5.629     5.617     2.611     0.8157      0.8157      0.8151      0.4935
64      A         B           64           VAL           98.74           230    229     60     5.629     5.617     2.611     0.8977      0.8977      0.8973      0.6588
65      A         B           65           LYS           98.56           230    229     60     5.629     5.617     2.611     0.8382      0.8382      0.8376      0.5334
66      A         B           66           GLU           98.75           230    229     60     5.629     5.617     2.611     0.9118      0.9118      0.9115      0.6944
67      A         B           67           ILE           98.95           230    229     60     5.629     5.617     2.611     0.9421      0.9421      0.9419      0.7829
68      A         B           68           THR           98.76           230    229     60     5.629     5.617     2.611     0.9246      0.9246      0.9243      0.7308
69      A         B           69           GLY           98.82           230    229     60     5.629     5.617     2.611     0.9252      0.9252      0.9249      0.7340
70      A         B           70           PHE           98.76           230    229     60     5.629     5.617     2.611     0.9429      0.9429      0.9427      0.7864
71      A         B           71           LEU           98.96           230    229     60     5.629     5.617     2.611     0.9540      0.9540      0.9539      0.8228
72      A         B           72           LEU           98.65           230    229     60     5.629     5.617     2.611     0.9473      0.9473      0.9471      0.8007
73      A         B           73           ILE           98.87           230    229     60     5.629     5.617     2.611     0.9503      0.9503      0.9501      0.8107
74      A         B           74           GLN           97.77           230    229     60     5.629     5.617     2.611     0.9116      0.9116      0.9113      0.6981
75      A         B           75           ALA           98.03           230    229     60     5.629     5.617     2.611     0.9301      0.9301      0.9298      0.7492
76      A         B           76           TRP           98.47           230    229     60     5.629     5.617     2.611     0.9213      0.9213      0.9211      0.7236
77      A         B           77           PRO           97.11           230    229     60     5.629     5.617     2.611     0.8563      0.8563      0.8558      0.5707
78      A         B           78           ASP           88.87           230    229     60     5.629     5.617     2.611     0.6678      0.6678      0.6670      0.3135
79      A         B           79           ASN           89.92           230    229     60     5.629     5.617     2.611     0.5966      0.5966      0.5957      0.2487
80      A         B           80           TRP           97.22           230    229     60     5.629     5.617     2.611     0.8427      0.8427      0.8421      0.5431
81      A         B           81           THR           94.91           230    229     60     5.629     5.617     2.611     0.7692      0.7692      0.7685      0.4276
82      A         B           82           ASP           96.81           230    229     60     5.629     5.617     2.611     0.8417      0.8417      0.8411      0.5400
83      A         B           83           LEU           98.59           230    229     60     5.629     5.617     2.611     0.9028      0.9028      0.9025      0.6730
84      A         B           84           HIS           96.66           230    229     60     5.629     5.617     2.611     0.8255      0.8255      0.8249      0.5132
85      A         B           85           ALA           97.75           230    229     60     5.629     5.617     2.611     0.8452      0.8452      0.8447      0.5465
86      A         B           86           PHE           98.85           230    229     60     5.629     5.617     2.611     0.9087      0.9087      0.9083      0.6872
87      A         B           87           GLU           97.59           230    229     60     5.629     5.617     2.611     0.8400      0.8400      0.8395      0.5366
88      A         B           88           ASN           98.54           230    229     60     5.629     5.617     2.611     0.8814      0.8814      0.8809      0.6203
89      A         B           89           LEU           98.92           230    229     60     5.629     5.617     2.611     0.9185      0.9185      0.9182      0.7135
90      A         B           90           GLU           98.82           230    229     60     5.629     5.617     2.611     0.8888      0.8888      0.8884      0.6378
91      A         B           91           ILE           98.84           230    229     60     5.629     5.617     2.611     0.9180      0.9180      0.9177      0.7117
92      A         B           92           ILE           98.97           230    229     60     5.629     5.617     2.611     0.9422      0.9422      0.9419      0.7835
93      A         B           93           ARG           98.80           230    229     60     5.629     5.617     2.611     0.9128      0.9128      0.9124      0.6986
94      A         B           94           GLY           98.50           230    229     60     5.629     5.617     2.611     0.8936      0.8936      0.8932      0.6513
95      A         B           95           ARG           96.94           230    229     60     5.629     5.617     2.611     0.8424      0.8424      0.8419      0.5434
96      A         B           96           THR           95.83           230    229     60     5.629     5.617     2.611     0.9090      0.9090      0.9087      0.6895
97      A         B           97           LYS           95.71           230    229     60     5.629     5.617     2.611     0.9171      0.9171      0.9168      0.7122
98      A         B           98           GLN           96.98           230    229     60     5.629     5.617     2.611     0.9010      0.9010      0.9007      0.6710
99      A         B           99           HIS           95.33           230    229     60     5.629     5.617     2.611     0.8925      0.8925      0.8921      0.6504
100     A         B          100           GLY           94.73           230    229     60     5.629     5.617     2.611     0.8848      0.8848      0.8844      0.6357
101     A         B          101           GLN           95.44           230    229     60     5.629     5.617     2.611     0.8883      0.8883      0.8879      0.6439
102     A         B          102           PHE           98.28           230    229     60     5.629     5.617     2.611     0.9499      0.9499      0.9497      0.8107
103     A         B          103           SER           98.37           230    229     60     5.629     5.617     2.611     0.9337      0.9337      0.9334      0.7617
104     A         B          104           LEU           98.87           230    229     60     5.629     5.617     2.611     0.9548      0.9548      0.9546      0.8263
105     A         B          105           ALA           98.58           230    229     60     5.629     5.617     2.611     0.9464      0.9464      0.9462      0.7991
106     A         B          106           VAL           98.69           230    229     60     5.629     5.617     2.611     0.9504      0.9504      0.9502      0.8118
107     A         B          107           VAL           97.50           230    229     60     5.629     5.617     2.611     0.9267      0.9267      0.9264      0.7399
108     A         B          108           GLY           97.21           230    229     60     5.629     5.617     2.611     0.9099      0.9099      0.9096      0.6969
109     A         B          109           LEU           98.23           230    229     60     5.629     5.617     2.611     0.9317      0.9317      0.9314      0.7536
110     A         B          110           ASN           96.12           230    229     60     5.629     5.617     2.611     0.8976      0.8976      0.8972      0.6629
111     A         B          111           ILE           97.69           230    229     60     5.629     5.617     2.611     0.9123      0.9123      0.9120      0.6984
112     A         B          112           THR           93.81           230    229     60     5.629     5.617     2.611     0.8762      0.8762      0.8758      0.6108
113     A         B          113           SER           93.66           230    229     60     5.629     5.617     2.611     0.8011      0.8011      0.8005      0.4726
114     A         B          114           LEU           97.48           230    229     60     5.629     5.617     2.611     0.8738      0.8738      0.8733      0.6064
115     A         B          115           GLY           95.85           230    229     60     5.629     5.617     2.611     0.7672      0.7672      0.7665      0.4262
116     A         B          116           LEU           97.40           230    229     60     5.629     5.617     2.611     0.8399      0.8399      0.8393      0.5371
117     A         B          117           ARG           92.63           230    229     60     5.629     5.617     2.611     0.6901      0.6901      0.6892      0.3319
118     A         B          118           SER           97.95           230    229     60     5.629     5.617     2.611     0.8271      0.8271      0.8265      0.5127
119     A         B          119           LEU           97.66           230    229     60     5.629     5.617     2.611     0.8699      0.8699      0.8695      0.5971
120     A         B          120           LYS           92.79           230    229     60     5.629     5.617     2.611     0.6007      0.6007      0.5998      0.2512
121     A         B          121           GLU           98.34           230    229     60     5.629     5.617     2.611     0.8937      0.8937      0.8934      0.6509
122     A         B          122           ILE           98.76           230    229     60     5.629     5.617     2.611     0.9284      0.9284      0.9281      0.7426
123     A         B          123           SER           98.63           230    229     60     5.629     5.617     2.611     0.8928      0.8928      0.8924      0.6495
124     A         B          124           ASP           97.62           230    229     60     5.629     5.617     2.611     0.9158      0.9158      0.9155      0.7096
125     A         B          125           GLY           98.08           230    229     60     5.629     5.617     2.611     0.9050      0.9050      0.9047      0.6872
126     A         B          126           ASP           98.02           230    229     60     5.629     5.617     2.611     0.9361      0.9361      0.9359      0.7690
127     A         B          127           VAL           98.34           230    229     60     5.629     5.617     2.611     0.9484      0.9484      0.9482      0.8066
128     A         B          128           ILE           98.26           230    229     60     5.629     5.617     2.611     0.9483      0.9483      0.9481      0.8058
129     A         B          129           ILE           98.27           230    229     60     5.629     5.617     2.611     0.9489      0.9489      0.9487      0.8078
130     A         B          130           SER           96.45           230    229     60     5.629     5.617     2.611     0.8710      0.8710      0.8706      0.6093
131     A         B          131           GLY           96.76           230    229     60     5.629     5.617     2.611     0.8855      0.8855      0.8851      0.6433
132     A         B          132           ASN           97.63           230    229     60     5.629     5.617     2.611     0.9141      0.9141      0.9138      0.7058
133     A         B          133           ARG           93.53           230    229     60     5.629     5.617     2.611     0.8521      0.8521      0.8515      0.5658
134     A         B          134           ASN           94.64           230    229     60     5.629     5.617     2.611     0.8761      0.8761      0.8756      0.6124
135     A         B          135           LEU           97.07           230    229     60     5.629     5.617     2.611     0.8967      0.8967      0.8963      0.6599
136     A         B          136           CYS           93.79           230    229     60     5.629     5.617     2.611     0.7850      0.7850      0.7844      0.4506
137     A         B          137           TYR           88.77           230    229     60     5.629     5.617     2.611     0.5950      0.5950      0.5941      0.2470
138     A         B          138           ALA           91.59           230    229     60     5.629     5.617     2.611     0.6537      0.6537      0.6528      0.3006
139     A         B          139           ASN           81.08           230    229     60     5.629     5.617     2.611     0.5733      0.5733      0.5723      0.2313
140     A         B          140           THR           83.55           230    229     60     5.629     5.617     2.611     0.5676      0.5676      0.5666      0.2289
141     A         B          141           ILE           90.94           230    229     60     5.629     5.617     2.611     0.6923      0.6923      0.6914      0.3376
142     A         B          142           ASN           93.52           230    229     60     5.629     5.617     2.611     0.7399      0.7399      0.7391      0.3919
143     A         B          143           TRP           96.74           230    229     60     5.629     5.617     2.611     0.8516      0.8516      0.8511      0.5644
144     A         B          144           LYS           94.32           230    229     60     5.629     5.617     2.611     0.8058      0.8058      0.8052      0.4841
145     A         B          145           LYS           94.48           230    229     60     5.629     5.617     2.611     0.7452      0.7452      0.7445      0.4023
146     A         B          146           LEU           97.50           230    229     60     5.629     5.617     2.611     0.8640      0.8640      0.8635      0.5861
147     A         B          147           PHE           98.05           230    229     60     5.629     5.617     2.611     0.8770      0.8770      0.8766      0.6153
148     A         B          148           GLY           97.60           230    229     60     5.629     5.617     2.611     0.7147      0.7147      0.7139      0.3653
149     A         B          149           THR           94.17           230    229     60     5.629     5.617     2.611     0.7373      0.7373      0.7365      0.3960
150     A         B          150           PRO           93.17           230    229     60     5.629     5.617     2.611     0.6838      0.6838      0.6830      0.3459
151     A         B          151           ASN           90.55           230    229     60     5.629     5.617     2.611     0.7665      0.7665      0.7658      0.4391
152     A         B          152           GLN           97.26           230    229     60     5.629     5.617     2.611     0.8786      0.8786      0.8782      0.6261
153     A         B          153           LYS           96.38           230    229     60     5.629     5.617     2.611     0.8677      0.8677      0.8672      0.6058
154     A         B          154           THR           96.30           230    229     60     5.629     5.617     2.611     0.8861      0.8861      0.8857      0.6445
155     A         B          155           LYS           96.71           230    229     60     5.629     5.617     2.611     0.9134      0.9134      0.9131      0.7088
156     A         B          156           ILE           96.01           230    229     60     5.629     5.617     2.611     0.9049      0.9049      0.9045      0.6884
157     A         B          157           MET           94.01           230    229     60     5.629     5.617     2.611     0.7746      0.7746      0.7739      0.4535
158     A         B          158           ASN           95.09           230    229     60     5.629     5.617     2.611     0.8643      0.8643      0.8639      0.5973
159     A         B          159           ASN           96.56           230    229     60     5.629     5.617     2.611     0.8937      0.8937      0.8933      0.6560
160     A         B          160           ARG           93.43           230    229     60     5.629     5.617     2.611     0.8334      0.8334      0.8328      0.5295
161     A         B          161           ALA           90.97           230    229     60     5.629     5.617     2.611     0.7104      0.7104      0.7096      0.3582
162     A         B          162           GLU           85.50           230    229     60     5.629     5.617     2.611     0.6522      0.6522      0.6513      0.2989
163     A         B          163           LYS           90.13           230    229     60     5.629     5.617     2.611     0.6048      0.6048      0.6039      0.2574
164     A         B          164           ASP           89.72           230    229     60     5.629     5.617     2.611     0.6368      0.6368      0.6359      0.2818
165     A         B          165           CYS           90.78           230    229     60     5.629     5.617     2.611     0.6465      0.6465      0.6456      0.2896
166     A         B          166           LYS           85.18           230    229     60     5.629     5.617     2.611     0.5512      0.5512      0.5502      0.2153
167     A         B          167           ALA           79.76           230    229     60     5.629     5.617     2.611     0.3761      0.3761      0.3751      0.1172
168     A         B          168           VAL           71.34           230    229     60     5.629     5.617     2.611     0.2326      0.2326      0.2319      0.0619
169     A         B          169           ASN           60.94           230    229      6     5.629     5.617     1.000     0.0998      0.1325      0.1320      0.0048
170     A         B          170           HIS           49.69           230    229      0     5.629     5.617     1.000     0.0638      0.0000      0.0000      0.0000
171     B         A            1           ASN           77.69           230    230     36     5.629     5.629     1.621     0.1079      0.1592      0.1592      0.0156
172     B         A            2           GLU           93.81           230    230    170     5.629     5.629     4.861     0.5405      0.5405      0.5405      0.4700
173     B         A            3           GLU           94.86           230    230    170     5.629     5.629     4.861     0.7394      0.7394      0.7394      0.6812
174     B         A            4           LEU           95.66           230    230    170     5.629     5.629     4.861     0.8236      0.8236      0.8236      0.7786
175     B         A            5           LYS           96.80           230    230    170     5.629     5.629     4.861     0.8288      0.8288      0.8288      0.7847
176     B         A            6           LYS           96.23           230    230    170     5.629     5.629     4.861     0.8248      0.8248      0.8248      0.7797
177     B         A            7           LEU           96.27           230    230    170     5.629     5.629     4.861     0.8891      0.8891      0.8891      0.8577
178     B         A            8           THR           97.02           230    230    170     5.629     5.629     4.861     0.8896      0.8896      0.8896      0.8584
179     B         A            9           ASN           96.85           230    230    170     5.629     5.629     4.861     0.8835      0.8835      0.8835      0.8508
180     B         A           10           GLU           96.46           230    230    170     5.629     5.629     4.861     0.8827      0.8827      0.8827      0.8498
181     B         A           11           ILE           97.39           230    230    170     5.629     5.629     4.861     0.9157      0.9157      0.9157      0.8909
182     B         A           12           ASN           96.48           230    230    170     5.629     5.629     4.861     0.8994      0.8994      0.8994      0.8706
183     B         A           13           ARG           96.43           230    230    170     5.629     5.629     4.861     0.8871      0.8871      0.8871      0.8553
184     B         A           14           LYS           97.06           230    230    170     5.629     5.629     4.861     0.8982      0.8982      0.8982      0.8690
185     B         A           15           ILE           97.52           230    230    170     5.629     5.629     4.861     0.9178      0.9178      0.9178      0.8936
186     B         A           16           VAL           96.08           230    230    170     5.629     5.629     4.861     0.8880      0.8880      0.8880      0.8565
187     B         A           17           GLU           96.61           230    230    170     5.629     5.629     4.861     0.8858      0.8858      0.8858      0.8538
188     B         A           18           LYS           97.14           230    230    170     5.629     5.629     4.861     0.8852      0.8852      0.8852      0.8531
189     B         A           19           LEU           96.87           230    230    170     5.629     5.629     4.861     0.8879      0.8879      0.8879      0.8565
190     B         A           20           HIS           95.90           230    230    170     5.629     5.629     4.861     0.8603      0.8603      0.8603      0.8226
191     B         A           21           SER           94.94           230    230    170     5.629     5.629     4.861     0.7595      0.7595      0.7595      0.7049
192     B         A           22           GLU           92.73           230    230    170     5.629     5.629     4.861     0.7552      0.7552      0.7552      0.7003
193     B         A           23           GLY           93.75           230    230    170     5.629     5.629     4.861     0.6887      0.6887      0.6887      0.6273
194     B         A           24           HIS           95.93           230    230    170     5.629     5.629     4.861     0.8062      0.8062      0.8062      0.7587
195     B         A           25           THR           90.29           230    230    170     5.629     5.629     4.861     0.6410      0.6410      0.6410      0.5772
196     B         A           26           GLY           92.62           230    230    170     5.629     5.629     4.861     0.6415      0.6415      0.6415      0.5772
197     B         A           27           GLU           91.67           230    230    170     5.629     5.629     4.861     0.6573      0.6573      0.6573      0.5934
198     B         A           28           ILE           92.55           230    230    170     5.629     5.629     4.861     0.6887      0.6887      0.6887      0.6260
199     B         A           29           VAL           91.43           230    230    170     5.629     5.629     4.861     0.6543      0.6543      0.6543      0.5892
200     B         A           30           ASP           94.51           230    230    170     5.629     5.629     4.861     0.6992      0.6992      0.6992      0.6373
201     B         A           31           ASP           90.91           230    230    170     5.629     5.629     4.861     0.6635      0.6635      0.6635      0.5988
202     B         A           32           THR           95.62           230    230    170     5.629     5.629     4.861     0.7219      0.7219      0.7219      0.6625
203     B         A           33           ALA           92.64           230    230    170     5.629     5.629     4.861     0.6253      0.6253      0.6253      0.5582
204     B         A           34           GLY           92.05           230    230    170     5.629     5.629     4.861     0.6324      0.6324      0.6324      0.5674
205     B         A           35           LYS           94.00           230    230    170     5.629     5.629     4.861     0.7980      0.7980      0.7980      0.7493
206     B         A           36           SER           93.27           230    230    170     5.629     5.629     4.861     0.8229      0.8229      0.8229      0.7783
207     B         A           37           ASP           94.82           230    230    170     5.629     5.629     4.861     0.8512      0.8512      0.8512      0.8119
208     B         A           38           ARG           93.79           230    230    170     5.629     5.629     4.861     0.8801      0.8801      0.8801      0.8469
209     B         A           39           GLU           94.68           230    230    170     5.629     5.629     4.861     0.8945      0.8945      0.8945      0.8647
210     B         A           40           VAL           96.89           230    230    170     5.629     5.629     4.861     0.8989      0.8989      0.8989      0.8701
211     B         A           41           GLU           95.42           230    230    170     5.629     5.629     4.861     0.8953      0.8953      0.8953      0.8656
212     B         A           42           ALA           95.53           230    230    170     5.629     5.629     4.861     0.9031      0.9031      0.9031      0.8752
213     B         A           43           ASP           95.58           230    230    170     5.629     5.629     4.861     0.8908      0.8908      0.8908      0.8603
214     B         A           44           LEU           96.29           230    230    170     5.629     5.629     4.861     0.9073      0.9073      0.9073      0.8805
215     B         A           45           PRO           95.35           230    230    170     5.629     5.629     4.861     0.8987      0.8987      0.8987      0.8697
216     B         A           46           LEU           97.14           230    230    170     5.629     5.629     4.861     0.9183      0.9183      0.9183      0.8944
217     B         A           47           LEU           97.41           230    230    170     5.629     5.629     4.861     0.9321      0.9321      0.9321      0.9117
218     B         A           48           LYS           96.66           230    230    170     5.629     5.629     4.861     0.9177      0.9177      0.9177      0.8935
219     B         A           49           GLN           96.64           230    230    170     5.629     5.629     4.861     0.9160      0.9160      0.9160      0.8913
220     B         A           50           ILE           97.68           230    230    170     5.629     5.629     4.861     0.9321      0.9321      0.9321      0.9118
221     B         A           51           ALA           97.65           230    230    170     5.629     5.629     4.861     0.9219      0.9219      0.9219      0.8989
222     B         A           52           LYS           95.51           230    230    170     5.629     5.629     4.861     0.8735      0.8735      0.8735      0.8387
223     B         A           53           ASP           96.41           230    230    170     5.629     5.629     4.861     0.8966      0.8966      0.8966      0.8671
224     B         A           54           LEU           97.05           230    230    170     5.629     5.629     4.861     0.9007      0.9007      0.9007      0.8721
225     B         A           55           GLY           96.73           230    230    170     5.629     5.629     4.861     0.8352      0.8352      0.8352      0.7927
226     B         A           56           ILE           96.44           230    230    170     5.629     5.629     4.861     0.8027      0.8027      0.8027      0.7541
227     B         A           57           GLU           93.27           230    230    170     5.629     5.629     4.861     0.5454      0.5454      0.5454      0.4762
228     B         A           58           ILE           90.62           230    230    170     5.629     5.629     4.861     0.4048      0.4048      0.4048      0.3387
229     B         A           59           PRO           83.10           230    230    170     5.629     5.629     4.861     0.2491      0.2491      0.2491      0.1998
230     B         A           60           GLU           75.40           230    230     11     5.629     5.629     1.000     0.0823      0.1377      0.1377      0.0050
