i   AlignChn ScoredChain  AlignResNum  AlignResType  AlignRespLDDT      n0chn  n0dom  n0res    d0chn     d0dom     d0res   ipTM_pae  ipSAE_d0chn ipSAE_d0dom    ipSAE 
1       A         B            1           LYS           93.45           294    294    124     6.303     6.303     4.123     0.3227      0.3227      0.3227      0.1713
2       A         B            2           VAL           98.03           294    294    124     6.303     6.303     4.123     0.7545      0.7545      0.7545      0.5746
3       A         B            3           CYS           97.86           294    294    124     6.303     6.303     4.123     0.8289      0.8289      0.8289      0.6800
4       A         B            4           ASN           97.91           294    294    124     6.303     6.303     4.123     0.8566      0.8566      0.8566      0.7230
5       A         B            5           GLY           98.39           294    294    124     6.303     6.303     4.123     0.8324      0.8324      0.8324      0.6873
6       A         B            6           ILE           96.82           294    294    124     6.303     6.303     4.123     0.8425      0.8425      0.8425      0.7027
7       A         B            7           GLY           93.44           294    294    124     6.303     6.303     4.123     0.7235      0.7235      0.7235      0.5391
8       A         B            8           ILE           92.27           294    294    124     6.303     6.303     4.123     0.7299      0.7299      0.7299      0.5471
9       A         B            9           GLY           95.28           294    294    124     6.303     6.303     4.123     0.6466      0.6466      0.6466      0.4477
10      A         B           10           GLU           92.41           294    294    124     6.303     6.303     4.123     0.6098      0.6098      0.6098      0.4136
11      A         B           11           PHE           95.87           294    294    124     6.303     6.303     4.123     0.7776      0.7776      0.7776      0.6084
12      A         B           12           LYS           92.22           294    294    124     6.303     6.303     4.123     0.7250      0.7250      0.7250      0.5435
13      A         B           13           ASP           89.31           294    294    124     6.303     6.303     4.123     0.6934      0.6934      0.6934      0.5090
14      A         B           14           SER           93.89           294    294    124     6.303     6.303     4.123     0.7962      0.7962      0.7962      0.6381
15      A         B           15           LEU           92.74           294    294    124     6.303     6.303     4.123     0.8079      0.8079      0.8079      0.6540
16      A         B           16           SER           96.14           294    294    124     6.303     6.303     4.123     0.8729      0.8729      0.8729      0.7520
17      A         B           17           ILE           97.27           294    294    124     6.303     6.303     4.123     0.8724      0.8724      0.8724      0.7498
18      A         B           18           ASN           96.79           294    294    124     6.303     6.303     4.123     0.8547      0.8547      0.8547      0.7206
19      A         B           19           ALA           97.83           294    294    124     6.303     6.303     4.123     0.8463      0.8463      0.8463      0.7076
20      A         B           20           THR           95.76           294    294    124     6.303     6.303     4.123     0.7522      0.7522      0.7522      0.5751
21      A         B           21           ASN           96.85           294    294    124     6.303     6.303     4.123     0.8324      0.8324      0.8324      0.6865
22      A         B           22           ILE           96.71           294    294    124     6.303     6.303     4.123     0.7982      0.7982      0.7982      0.6368
23      A         B           23           LYS           94.94           294    294    124     6.303     6.303     4.123     0.7208      0.7208      0.7208      0.5359
24      A         B           24           HIS           94.19           294    294    124     6.303     6.303     4.123     0.6492      0.6492      0.6492      0.4521
25      A         B           25           PHE           97.83           294    294    124     6.303     6.303     4.123     0.8155      0.8155      0.8155      0.6600
26      A         B           26           LYS           97.11           294    294    124     6.303     6.303     4.123     0.7768      0.7768      0.7768      0.6051
27      A         B           27           ASN           96.20           294    294    124     6.303     6.303     4.123     0.6880      0.6880      0.6880      0.4917
28      A         B           28           CYS           98.36           294    294    124     6.303     6.303     4.123     0.7954      0.7954      0.7954      0.6294
29      A         B           29           THR           98.59           294    294    124     6.303     6.303     4.123     0.7964      0.7964      0.7964      0.6303
30      A         B           30           SER           98.58           294    294    124     6.303     6.303     4.123     0.8543      0.8543      0.8543      0.7187
31      A         B           31           ILE           98.70           294    294    124     6.303     6.303     4.123     0.8881      0.8881      0.8881      0.7753
32      A         B           32           SER           98.12           294    294    124     6.303     6.303     4.123     0.8521      0.8521      0.8521      0.7155
33      A         B           33           GLY           97.93           294    294    124     6.303     6.303     4.123     0.8711      0.8711      0.8711      0.7472
34      A         B           34           ASP           97.61           294    294    124     6.303     6.303     4.123     0.8908      0.8908      0.8908      0.7809
35      A         B           35           LEU           98.40           294    294    124     6.303     6.303     4.123     0.8950      0.8950      0.8950      0.7886
36      A         B           36           HIS           96.52           294    294    124     6.303     6.303     4.123     0.8779      0.8779      0.8779      0.7603
37      A         B           37           ILE           97.72           294    294    124     6.303     6.303     4.123     0.9203      0.9203      0.9203      0.8346
38      A         B           38           LEU           95.02           294    294    124     6.303     6.303     4.123     0.9135      0.9135      0.9135      0.8223
39      A         B           39           PRO           91.82           294    294    124     6.303     6.303     4.123     0.8796      0.8796      0.8796      0.7630
40      A         B           40           VAL           92.07           294    294    124     6.303     6.303     4.123     0.8684      0.8684      0.8684      0.7437
41      A         B           41           ALA           96.42           294    294    124     6.303     6.303     4.123     0.8732      0.8732      0.8732      0.7515
42      A         B           42           PHE           95.66           294    294    124     6.303     6.303     4.123     0.8531      0.8531      0.8531      0.7195
43      A         B           43           ARG           92.61           294    294    124     6.303     6.303     4.123     0.7135      0.7135      0.7135      0.5286
44      A         B           44           GLY           94.89           294    294    124     6.303     6.303     4.123     0.6917      0.6917      0.6917      0.5047
45      A         B           45           ASP           92.39           294    294    124     6.303     6.303     4.123     0.6657      0.6657      0.6657      0.4749
46      A         B           46           SER           89.24           294    294    124     6.303     6.303     4.123     0.5877      0.5877      0.5877      0.3952
47      A         B           47           PHE           90.48           294    294    124     6.303     6.303     4.123     0.6236      0.6236      0.6236      0.4306
48      A         B           48           THR           92.17           294    294    124     6.303     6.303     4.123     0.6539      0.6539      0.6539      0.4614
49      A         B           49           HIS           94.71           294    294    124     6.303     6.303     4.123     0.6614      0.6614      0.6614      0.4695
50      A         B           50           THR           95.73           294    294    124     6.303     6.303     4.123     0.7240      0.7240      0.7240      0.5415
51      A         B           51           PRO           97.40           294    294    124     6.303     6.303     4.123     0.7375      0.7375      0.7375      0.5575
52      A         B           52           PRO           96.67           294    294    124     6.303     6.303     4.123     0.8008      0.8008      0.8008      0.6404
53      A         B           53           LEU           98.02           294    294    124     6.303     6.303     4.123     0.8431      0.8431      0.8431      0.7027
54      A         B           54           ASP           97.38           294    294    124     6.303     6.303     4.123     0.7863      0.7863      0.7863      0.6196
55      A         B           55           PRO           95.63           294    294    124     6.303     6.303     4.123     0.7368      0.7368      0.7368      0.5536
56      A         B           56           GLN           96.34           294    294    124     6.303     6.303     4.123     0.7037      0.7037      0.7037      0.5130
57      A         B           57           GLU           97.39           294    294    124     6.303     6.303     4.123     0.7918      0.7918      0.7918      0.6251
58      A         B           58           LEU           97.26           294    294    124     6.303     6.303     4.123     0.8317      0.8317      0.8317      0.6839
59      A         B           59           ASP           96.82           294    294    124     6.303     6.303     4.123     0.8050      0.8050      0.8050      0.6446
60      A         B           60           ILE           97.49           294    294    124     6.303     6.303     4.123     0.8228      0.8228      0.8228      0.6700
61      A         B           61           LEU           98.39           294    294    124     6.303     6.303     4.123     0.8728      0.8728      0.8728      0.7492
62      A         B           62           LYS           97.75           294    294    124     6.303     6.303     4.123     0.8419      0.8419      0.8419      0.6995
63      A         B           63           THR           98.12           294    294    124     6.303     6.303     4.123     0.7975      0.7975      0.7975      0.6327
64      A         B           64           VAL           98.72           294    294    124     6.303     6.303     4.123     0.8818      0.8818      0.8818      0.7642
65      A         B           65           LYS           98.77           294    294    124     6.303     6.303     4.123     0.8401      0.8401      0.8401      0.6957
66      A         B           66           GLU           98.74           294    294    124     6.303     6.303     4.123     0.8963      0.8963      0.8963      0.7895
67      A         B           67           ILE           98.92           294    294    124     6.303     6.303     4.123     0.9228      0.9228      0.9228      0.8382
68      A         B           68           THR           98.74           294    294    124     6.303     6.303     4.123     0.9019      0.9019      0.9019      0.7996
69      A         B           69           GLY           98.45           294    294    124     6.303     6.303     4.123     0.9057      0.9057      0.9057      0.8068
70      A         B           70           PHE           98.31           294    294    124     6.303     6.303     4.123     0.9271      0.9271      0.9271      0.8468
71      A         B           71           LEU           98.92           294    294    124     6.303     6.303     4.123     0.9408      0.9408      0.9408      0.8732
72      A         B           72           LEU           97.55           294    294    124     6.303     6.303     4.123     0.9318      0.9318      0.9318      0.8560
73      A         B           73           ILE           97.98           294    294    124     6.303     6.303     4.123     0.9346      0.9346      0.9346      0.8613
74      A         B           74           GLN           95.15           294    294    124     6.303     6.303     4.123     0.9038      0.9038      0.9038      0.8050
75      A         B           75           ALA           95.06           294    294    124     6.303     6.303     4.123     0.9059      0.9059      0.9059      0.8076
76      A         B           76           TRP           96.89           294    294    124     6.303     6.303     4.123     0.8963      0.8963      0.8963      0.7905
77      A         B           77           PRO           96.02           294    294    124     6.303     6.303     4.123     0.8104      0.8104      0.8104      0.6536
78      A         B           78           GLU           88.59           294    294    124     6.303     6.303     4.123     0.6002      0.6002      0.6002      0.4049
79      A         B           79           ASN           90.79           294    294    124     6.303     6.303     4.123     0.5422      0.5422      0.5422      0.3487
80      A         B           80           ARG           94.66           294    294    124     6.303     6.303     4.123     0.7110      0.7110      0.7110      0.5206
81      A         B           81           THR           93.83           294    294    124     6.303     6.303     4.123     0.6800      0.6800      0.6800      0.4833
82      A         B           82           ASP           94.97           294    294    124     6.303     6.303     4.123     0.7501      0.7501      0.7501      0.5688
83      A         B           83           LEU           97.85           294    294    124     6.303     6.303     4.123     0.8418      0.8418      0.8418      0.6988
84      A         B           84           HIS           92.32           294    294    124     6.303     6.303     4.123     0.6887      0.6887      0.6887      0.4938
85      A         B           85           ALA           96.98           294    294    124     6.303     6.303     4.123     0.7780      0.7780      0.7780      0.6054
86      A         B           86           PHE           98.72           294    294    124     6.303     6.303     4.123     0.8778      0.8778      0.8778      0.7576
87      A         B           87           GLU           96.77           294    294    124     6.303     6.303     4.123     0.7893      0.7893      0.7893      0.6233
88      A         B           88           ASN           98.57           294    294    124     6.303     6.303     4.123     0.8551      0.8551      0.8551      0.7199
89      A         B           89           LEU           98.89           294    294    124     6.303     6.303     4.123     0.9037      0.9037      0.9037      0.8026
90      A         B           90           GLU           98.82           294    294    124     6.303     6.303     4.123     0.8722      0.8722      0.8722      0.7479
91      A         B           91           ILE           98.81           294    294    124     6.303     6.303     4.123     0.8935      0.8935      0.8935      0.7846
92      A         B           92           ILE           98.93           294    294    124     6.303     6.303     4.123     0.9244      0.9244      0.9244      0.8411
93      A         B           93           ARG           98.81           294    294    124     6.303     6.303     4.123     0.8869      0.8869      0.8869      0.7730
94      A         B           94           GLY           98.60           294    294    124     6.303     6.303     4.123     0.8671      0.8671      0.8671      0.7397
95      A         B           95           ARG           96.88           294    294    124     6.303     6.303     4.123     0.7947      0.7947      0.7947      0.6294
96      A         B           96           THR           95.85           294    294    124     6.303     6.303     4.123     0.8974      0.8974      0.8974      0.7920
97      A         B           97           LYS           95.23           294    294    124     6.303     6.303     4.123     0.9118      0.9118      0.9118      0.8184
98      A         B           98           GLN           96.06           294    294    124     6.303     6.303     4.123     0.9149      0.9149      0.9149      0.8240
99      A         B           99           HIS           94.56           294    294    124     6.303     6.303     4.123     0.9235      0.9235      0.9235      0.8401
100     A         B          100           GLY           93.95           294    294    124     6.303     6.303     4.123     0.9007      0.9007      0.9007      0.7989
101     A         B          101           GLN           94.37           294    294    124     6.303     6.303     4.123     0.8914      0.8914      0.8914      0.7827
102     A         B          102           PHE           97.21           294    294    124     6.303     6.303     4.123     0.9419      0.9419      0.9419      0.8754
103     A         B          103           SER           98.15           294    294    124     6.303     6.303     4.123     0.9152      0.9152      0.9152      0.8243
104     A         B          104           LEU           98.66           294    294    124     6.303     6.303     4.123     0.9403      0.9403      0.9403      0.8723
105     A         B          105           ALA           97.50           294    294    124     6.303     6.303     4.123     0.9307      0.9307      0.9307      0.8540
106     A         B          106           VAL           97.56           294    294    124     6.303     6.303     4.123     0.9303      0.9303      0.9303      0.8531
107     A         B          107           VAL           94.81           294    294    124     6.303     6.303     4.123     0.8909      0.8909      0.8909      0.7822
108     A         B          108           SER           92.50           294    294    124     6.303     6.303     4.123     0.8763      0.8763      0.8763      0.7567
109     A         B          109           LEU           96.01           294    294    124     6.303     6.303     4.123     0.9124      0.9124      0.9124      0.8193
110     A         B          110           ASN           93.47           294    294    124     6.303     6.303     4.123     0.8776      0.8776      0.8776      0.7589
111     A         B          111           ILE           96.24           294    294    124     6.303     6.303     4.123     0.8938      0.8938      0.8938      0.7857
112     A         B          112           THR           93.10           294    294    124     6.303     6.303     4.123     0.8563      0.8563      0.8563      0.7227
113     A         B          113           SER           93.78           294    294    124     6.303     6.303     4.123     0.7935      0.7935      0.7935      0.6277
114     A         B          114           LEU           96.67           294    294    124     6.303     6.303     4.123     0.8511      0.8511      0.8511      0.7133
115     A         B          115           GLY           95.11           294    294    124     6.303     6.303     4.123     0.7470      0.7470      0.7470      0.5645
116     A         B          116           LEU           96.63           294    294    124     6.303     6.303     4.123     0.8106      0.8106      0.8106      0.6511
117     A         B          117           ARG           92.20           294    294    124     6.303     6.303     4.123     0.6578      0.6578      0.6578      0.4612
118     A         B          118           SER           97.68           294    294    124     6.303     6.303     4.123     0.8078      0.8078      0.8078      0.6465
119     A         B          119           LEU           97.21           294    294    124     6.303     6.303     4.123     0.8665      0.8665      0.8665      0.7380
120     A         B          120           LYS           96.69           294    294    124     6.303     6.303     4.123     0.7029      0.7029      0.7029      0.5091
121     A         B          121           GLU           98.37           294    294    124     6.303     6.303     4.123     0.8704      0.8704      0.8704      0.7446
122     A         B          122           ILE           98.63           294    294    124     6.303     6.303     4.123     0.9061      0.9061      0.9061      0.8070
123     A         B          123           SER           98.60           294    294    124     6.303     6.303     4.123     0.8678      0.8678      0.8678      0.7405
124     A         B          124           ASP           97.76           294    294    124     6.303     6.303     4.123     0.8909      0.8909      0.8909      0.7802
125     A         B          125           GLY           97.58           294    294    124     6.303     6.303     4.123     0.8800      0.8800      0.8800      0.7620
126     A         B          126           ASP           96.95           294    294    124     6.303     6.303     4.123     0.9183      0.9183      0.9183      0.8302
127     A         B          127           VAL           97.79           294    294    124     6.303     6.303     4.123     0.9293      0.9293      0.9293      0.8510
128     A         B          128           ILE           96.83           294    294    124     6.303     6.303     4.123     0.9317      0.9317      0.9317      0.8558
129     A         B          129           ILE           97.07           294    294    124     6.303     6.303     4.123     0.9304      0.9304      0.9304      0.8532
130     A         B          130           SER           94.63           294    294    124     6.303     6.303     4.123     0.8635      0.8635      0.8635      0.7368
131     A         B          131           GLY           94.64           294    294    124     6.303     6.303     4.123     0.8710      0.8710      0.8710      0.7478
132     A         B          132           ASN           95.47           294    294    124     6.303     6.303     4.123     0.8994      0.8994      0.8994      0.7958
133     A         B          133           LYS           91.45           294    294    124     6.303     6.303     4.123     0.8359      0.8359      0.8359      0.6931
134     A         B          134           ASN           92.90           294    294    124     6.303     6.303     4.123     0.8629      0.8629      0.8629      0.7337
135     A         B          135           LEU           95.69           294    294    124     6.303     6.303     4.123     0.8677      0.8677      0.8677      0.7410
136     A         B          136           CYS           93.66           294    294    124     6.303     6.303     4.123     0.7000      0.7000      0.7000      0.5097
137     A         B          137           TYR           85.50           294    294    124     6.303     6.303     4.123     0.5031      0.5031      0.5031      0.3084
138     A         B          138           ALA           91.11           294    294    124     6.303     6.303     4.123     0.5449      0.5449      0.5449      0.3462
139     A         B          139           ASN           80.21           294    294    124     6.303     6.303     4.123     0.4503      0.4503      0.4503      0.2664
140     A         B          140           THR           82.95           294    294    124     6.303     6.303     4.123     0.4725      0.4725      0.4725      0.2840
141     A         B          141           ILE           88.22           294    294    124     6.303     6.303     4.123     0.5759      0.5759      0.5759      0.3743
142     A         B          142           ASN           92.71           294    294    124     6.303     6.303     4.123     0.6528      0.6528      0.6528      0.4526
143     A         B          143           TRP           95.78           294    294    124     6.303     6.303     4.123     0.8043      0.8043      0.8043      0.6426
144     A         B          144           LYS           93.12           294    294    124     6.303     6.303     4.123     0.7522      0.7522      0.7522      0.5715
145     A         B          145           LYS           94.93           294    294    124     6.303     6.303     4.123     0.7400      0.7400      0.7400      0.5550
146     A         B          146           LEU           96.82           294    294    124     6.303     6.303     4.123     0.8235      0.8235      0.8235      0.6700
147     A         B          147           PHE           97.79           294    294    124     6.303     6.303     4.123     0.8394      0.8394      0.8394      0.6945
148     A         B          148           GLY           97.55           294    294    124     6.303     6.303     4.123     0.6274      0.6274      0.6274      0.4256
149     A         B          149           THR           94.17           294    294    124     6.303     6.303     4.123     0.5909      0.5909      0.5909      0.3903
150     A         B          150           SER           92.46           294    294    124     6.303     6.303     4.123     0.5727      0.5727      0.5727      0.3740
151     A         B          151           GLY           92.56           294    294    124     6.303     6.303     4.123     0.7059      0.7059      0.7059      0.5171
152     A         B          152           GLN           97.11           294    294    124     6.303     6.303     4.123     0.8357      0.8357      0.8357      0.6902
153     A         B          153           LYS           93.50           294    294    124     6.303     6.303     4.123     0.8041      0.8041      0.8041      0.6449
154     A         B          154           THR           94.48           294    294    124     6.303     6.303     4.123     0.8268      0.8268      0.8268      0.6788
155     A         B          155           LYS           93.99           294    294    124     6.303     6.303     4.123     0.8420      0.8420      0.8420      0.7019
156     A         B          156           ILE           93.45           294    294    124     6.303     6.303     4.123     0.8545      0.8545      0.8545      0.7214
157     A         B          157           ILE           91.78           294    294    124     6.303     6.303     4.123     0.7679      0.7679      0.7679      0.5981
158     A         B          158           SER           91.77           294    294    124     6.303     6.303     4.123     0.8048      0.8048      0.8048      0.6467
159     A         B          159           ASN           94.78           294    294    124     6.303     6.303     4.123     0.8608      0.8608      0.8608      0.7298
160     A         B          160           ARG           92.91           294    294    124     6.303     6.303     4.123     0.7627      0.7627      0.7627      0.5862
161     A         B          161           GLY           89.52           294    294    124     6.303     6.303     4.123     0.5866      0.5866      0.5866      0.3899
162     A         B          162           GLU           84.01           294    294    124     6.303     6.303     4.123     0.5587      0.5587      0.5587      0.3597
163     A         B          163           ASN           88.57           294    294    124     6.303     6.303     4.123     0.4742      0.4742      0.4742      0.2845
164     A         B          164           SER           88.94           294    294    124     6.303     6.303     4.123     0.5301      0.5301      0.5301      0.3324
165     A         B          165           CYS           91.01           294    294    124     6.303     6.303     4.123     0.5664      0.5664      0.5664      0.3657
166     A         B          166           LYS           86.58           294    294    124     6.303     6.303     4.123     0.4977      0.4977      0.4977      0.3037
167     A         B          167           ALA           87.41           294    294    124     6.303     6.303     4.123     0.3550      0.3550      0.3550      0.1936
168     A         B          168           THR           78.08           294    294    124     6.303     6.303     4.123     0.2691      0.2691      0.2691      0.1375
169     A         B          169           GLY           74.77           294    294     82     6.303     6.303     3.236     0.1713      0.1861      0.1861      0.0572
170     A         B          170           GLN           55.01           294    294     15     6.303     6.303     1.000     0.1242      0.1673      0.1673      0.0050
171     B         A            1           PRO           57.04           294    294     56     6.303     6.303     2.476     0.1581      0.2526      0.2526      0.0522
172     B         A            2           MET           71.81           294    294    170     6.303     6.303     4.861     0.4091      0.4091      0.4091      0.2982
173     B         A            3           GLY           85.45           294    294    170     6.303     6.303     4.861     0.6022      0.6022      0.6022      0.4825
174     B         A            4           PHE           90.57           294    294    170     6.303     6.303     4.861     0.8125      0.8125      0.8125      0.7254
175     B         A            5           ALA           92.66           294    294    170     6.303     6.303     4.861     0.8820      0.8820      0.8820      0.8190
176     B         A            6           LEU           93.31           294    294    170     6.303     6.303     4.861     0.8959      0.8959      0.8959      0.8386
177     B         A            7           ASP           95.30           294    294    170     6.303     6.303     4.861     0.9197      0.9197      0.9197      0.8734
178     B         A            8           VAL           97.11           294    294    170     6.303     6.303     4.861     0.9283      0.9283      0.9283      0.8864
179     B         A            9           ALA           96.45           294    294    170     6.303     6.303     4.861     0.9228      0.9228      0.9228      0.8782
180     B         A           10           VAL           96.04           294    294    170     6.303     6.303     4.861     0.9268      0.9268      0.9268      0.8840
181     B         A           11           ALA           96.62           294    294    170     6.303     6.303     4.861     0.9267      0.9267      0.9267      0.8840
182     B         A           12           ALA           97.78           294    294    170     6.303     6.303     4.861     0.9236      0.9236      0.9236      0.8792
183     B         A           13           ALA           97.07           294    294    170     6.303     6.303     4.861     0.9176      0.9176      0.9176      0.8702
184     B         A           14           LYS           96.07           294    294    170     6.303     6.303     4.861     0.9117      0.9117      0.9117      0.8613
185     B         A           15           ALA           97.56           294    294    170     6.303     6.303     4.861     0.9174      0.9174      0.9174      0.8698
186     B         A           16           LEU           97.41           294    294    170     6.303     6.303     4.861     0.9061      0.9061      0.9061      0.8530
187     B         A           17           VAL           96.68           294    294    170     6.303     6.303     4.861     0.8883      0.8883      0.8883      0.8271
188     B         A           18           ALA           96.35           294    294    170     6.303     6.303     4.861     0.8873      0.8873      0.8873      0.8257
189     B         A           19           ALA           97.48           294    294    170     6.303     6.303     4.861     0.8723      0.8723      0.8723      0.8045
190     B         A           20           ARG           95.50           294    294    170     6.303     6.303     4.861     0.8126      0.8126      0.8126      0.7234
191     B         A           21           ARG           94.33           294    294    170     6.303     6.303     4.861     0.7183      0.7183      0.7183      0.6066
192     B         A           22           GLY           95.57           294    294    170     6.303     6.303     4.861     0.6845      0.6845      0.6845      0.5686
193     B         A           23           GLY           96.20           294    294    170     6.303     6.303     4.861     0.5284      0.5284      0.5284      0.4047
194     B         A           24           ALA           96.10           294    294    170     6.303     6.303     4.861     0.6751      0.6751      0.6751      0.5560
195     B         A           25           SER           96.64           294    294    170     6.303     6.303     4.861     0.6642      0.6642      0.6642      0.5440
196     B         A           26           GLU           95.77           294    294    170     6.303     6.303     4.861     0.6864      0.6864      0.6864      0.5691
197     B         A           27           GLU           96.95           294    294    170     6.303     6.303     4.861     0.6810      0.6810      0.6810      0.5627
198     B         A           28           LEU           97.00           294    294    170     6.303     6.303     4.861     0.8223      0.8223      0.8223      0.7356
199     B         A           29           LEU           96.28           294    294    170     6.303     6.303     4.861     0.8311      0.8311      0.8311      0.7475
200     B         A           30           GLU           96.72           294    294    170     6.303     6.303     4.861     0.7994      0.7994      0.7994      0.7059
201     B         A           31           GLU           96.41           294    294    170     6.303     6.303     4.861     0.8044      0.8044      0.8044      0.7125
202     B         A           32           ALA           97.85           294    294    170     6.303     6.303     4.861     0.8754      0.8754      0.8754      0.8084
203     B         A           33           ARG           97.21           294    294    170     6.303     6.303     4.861     0.8453      0.8453      0.8453      0.7668
204     B         A           34           ARG           97.49           294    294    170     6.303     6.303     4.861     0.8206      0.8206      0.8206      0.7337
205     B         A           35           ARG           97.75           294    294    170     6.303     6.303     4.861     0.8688      0.8688      0.8688      0.7993
206     B         A           36           VAL           98.07           294    294    170     6.303     6.303     4.861     0.9002      0.9002      0.9002      0.8442
207     B         A           37           ALA           97.40           294    294    170     6.303     6.303     4.861     0.8750      0.8750      0.8750      0.8080
208     B         A           38           GLU           97.46           294    294    170     6.303     6.303     4.861     0.8388      0.8388      0.8388      0.7582
209     B         A           39           LEU           97.62           294    294    170     6.303     6.303     4.861     0.8917      0.8917      0.8917      0.8319
210     B         A           40           LEU           96.66           294    294    170     6.303     6.303     4.861     0.8838      0.8838      0.8838      0.8206
211     B         A           41           GLY           95.20           294    294    170     6.303     6.303     4.861     0.7920      0.7920      0.7920      0.6975
212     B         A           42           ARG           94.03           294    294    170     6.303     6.303     4.861     0.7805      0.7805      0.7805      0.6828
213     B         A           43           PHE           93.36           294    294    170     6.303     6.303     4.861     0.8243      0.8243      0.8243      0.7389
214     B         A           44           ALA           90.39           294    294    170     6.303     6.303     4.861     0.7321      0.7321      0.7321      0.6250
215     B         A           45           PRO           86.14           294    294    170     6.303     6.303     4.861     0.6198      0.6198      0.6198      0.5008
216     B         A           46           ASP           85.46           294    294    170     6.303     6.303     4.861     0.6448      0.6448      0.6448      0.5292
217     B         A           47           VAL           90.44           294    294    170     6.303     6.303     4.861     0.7423      0.7423      0.7423      0.6382
218     B         A           48           ASP           91.51           294    294    170     6.303     6.303     4.861     0.8104      0.8104      0.8104      0.7221
219     B         A           49           ALA           94.69           294    294    170     6.303     6.303     4.861     0.8167      0.8167      0.8167      0.7304
220     B         A           50           GLU           94.47           294    294    170     6.303     6.303     4.861     0.8358      0.8358      0.8358      0.7554
221     B         A           51           ALA           93.62           294    294    170     6.303     6.303     4.861     0.8718      0.8718      0.8718      0.8046
222     B         A           52           LEU           94.70           294    294    170     6.303     6.303     4.861     0.8889      0.8889      0.8889      0.8285
223     B         A           53           LEU           96.48           294    294    170     6.303     6.303     4.861     0.8939      0.8939      0.8939      0.8355
224     B         A           54           GLU           94.97           294    294    170     6.303     6.303     4.861     0.8605      0.8605      0.8605      0.7890
225     B         A           55           GLU           94.52           294    294    170     6.303     6.303     4.861     0.8886      0.8886      0.8886      0.8284
226     B         A           56           LEU           96.13           294    294    170     6.303     6.303     4.861     0.9158      0.9158      0.9158      0.8676
227     B         A           57           ILE           96.60           294    294    170     6.303     6.303     4.861     0.9151      0.9151      0.9151      0.8665
228     B         A           58           ALA           94.70           294    294    170     6.303     6.303     4.861     0.8689      0.8689      0.8689      0.8006
229     B         A           59           SER           92.68           294    294    170     6.303     6.303     4.861     0.8471      0.8471      0.8471      0.7710
230     B         A           60           ALA           94.40           294    294    170     6.303     6.303     4.861     0.8754      0.8754      0.8754      0.8095
231     B         A           61           GLU           93.73           294    294    170     6.303     6.303     4.861     0.8359      0.8359      0.8359      0.7554
232     B         A           62           GLU           90.32           294    294    170     6.303     6.303     4.861     0.7489      0.7489      0.7489      0.6462
233     B         A           63           HIS           87.98           294    294    170     6.303     6.303     4.861     0.7538      0.7538      0.7538      0.6519
234     B         A           64           GLY           88.22           294    294    170     6.303     6.303     4.861     0.6155      0.6155      0.6155      0.4977
235     B         A           65           VAL           87.45           294    294    170     6.303     6.303     4.861     0.5638      0.5638      0.5638      0.4417
236     B         A           66           THR           81.97           294    294    170     6.303     6.303     4.861     0.4706      0.4706      0.4706      0.3534
237     B         A           67           SER           86.53           294    294    170     6.303     6.303     4.861     0.5371      0.5371      0.5371      0.4139
238     B         A           68           PRO           85.37           294    294    170     6.303     6.303     4.861     0.6034      0.6034      0.6034      0.4815
239     B         A           69           ALA           83.45           294    294    170     6.303     6.303     4.861     0.6527      0.6527      0.6527      0.5360
240     B         A           70           ASP           90.73           294    294    170     6.303     6.303     4.861     0.7945      0.7945      0.7945      0.7022
241     B         A           71           PRO           88.39           294    294    170     6.303     6.303     4.861     0.8465      0.8465      0.8465      0.7709
242     B         A           72           THR           92.17           294    294    170     6.303     6.303     4.861     0.8882      0.8882      0.8882      0.8282
243     B         A           73           ALA           95.18           294    294    170     6.303     6.303     4.861     0.8960      0.8960      0.8960      0.8388
244     B         A           74           GLU           92.95           294    294    170     6.303     6.303     4.861     0.8918      0.8918      0.8918      0.8330
245     B         A           75           PHE           93.01           294    294    170     6.303     6.303     4.861     0.9001      0.9001      0.9001      0.8454
246     B         A           76           TYR           95.39           294    294    170     6.303     6.303     4.861     0.9177      0.9177      0.9177      0.8708
247     B         A           77           ALA           96.05           294    294    170     6.303     6.303     4.861     0.8956      0.8956      0.8956      0.8381
248     B         A           78           LYS           90.91           294    294    170     6.303     6.303     4.861     0.8085      0.8085      0.8085      0.7199
249     B         A           79           SER           91.65           294    294    170     6.303     6.303     4.861     0.8080      0.8080      0.8080      0.7199
250     B         A           80           PRO           87.45           294    294    170     6.303     6.303     4.861     0.7608      0.7608      0.7608      0.6619
251     B         A           81           ASN           91.75           294    294    170     6.303     6.303     4.861     0.8171      0.8171      0.8171      0.7315
252     B         A           82           PRO           94.76           294    294    170     6.303     6.303     4.861     0.7798      0.7798      0.7798      0.6838
253     B         A           83           ALA           93.54           294    294    170     6.303     6.303     4.861     0.8639      0.8639      0.8639      0.7933
254     B         A           84           TYR           94.34           294    294    170     6.303     6.303     4.861     0.8865      0.8865      0.8865      0.8254
255     B         A           85           ALA           96.50           294    294    170     6.303     6.303     4.861     0.8922      0.8922      0.8922      0.8334
256     B         A           86           ARG           97.32           294    294    170     6.303     6.303     4.861     0.8854      0.8854      0.8854      0.8233
257     B         A           87           PHE           96.89           294    294    170     6.303     6.303     4.861     0.9194      0.9194      0.9194      0.8731
258     B         A           88           GLY           97.58           294    294    170     6.303     6.303     4.861     0.8965      0.8965      0.8965      0.8394
259     B         A           89           ARG           97.76           294    294    170     6.303     6.303     4.861     0.8909      0.8909      0.8909      0.8316
260     B         A           90           LEU           98.35           294    294    170     6.303     6.303     4.861     0.9136      0.9136      0.9136      0.8641
261     B         A           91           VAL           97.75           294    294    170     6.303     6.303     4.861     0.9197      0.9197      0.9197      0.8735
262     B         A           92           LEU           97.31           294    294    170     6.303     6.303     4.861     0.9126      0.9126      0.9126      0.8627
263     B         A           93           GLU           97.88           294    294    170     6.303     6.303     4.861     0.8902      0.8902      0.8902      0.8303
264     B         A           94           GLY           98.35           294    294    170     6.303     6.303     4.861     0.8774      0.8774      0.8774      0.8114
265     B         A           95           ALA           97.41           294    294    170     6.303     6.303     4.861     0.8933      0.8933      0.8933      0.8345
266     B         A           96           ALA           97.45           294    294    170     6.303     6.303     4.861     0.8996      0.8996      0.8996      0.8436
267     B         A           97           ALA           98.21           294    294    170     6.303     6.303     4.861     0.8772      0.8772      0.8772      0.8112
268     B         A           98           LEU           97.81           294    294    170     6.303     6.303     4.861     0.8701      0.8701      0.8701      0.8010
269     B         A           99           ALA           97.05           294    294    170     6.303     6.303     4.861     0.8323      0.8323      0.8323      0.7491
270     B         A          100           GLU           96.23           294    294    170     6.303     6.303     4.861     0.7942      0.7942      0.7942      0.6998
271     B         A          101           GLY           96.98           294    294    170     6.303     6.303     4.861     0.7019      0.7019      0.7019      0.5875
272     B         A          102           THR           97.32           294    294    170     6.303     6.303     4.861     0.7529      0.7529      0.7529      0.6472
273     B         A          103           GLU           96.62           294    294    170     6.303     6.303     4.861     0.7155      0.7155      0.7155      0.6020
274     B         A          104           GLU           97.37           294    294    170     6.303     6.303     4.861     0.7572      0.7572      0.7572      0.6531
275     B         A          105           GLY           98.03           294    294    170     6.303     6.303     4.861     0.8285      0.8285      0.8285      0.7437
276     B         A          106           VAL           97.77           294    294    170     6.303     6.303     4.861     0.8431      0.8431      0.8431      0.7636
277     B         A          107           ARG           97.78           294    294    170     6.303     6.303     4.861     0.7916      0.7916      0.7916      0.6959
278     B         A          108           ARG           97.84           294    294    170     6.303     6.303     4.861     0.8478      0.8478      0.8478      0.7706
279     B         A          109           GLY           98.46           294    294    170     6.303     6.303     4.861     0.8649      0.8649      0.8649      0.7937
280     B         A          110           VAL           98.05           294    294    170     6.303     6.303     4.861     0.8676      0.8676      0.8676      0.7975
281     B         A          111           ALA           98.52           294    294    170     6.303     6.303     4.861     0.8659      0.8659      0.8659      0.7953
282     B         A          112           LEU           98.52           294    294    170     6.303     6.303     4.861     0.9127      0.9127      0.9127      0.8626
283     B         A          113           PHE           98.34           294    294    170     6.303     6.303     4.861     0.9116      0.9116      0.9116      0.8611
284     B         A          114           GLY           98.26           294    294    170     6.303     6.303     4.861     0.8724      0.8724      0.8724      0.8044
285     B         A          115           GLU           98.27           294    294    170     6.303     6.303     4.861     0.8900      0.8900      0.8900      0.8298
286     B         A          116           ALA           97.99           294    294    170     6.303     6.303     4.861     0.9117      0.9117      0.9117      0.8612
287     B         A          117           LEU           97.36           294    294    170     6.303     6.303     4.861     0.9023      0.9023      0.9023      0.8475
288     B         A          118           GLU           97.23           294    294    170     6.303     6.303     4.861     0.8674      0.8674      0.8674      0.7977
289     B         A          119           LEU           96.56           294    294    170     6.303     6.303     4.861     0.8751      0.8751      0.8751      0.8086
290     B         A          120           ALA           93.78           294    294    170     6.303     6.303     4.861     0.8322      0.8322      0.8322      0.7503
291     B         A          121           ALA           92.31           294    294    170     6.303     6.303     4.861     0.7487      0.7487      0.7487      0.6443
292     B         A          122           SER           90.26           294    294    170     6.303     6.303     4.861     0.6227      0.6227      0.6227      0.5034
293     B         A          123           LEU           88.05           294    294    170     6.303     6.303     4.861     0.5627      0.5627      0.5627      0.4430
294     B         A          124           ALA           76.95           294    294    129     6.303     6.303     4.213     0.2243      0.2521      0.2521      0.1356
