i   AlignChn ScoredChain  AlignResNum  AlignResType  AlignRespLDDT      n0chn  n0dom  n0res    d0chn     d0dom     d0res   ipTM_pae  ipSAE_d0chn ipSAE_d0dom    ipSAE 
1       A         B            1           LYS           93.32           299    298    129     6.351     6.341     4.213     0.3366      0.3366      0.3359      0.1851
2       A         B            2           VAL           98.12           299    298    129     6.351     6.341     4.213     0.7568      0.7568      0.7563      0.5848
3       A         B            3           CYS           98.17           299    298    129     6.351     6.341     4.213     0.8432      0.8432      0.8429      0.7079
4       A         B            4           ASN           97.78           299    298    129     6.351     6.341     4.213     0.8615      0.8615      0.8611      0.7367
5       A         B            5           GLY           98.56           299    298    129     6.351     6.341     4.213     0.8441      0.8441      0.8437      0.7122
6       A         B            6           ILE           97.66           299    298    129     6.351     6.341     4.213     0.8616      0.8616      0.8612      0.7388
7       A         B            7           GLY           95.15           299    298    129     6.351     6.341     4.213     0.7516      0.7516      0.7511      0.5813
8       A         B            8           ILE           93.60           299    298    129     6.351     6.341     4.213     0.7432      0.7432      0.7427      0.5705
9       A         B            9           GLY           94.92           299    298    129     6.351     6.341     4.213     0.6703      0.6703      0.6697      0.4798
10      A         B           10           GLU           93.06           299    298    129     6.351     6.341     4.213     0.6383      0.6383      0.6376      0.4506
11      A         B           11           PHE           96.34           299    298    129     6.351     6.341     4.213     0.7863      0.7863      0.7859      0.6274
12      A         B           12           LYS           93.09           299    298    129     6.351     6.341     4.213     0.7311      0.7311      0.7306      0.5600
13      A         B           13           ASP           89.86           299    298    129     6.351     6.341     4.213     0.6874      0.6874      0.6868      0.5121
14      A         B           14           SER           95.23           299    298    129     6.351     6.341     4.213     0.7818      0.7818      0.7814      0.6265
15      A         B           15           LEU           96.07           299    298    129     6.351     6.341     4.213     0.8218      0.8218      0.8214      0.6809
16      A         B           16           SER           98.20           299    298    129     6.351     6.341     4.213     0.8865      0.8865      0.8862      0.7812
17      A         B           17           ILE           98.25           299    298    129     6.351     6.341     4.213     0.8839      0.8839      0.8836      0.7743
18      A         B           18           ASN           98.37           299    298    129     6.351     6.341     4.213     0.8752      0.8752      0.8749      0.7596
19      A         B           19           ALA           98.41           299    298    129     6.351     6.341     4.213     0.8528      0.8528      0.8524      0.7245
20      A         B           20           THR           96.20           299    298    129     6.351     6.341     4.213     0.7341      0.7341      0.7335      0.5605
21      A         B           21           ASN           97.66           299    298    129     6.351     6.341     4.213     0.8496      0.8496      0.8492      0.7199
22      A         B           22           ILE           98.29           299    298    129     6.351     6.341     4.213     0.8413      0.8413      0.8410      0.7069
23      A         B           23           LYS           95.90           299    298    129     6.351     6.341     4.213     0.7381      0.7381      0.7375      0.5653
24      A         B           24           HIS           95.86           299    298    129     6.351     6.341     4.213     0.7200      0.7200      0.7195      0.5409
25      A         B           25           PHE           98.11           299    298    129     6.351     6.341     4.213     0.8337      0.8337      0.8333      0.6934
26      A         B           26           LYS           97.29           299    298    129     6.351     6.341     4.213     0.7909      0.7909      0.7904      0.6324
27      A         B           27           ASN           96.55           299    298    129     6.351     6.341     4.213     0.7064      0.7064      0.7058      0.5200
28      A         B           28           CYS           98.52           299    298    129     6.351     6.341     4.213     0.8098      0.8098      0.8093      0.6561
29      A         B           29           THR           98.74           299    298    129     6.351     6.341     4.213     0.8090      0.8090      0.8086      0.6546
30      A         B           30           SER           98.72           299    298    129     6.351     6.341     4.213     0.8693      0.8693      0.8690      0.7481
31      A         B           31           ILE           98.84           299    298    129     6.351     6.341     4.213     0.8939      0.8939      0.8936      0.7899
32      A         B           32           SER           98.30           299    298    129     6.351     6.341     4.213     0.8697      0.8697      0.8694      0.7489
33      A         B           33           GLY           98.05           299    298    129     6.351     6.341     4.213     0.8571      0.8571      0.8567      0.7305
34      A         B           34           ASP           98.22           299    298    129     6.351     6.341     4.213     0.8938      0.8938      0.8935      0.7909
35      A         B           35           LEU           98.66           299    298    129     6.351     6.341     4.213     0.8844      0.8844      0.8841      0.7755
36      A         B           36           HIS           97.72           299    298    129     6.351     6.341     4.213     0.8462      0.8462      0.8458      0.7152
37      A         B           37           ILE           98.90           299    298    129     6.351     6.341     4.213     0.9258      0.9258      0.9256      0.8489
38      A         B           38           LEU           98.49           299    298    129     6.351     6.341     4.213     0.9331      0.9331      0.9329      0.8624
39      A         B           39           PRO           98.37           299    298    129     6.351     6.341     4.213     0.9131      0.9131      0.9129      0.8258
40      A         B           40           VAL           97.54           299    298    129     6.351     6.341     4.213     0.8970      0.8970      0.8967      0.7981
41      A         B           41           ALA           98.59           299    298    129     6.351     6.341     4.213     0.9040      0.9040      0.9037      0.8098
42      A         B           42           PHE           98.46           299    298    129     6.351     6.341     4.213     0.8892      0.8892      0.8889      0.7845
43      A         B           43           ARG           97.77           299    298    129     6.351     6.341     4.213     0.8211      0.8211      0.8207      0.6783
44      A         B           44           GLY           98.11           299    298    129     6.351     6.341     4.213     0.7463      0.7463      0.7458      0.5811
45      A         B           45           ASP           96.54           299    298    129     6.351     6.341     4.213     0.7087      0.7087      0.7082      0.5372
46      A         B           46           SER           93.88           299    298    129     6.351     6.341     4.213     0.6251      0.6251      0.6245      0.4467
47      A         B           47           PHE           93.76           299    298    129     6.351     6.341     4.213     0.6949      0.6949      0.6943      0.5219
48      A         B           48           THR           94.97           299    298    129     6.351     6.341     4.213     0.7079      0.7079      0.7074      0.5374
49      A         B           49           HIS           95.81           299    298    129     6.351     6.341     4.213     0.6921      0.6921      0.6915      0.5198
50      A         B           50           THR           97.24           299    298    129     6.351     6.341     4.213     0.7723      0.7723      0.7718      0.6144
51      A         B           51           PRO           98.22           299    298    129     6.351     6.341     4.213     0.7723      0.7723      0.7718      0.6120
52      A         B           52           PRO           98.29           299    298    129     6.351     6.341     4.213     0.8334      0.8334      0.8329      0.6958
53      A         B           53           LEU           98.72           299    298    129     6.351     6.341     4.213     0.8643      0.8643      0.8639      0.7431
54      A         B           54           ASP           98.18           299    298    129     6.351     6.341     4.213     0.8120      0.8120      0.8116      0.6636
55      A         B           55           PRO           96.75           299    298    129     6.351     6.341     4.213     0.7487      0.7487      0.7481      0.5763
56      A         B           56           GLN           97.18           299    298    129     6.351     6.341     4.213     0.7086      0.7086      0.7080      0.5264
57      A         B           57           GLU           98.04           299    298    129     6.351     6.341     4.213     0.8140      0.8140      0.8135      0.6635
58      A         B           58           LEU           98.28           299    298    129     6.351     6.341     4.213     0.8389      0.8389      0.8385      0.7012
59      A         B           59           ASP           97.70           299    298    129     6.351     6.341     4.213     0.8142      0.8142      0.8138      0.6649
60      A         B           60           ILE           98.10           299    298    129     6.351     6.341     4.213     0.8386      0.8386      0.8382      0.6998
61      A         B           61           LEU           98.77           299    298    129     6.351     6.341     4.213     0.8786      0.8786      0.8782      0.7642
62      A         B           62           LYS           98.01           299    298    129     6.351     6.341     4.213     0.8269      0.8269      0.8265      0.6831
63      A         B           63           THR           98.44           299    298    129     6.351     6.341     4.213     0.8108      0.8108      0.8103      0.6579
64      A         B           64           VAL           98.84           299    298    129     6.351     6.341     4.213     0.8858      0.8858      0.8855      0.7758
65      A         B           65           LYS           98.86           299    298    129     6.351     6.341     4.213     0.8525      0.8525      0.8521      0.7208
66      A         B           66           GLU           98.86           299    298    129     6.351     6.341     4.213     0.9003      0.9003      0.9000      0.8008
67      A         B           67           ILE           98.97           299    298    129     6.351     6.341     4.213     0.9239      0.9239      0.9236      0.8439
68      A         B           68           THR           98.82           299    298    129     6.351     6.341     4.213     0.9079      0.9079      0.9077      0.8147
69      A         B           69           GLY           98.52           299    298    129     6.351     6.341     4.213     0.8960      0.8960      0.8958      0.7945
70      A         B           70           PHE           98.47           299    298    129     6.351     6.341     4.213     0.9234      0.9234      0.9232      0.8436
71      A         B           71           LEU           98.98           299    298    129     6.351     6.341     4.213     0.9386      0.9386      0.9384      0.8723
72      A         B           72           LEU           98.54           299    298    129     6.351     6.341     4.213     0.9344      0.9344      0.9342      0.8645
73      A         B           73           ILE           98.95           299    298    129     6.351     6.341     4.213     0.9345      0.9345      0.9343      0.8647
74      A         B           74           GLN           98.59           299    298    129     6.351     6.341     4.213     0.9161      0.9161      0.9158      0.8309
75      A         B           75           ALA           98.65           299    298    129     6.351     6.341     4.213     0.9125      0.9125      0.9123      0.8239
76      A         B           76           TRP           98.71           299    298    129     6.351     6.341     4.213     0.8954      0.8954      0.8951      0.7940
77      A         B           77           PRO           97.20           299    298    129     6.351     6.341     4.213     0.8047      0.8047      0.8042      0.6510
78      A         B           78           GLU           91.15           299    298    129     6.351     6.341     4.213     0.5941      0.5941      0.5934      0.4049
79      A         B           79           ASN           92.07           299    298    129     6.351     6.341     4.213     0.5160      0.5160      0.5153      0.3316
80      A         B           80           ARG           96.04           299    298    129     6.351     6.341     4.213     0.6831      0.6831      0.6825      0.4938
81      A         B           81           THR           95.33           299    298    129     6.351     6.341     4.213     0.6179      0.6179      0.6172      0.4226
82      A         B           82           ASP           96.58           299    298    129     6.351     6.341     4.213     0.7288      0.7288      0.7283      0.5480
83      A         B           83           LEU           98.68           299    298    129     6.351     6.341     4.213     0.8270      0.8270      0.8266      0.6824
84      A         B           84           HIS           94.31           299    298    129     6.351     6.341     4.213     0.6301      0.6301      0.6294      0.4356
85      A         B           85           ALA           97.94           299    298    129     6.351     6.341     4.213     0.7686      0.7686      0.7681      0.5991
86      A         B           86           PHE           98.90           299    298    129     6.351     6.341     4.213     0.8736      0.8736      0.8733      0.7560
87      A         B           87           GLU           97.52           299    298    129     6.351     6.341     4.213     0.7989      0.7989      0.7984      0.6430
88      A         B           88           ASN           98.71           299    298    129     6.351     6.341     4.213     0.8563      0.8563      0.8559      0.7272
89      A         B           89           LEU           98.96           299    298    129     6.351     6.341     4.213     0.9012      0.9012      0.9009      0.8026
90      A         B           90           GLU           98.91           299    298    129     6.351     6.341     4.213     0.8721      0.8721      0.8717      0.7528
91      A         B           91           ILE           98.87           299    298    129     6.351     6.341     4.213     0.8904      0.8904      0.8901      0.7836
92      A         B           92           ILE           98.98           299    298    129     6.351     6.341     4.213     0.9200      0.9200      0.9198      0.8367
93      A         B           93           ARG           98.87           299    298    129     6.351     6.341     4.213     0.8924      0.8924      0.8921      0.7871
94      A         B           94           GLY           98.37           299    298    129     6.351     6.341     4.213     0.8730      0.8730      0.8727      0.7547
95      A         B           95           ARG           96.78           299    298    129     6.351     6.341     4.213     0.8178      0.8178      0.8174      0.6690
96      A         B           96           THR           95.73           299    298    129     6.351     6.341     4.213     0.8836      0.8836      0.8832      0.7735
97      A         B           97           LYS           95.44           299    298    129     6.351     6.341     4.213     0.8954      0.8954      0.8951      0.7942
98      A         B           98           GLN           96.46           299    298    129     6.351     6.341     4.213     0.8968      0.8968      0.8965      0.7964
99      A         B           99           HIS           94.14           299    298    129     6.351     6.341     4.213     0.8818      0.8818      0.8815      0.7710
100     A         B          100           GLY           93.53           299    298    129     6.351     6.341     4.213     0.8799      0.8799      0.8796      0.7673
101     A         B          101           GLN           94.76           299    298    129     6.351     6.341     4.213     0.8715      0.8715      0.8712      0.7541
102     A         B          102           PHE           97.72           299    298    129     6.351     6.341     4.213     0.9214      0.9214      0.9212      0.8401
103     A         B          103           SER           98.42           299    298    129     6.351     6.341     4.213     0.9021      0.9021      0.9018      0.8055
104     A         B          104           LEU           98.89           299    298    129     6.351     6.341     4.213     0.9296      0.9296      0.9294      0.8552
105     A         B          105           ALA           98.60           299    298    129     6.351     6.341     4.213     0.9198      0.9198      0.9196      0.8373
106     A         B          106           VAL           98.84           299    298    129     6.351     6.341     4.213     0.9207      0.9207      0.9205      0.8388
107     A         B          107           VAL           98.11           299    298    129     6.351     6.341     4.213     0.8709      0.8709      0.8705      0.7530
108     A         B          108           SER           97.16           299    298    129     6.351     6.341     4.213     0.8698      0.8698      0.8694      0.7508
109     A         B          109           LEU           98.62           299    298    129     6.351     6.341     4.213     0.8947      0.8947      0.8944      0.7922
110     A         B          110           ASN           97.12           299    298    129     6.351     6.341     4.213     0.8600      0.8600      0.8596      0.7352
111     A         B          111           ILE           98.19           299    298    129     6.351     6.341     4.213     0.8688      0.8688      0.8685      0.7486
112     A         B          112           THR           95.40           299    298    129     6.351     6.341     4.213     0.8253      0.8253      0.8249      0.6803
113     A         B          113           SER           94.87           299    298    129     6.351     6.341     4.213     0.7315      0.7315      0.7309      0.5515
114     A         B          114           LEU           97.88           299    298    129     6.351     6.341     4.213     0.8242      0.8242      0.8238      0.6779
115     A         B          115           GLY           96.42           299    298    129     6.351     6.341     4.213     0.6960      0.6960      0.6954      0.5082
116     A         B          116           LEU           97.81           299    298    129     6.351     6.341     4.213     0.7905      0.7905      0.7900      0.6287
117     A         B          117           ARG           93.22           299    298    129     6.351     6.341     4.213     0.5998      0.5998      0.5991      0.4065
118     A         B          118           SER           98.32           299    298    129     6.351     6.341     4.213     0.8070      0.8070      0.8066      0.6517
119     A         B          119           LEU           98.17           299    298    129     6.351     6.341     4.213     0.8561      0.8561      0.8557      0.7265
120     A         B          120           LYS           97.35           299    298    129     6.351     6.341     4.213     0.6898      0.6898      0.6891      0.5001
121     A         B          121           GLU           98.56           299    298    129     6.351     6.341     4.213     0.8599      0.8599      0.8596      0.7332
122     A         B          122           ILE           98.86           299    298    129     6.351     6.341     4.213     0.8977      0.8977      0.8974      0.7965
123     A         B          123           SER           98.79           299    298    129     6.351     6.341     4.213     0.8651      0.8651      0.8647      0.7414
124     A         B          124           ASP           97.54           299    298    129     6.351     6.341     4.213     0.8770      0.8770      0.8766      0.7620
125     A         B          125           GLY           97.50           299    298    129     6.351     6.341     4.213     0.8581      0.8581      0.8577      0.7323
126     A         B          126           ASP           97.13           299    298    129     6.351     6.341     4.213     0.8998      0.8998      0.8995      0.8011
127     A         B          127           VAL           98.52           299    298    129     6.351     6.341     4.213     0.9116      0.9116      0.9114      0.8222
128     A         B          128           ILE           98.27           299    298    129     6.351     6.341     4.213     0.8989      0.8989      0.8986      0.7999
129     A         B          129           ILE           98.51           299    298    129     6.351     6.341     4.213     0.9085      0.9085      0.9082      0.8166
130     A         B          130           SER           97.31           299    298    129     6.351     6.341     4.213     0.8132      0.8132      0.8127      0.6640
131     A         B          131           GLY           97.63           299    298    129     6.351     6.341     4.213     0.8366      0.8366      0.8362      0.6989
132     A         B          132           ASN           98.29           299    298    129     6.351     6.341     4.213     0.8628      0.8628      0.8625      0.7387
133     A         B          133           LYS           95.35           299    298    129     6.351     6.341     4.213     0.7978      0.7978      0.7973      0.6420
134     A         B          134           ASN           96.31           299    298    129     6.351     6.341     4.213     0.8158      0.8158      0.8154      0.6661
135     A         B          135           LEU           97.95           299    298    129     6.351     6.341     4.213     0.8346      0.8346      0.8342      0.6938
136     A         B          136           CYS           96.19           299    298    129     6.351     6.341     4.213     0.6354      0.6354      0.6348      0.4414
137     A         B          137           TYR           90.40           299    298    129     6.351     6.341     4.213     0.3992      0.3992      0.3985      0.2303
138     A         B          138           ALA           94.18           299    298    129     6.351     6.341     4.213     0.4912      0.4912      0.4905      0.3038
139     A         B          139           ASN           85.25           299    298    129     6.351     6.341     4.213     0.4273      0.4273      0.4266      0.2525
140     A         B          140           THR           87.37           299    298    129     6.351     6.341     4.213     0.4254      0.4254      0.4247      0.2507
141     A         B          141           ILE           93.34           299    298    129     6.351     6.341     4.213     0.5987      0.5987      0.5980      0.4031
142     A         B          142           ASN           94.54           299    298    129     6.351     6.341     4.213     0.6538      0.6538      0.6531      0.4613
143     A         B          143           TRP           97.32           299    298    129     6.351     6.341     4.213     0.7855      0.7855      0.7850      0.6229
144     A         B          144           LYS           95.26           299    298    129     6.351     6.341     4.213     0.7404      0.7404      0.7399      0.5629
145     A         B          145           LYS           96.29           299    298    129     6.351     6.341     4.213     0.7064      0.7064      0.7058      0.5220
146     A         B          146           LEU           97.97           299    298    129     6.351     6.341     4.213     0.8123      0.8123      0.8118      0.6600
147     A         B          147           PHE           98.43           299    298    129     6.351     6.341     4.213     0.8219      0.8219      0.8215      0.6745
148     A         B          148           GLY           98.07           299    298    129     6.351     6.341     4.213     0.6128      0.6128      0.6121      0.4188
149     A         B          149           THR           94.94           299    298    129     6.351     6.341     4.213     0.6146      0.6146      0.6140      0.4234
150     A         B          150           SER           93.51           299    298    129     6.351     6.341     4.213     0.5397      0.5397      0.5390      0.3529
151     A         B          151           GLY           92.54           299    298    129     6.351     6.341     4.213     0.6465      0.6465      0.6459      0.4585
152     A         B          152           GLN           97.55           299    298    129     6.351     6.341     4.213     0.8007      0.8007      0.8002      0.6459
153     A         B          153           LYS           93.09           299    298    129     6.351     6.341     4.213     0.7836      0.7836      0.7831      0.6231
154     A         B          154           THR           95.77           299    298    129     6.351     6.341     4.213     0.7941      0.7941      0.7936      0.6373
155     A         B          155           LYS           95.44           299    298    129     6.351     6.341     4.213     0.7739      0.7739      0.7734      0.6108
156     A         B          156           ILE           95.89           299    298    129     6.351     6.341     4.213     0.7923      0.7923      0.7918      0.6350
157     A         B          157           ILE           93.91           299    298    129     6.351     6.341     4.213     0.6240      0.6240      0.6233      0.4331
158     A         B          158           SER           95.30           299    298    129     6.351     6.341     4.213     0.7295      0.7295      0.7289      0.5521
159     A         B          159           ASN           97.53           299    298    129     6.351     6.341     4.213     0.7994      0.7994      0.7989      0.6418
160     A         B          160           ARG           96.19           299    298    129     6.351     6.341     4.213     0.6885      0.6885      0.6879      0.4998
161     A         B          161           GLY           93.80           299    298    129     6.351     6.341     4.213     0.4981      0.4981      0.4974      0.3112
162     A         B          162           GLU           89.12           299    298    129     6.351     6.341     4.213     0.4730      0.4730      0.4723      0.2885
163     A         B          163           ASN           93.99           299    298    129     6.351     6.341     4.213     0.4074      0.4074      0.4067      0.2361
164     A         B          164           SER           93.94           299    298    129     6.351     6.341     4.213     0.4587      0.4587      0.4580      0.2756
165     A         B          165           CYS           94.99           299    298    129     6.351     6.341     4.213     0.4755      0.4755      0.4748      0.2891
166     A         B          166           LYS           93.29           299    298    129     6.351     6.341     4.213     0.4457      0.4457      0.4449      0.2652
167     A         B          167           ALA           94.04           299    298    129     6.351     6.341     4.213     0.3076      0.3076      0.3070      0.1652
168     A         B          168           THR           86.09           299    298    128     6.351     6.341     4.195     0.2066      0.2071      0.2066      0.1028
169     A         B          169           GLY           86.33           299    298     17     6.351     6.341     1.000     0.1284      0.1625      0.1621      0.0048
170     A         B          170           GLN           73.04           299    298      0     6.351     6.341     1.000     0.0921      0.0000      0.0000      0.0000
171     B         A            1           SER           76.51           299    299     14     6.351     6.351     1.000     0.1030      0.1703      0.1703      0.0051
172     B         A            2           MET           87.44           299    299    170     6.351     6.351     4.861     0.4986      0.4986      0.4986      0.3743
173     B         A            3           ARG           90.57           299    299    170     6.351     6.351     4.861     0.7217      0.7217      0.7217      0.6085
174     B         A            4           GLU           91.32           299    299    170     6.351     6.351     4.861     0.7311      0.7311      0.7311      0.6199
175     B         A            5           GLU           94.94           299    299    170     6.351     6.351     4.861     0.7691      0.7691      0.7691      0.6658
176     B         A            6           MET           96.46           299    299    170     6.351     6.351     4.861     0.8462      0.8462      0.8462      0.7665
177     B         A            7           LEU           95.27           299    299    170     6.351     6.351     4.861     0.8735      0.8735      0.8735      0.8043
178     B         A            8           ASP           94.54           299    299    170     6.351     6.351     4.861     0.8493      0.8493      0.8493      0.7706
179     B         A            9           LEU           96.72           299    299    170     6.351     6.351     4.861     0.8720      0.8720      0.8720      0.8023
180     B         A           10           VAL           97.64           299    299    170     6.351     6.351     4.861     0.9046      0.9046      0.9046      0.8496
181     B         A           11           THR           96.58           299    299    170     6.351     6.351     4.861     0.9005      0.9005      0.9005      0.8435
182     B         A           12           GLU           96.36           299    299    170     6.351     6.351     4.861     0.8734      0.8734      0.8734      0.8046
183     B         A           13           ARG           97.17           299    299    170     6.351     6.351     4.861     0.8931      0.8931      0.8931      0.8327
184     B         A           14           LEU           96.94           299    299    170     6.351     6.351     4.861     0.9131      0.9131      0.9131      0.8624
185     B         A           15           LEU           97.06           299    299    170     6.351     6.351     4.861     0.9031      0.9031      0.9031      0.8474
186     B         A           16           GLN           96.90           299    299    170     6.351     6.351     4.861     0.8948      0.8948      0.8948      0.8355
187     B         A           17           SER           97.54           299    299    170     6.351     6.351     4.861     0.9080      0.9080      0.9080      0.8549
188     B         A           18           SER           97.31           299    299    170     6.351     6.351     4.861     0.9191      0.9191      0.9191      0.8717
189     B         A           19           VAL           97.71           299    299    170     6.351     6.351     4.861     0.9228      0.9228      0.9228      0.8770
190     B         A           20           ARG           98.15           299    299    170     6.351     6.351     4.861     0.9220      0.9220      0.9220      0.8756
191     B         A           21           LEU           97.85           299    299    170     6.351     6.351     4.861     0.9304      0.9304      0.9304      0.8887
192     B         A           22           SER           97.68           299    299    170     6.351     6.351     4.861     0.9011      0.9011      0.9011      0.8451
193     B         A           23           GLU           98.19           299    299    170     6.351     6.351     4.861     0.9197      0.9197      0.9197      0.8726
194     B         A           24           SER           98.13           299    299    170     6.351     6.351     4.861     0.9014      0.9014      0.9014      0.8450
195     B         A           25           ILE           96.82           299    299    170     6.351     6.351     4.861     0.8644      0.8644      0.8644      0.7931
196     B         A           26           SER           96.71           299    299    170     6.351     6.351     4.861     0.8084      0.8084      0.8084      0.7181
197     B         A           27           GLU           96.41           299    299    170     6.351     6.351     4.861     0.8384      0.8384      0.8384      0.7567
198     B         A           28           GLN           94.36           299    299    170     6.351     6.351     4.861     0.7561      0.7561      0.7561      0.6514
199     B         A           29           THR           96.62           299    299    170     6.351     6.351     4.861     0.8053      0.8053      0.8053      0.7131
200     B         A           30           GLU           94.88           299    299    170     6.351     6.351     4.861     0.7662      0.7662      0.7662      0.6638
201     B         A           31           GLU           96.83           299    299    170     6.351     6.351     4.861     0.8412      0.8412      0.8412      0.7597
202     B         A           32           GLY           97.85           299    299    170     6.351     6.351     4.861     0.8593      0.8593      0.8593      0.7852
203     B         A           33           LEU           97.19           299    299    170     6.351     6.351     4.861     0.8793      0.8793      0.8793      0.8131
204     B         A           34           VAL           97.96           299    299    170     6.351     6.351     4.861     0.8892      0.8892      0.8892      0.8272
205     B         A           35           GLU           98.34           299    299    170     6.351     6.351     4.861     0.9070      0.9070      0.9070      0.8532
206     B         A           36           ALA           98.04           299    299    170     6.351     6.351     4.861     0.9042      0.9042      0.9042      0.8491
207     B         A           37           GLY           98.27           299    299    170     6.351     6.351     4.861     0.8814      0.8814      0.8814      0.8164
208     B         A           38           ILE           98.33           299    299    170     6.351     6.351     4.861     0.9060      0.9060      0.9060      0.8515
209     B         A           39           GLU           98.31           299    299    170     6.351     6.351     4.861     0.9188      0.9188      0.9188      0.8709
210     B         A           40           GLY           98.12           299    299    170     6.351     6.351     4.861     0.8891      0.8891      0.8891      0.8270
211     B         A           41           ALA           98.19           299    299    170     6.351     6.351     4.861     0.8949      0.8949      0.8949      0.8356
212     B         A           42           ARG           98.08           299    299    170     6.351     6.351     4.861     0.8992      0.8992      0.8992      0.8416
213     B         A           43           GLY           97.64           299    299    170     6.351     6.351     4.861     0.8713      0.8713      0.8713      0.8016
214     B         A           44           ILE           97.77           299    299    170     6.351     6.351     4.861     0.8940      0.8940      0.8940      0.8341
215     B         A           45           ALA           97.95           299    299    170     6.351     6.351     4.861     0.8735      0.8735      0.8735      0.8048
216     B         A           46           LEU           97.78           299    299    170     6.351     6.351     4.861     0.8764      0.8764      0.8764      0.8087
217     B         A           47           THR           95.49           299    299    170     6.351     6.351     4.861     0.8289      0.8289      0.8289      0.7436
218     B         A           48           PRO           97.40           299    299    170     6.351     6.351     4.861     0.8552      0.8552      0.8552      0.7790
219     B         A           49           LEU           97.76           299    299    170     6.351     6.351     4.861     0.8878      0.8878      0.8878      0.8247
220     B         A           50           LEU           96.65           299    299    170     6.351     6.351     4.861     0.8798      0.8798      0.8798      0.8135
221     B         A           51           SER           95.03           299    299    170     6.351     6.351     4.861     0.8349      0.8349      0.8349      0.7513
222     B         A           52           TYR           97.41           299    299    170     6.351     6.351     4.861     0.8717      0.8717      0.8717      0.8018
223     B         A           53           LEU           96.69           299    299    170     6.351     6.351     4.861     0.8487      0.8487      0.8487      0.7698
224     B         A           54           HIS           93.12           299    299    170     6.351     6.351     4.861     0.7591      0.7591      0.7591      0.6553
225     B         A           55           THR           91.08           299    299    170     6.351     6.351     4.861     0.7081      0.7081      0.7081      0.5939
226     B         A           56           GLY           94.02           299    299    170     6.351     6.351     4.861     0.6990      0.6990      0.6990      0.5833
227     B         A           57           GLU           92.56           299    299    170     6.351     6.351     4.861     0.5916      0.5916      0.5916      0.4661
228     B         A           58           ILE           95.89           299    299    170     6.351     6.351     4.861     0.6797      0.6797      0.6797      0.5600
229     B         A           59           LYS           90.09           299    299    170     6.351     6.351     4.861     0.5500      0.5500      0.5500      0.4238
230     B         A           60           ARG           86.05           299    299    170     6.351     6.351     4.861     0.4510      0.4510      0.4510      0.3311
231     B         A           61           GLU           81.93           299    299    170     6.351     6.351     4.861     0.4498      0.4498      0.4498      0.3324
232     B         A           62           ASP           85.78           299    299    170     6.351     6.351     4.861     0.5398      0.5398      0.5398      0.4165
233     B         A           63           GLU           89.44           299    299    170     6.351     6.351     4.861     0.6719      0.6719      0.6719      0.5561
234     B         A           64           THR           89.94           299    299    170     6.351     6.351     4.861     0.7629      0.7629      0.7629      0.6615
235     B         A           65           SER           94.29           299    299    170     6.351     6.351     4.861     0.8205      0.8205      0.8205      0.7336
236     B         A           66           VAL           95.82           299    299    170     6.351     6.351     4.861     0.8700      0.8700      0.8700      0.8009
237     B         A           67           TYR           95.33           299    299    170     6.351     6.351     4.861     0.8861      0.8861      0.8861      0.8240
238     B         A           68           PHE           95.77           299    299    170     6.351     6.351     4.861     0.9019      0.9019      0.9019      0.8469
239     B         A           69           LEU           97.39           299    299    170     6.351     6.351     4.861     0.8986      0.8986      0.8986      0.8413
240     B         A           70           GLU           95.95           299    299    170     6.351     6.351     4.861     0.8706      0.8706      0.8706      0.8014
241     B         A           71           SER           94.68           299    299    170     6.351     6.351     4.861     0.8438      0.8438      0.8438      0.7653
242     B         A           72           ILE           95.43           299    299    170     6.351     6.351     4.861     0.8436      0.8436      0.8436      0.7649
243     B         A           73           GLY           95.67           299    299    170     6.351     6.351     4.861     0.8124      0.8124      0.8124      0.7219
244     B         A           74           LYS           93.90           299    299    170     6.351     6.351     4.861     0.7327      0.7327      0.7327      0.6242
245     B         A           75           VAL           90.91           299    299    170     6.351     6.351     4.861     0.6679      0.6679      0.6679      0.5515
246     B         A           76           SER           95.29           299    299    170     6.351     6.351     4.861     0.7081      0.7081      0.7081      0.5961
247     B         A           77           PRO           93.13           299    299    170     6.351     6.351     4.861     0.6777      0.6777      0.6777      0.5602
248     B         A           78           PRO           94.49           299    299    170     6.351     6.351     4.861     0.5837      0.5837      0.5837      0.4604
249     B         A           79           GLU           90.74           299    299    170     6.351     6.351     4.861     0.4757      0.4757      0.4757      0.3534
250     B         A           80           ILE           96.34           299    299    170     6.351     6.351     4.861     0.6595      0.6595      0.6595      0.5384
251     B         A           81           ARG           96.50           299    299    170     6.351     6.351     4.861     0.7133      0.7133      0.7133      0.5993
252     B         A           82           GLU           96.92           299    299    170     6.351     6.351     4.861     0.7486      0.7486      0.7486      0.6411
253     B         A           83           LYS           98.06           299    299    170     6.351     6.351     4.861     0.8499      0.8499      0.8499      0.7712
254     B         A           84           ILE           97.77           299    299    170     6.351     6.351     4.861     0.8466      0.8466      0.8466      0.7674
255     B         A           85           GLU           97.40           299    299    170     6.351     6.351     4.861     0.8371      0.8371      0.8371      0.7548
256     B         A           86           THR           98.43           299    299    170     6.351     6.351     4.861     0.8565      0.8565      0.8565      0.7805
257     B         A           87           ALA           98.52           299    299    170     6.351     6.351     4.861     0.8801      0.8801      0.8801      0.8137
258     B         A           88           LYS           97.94           299    299    170     6.351     6.351     4.861     0.8734      0.8734      0.8734      0.8045
259     B         A           89           ARG           98.44           299    299    170     6.351     6.351     4.861     0.8532      0.8532      0.8532      0.7767
260     B         A           90           LEU           98.73           299    299    170     6.351     6.351     4.861     0.8743      0.8743      0.8743      0.8052
261     B         A           91           GLY           98.39           299    299    170     6.351     6.351     4.861     0.8603      0.8603      0.8603      0.7857
262     B         A           92           LEU           97.83           299    299    170     6.351     6.351     4.861     0.8787      0.8787      0.8787      0.8118
263     B         A           93           GLU           98.41           299    299    170     6.351     6.351     4.861     0.8535      0.8535      0.8535      0.7767
264     B         A           94           ILE           98.48           299    299    170     6.351     6.351     4.861     0.8724      0.8724      0.8724      0.8025
265     B         A           95           GLY           98.04           299    299    170     6.351     6.351     4.861     0.8264      0.8264      0.8264      0.7393
266     B         A           96           GLU           97.55           299    299    170     6.351     6.351     4.861     0.8411      0.8411      0.8411      0.7595
267     B         A           97           GLU           98.30           299    299    170     6.351     6.351     4.861     0.8301      0.8301      0.8301      0.7439
268     B         A           98           VAL           98.37           299    299    170     6.351     6.351     4.861     0.8511      0.8511      0.8511      0.7727
269     B         A           99           SER           97.89           299    299    170     6.351     6.351     4.861     0.8224      0.8224      0.8224      0.7336
270     B         A          100           GLU           98.04           299    299    170     6.351     6.351     4.861     0.8155      0.8155      0.8155      0.7249
271     B         A          101           MET           98.56           299    299    170     6.351     6.351     4.861     0.8319      0.8319      0.8319      0.7460
272     B         A          102           LEU           98.00           299    299    170     6.351     6.351     4.861     0.8243      0.8243      0.8243      0.7359
273     B         A          103           GLU           97.09           299    299    170     6.351     6.351     4.861     0.7557      0.7557      0.7557      0.6480
274     B         A          104           LYS           97.70           299    299    170     6.351     6.351     4.861     0.6875      0.6875      0.6875      0.5676
275     B         A          105           GLY           96.53           299    299    170     6.351     6.351     4.861     0.5512      0.5512      0.5512      0.4223
276     B         A          106           GLU           96.25           299    299    170     6.351     6.351     4.861     0.5899      0.5899      0.5899      0.4607
277     B         A          107           SER           96.31           299    299    170     6.351     6.351     4.861     0.7141      0.7141      0.7141      0.5981
278     B         A          108           LEU           96.60           299    299    170     6.351     6.351     4.861     0.7699      0.7699      0.7699      0.6653
279     B         A          109           GLU           96.15           299    299    170     6.351     6.351     4.861     0.7438      0.7438      0.7438      0.6337
280     B         A          110           GLU           97.42           299    299    170     6.351     6.351     4.861     0.7314      0.7314      0.7314      0.6183
281     B         A          111           VAL           98.18           299    299    170     6.351     6.351     4.861     0.8378      0.8378      0.8378      0.7540
282     B         A          112           LEU           97.66           299    299    170     6.351     6.351     4.861     0.8399      0.8399      0.8399      0.7570
283     B         A          113           LYS           98.05           299    299    170     6.351     6.351     4.861     0.8044      0.8044      0.8044      0.7097
284     B         A          114           LYS           98.20           299    299    170     6.351     6.351     4.861     0.8104      0.8104      0.8104      0.7175
285     B         A          115           ALA           98.33           299    299    170     6.351     6.351     4.861     0.8337      0.8337      0.8337      0.7485
286     B         A          116           GLU           97.52           299    299    170     6.351     6.351     4.861     0.8130      0.8130      0.8130      0.7214
287     B         A          117           GLU           98.64           299    299    170     6.351     6.351     4.861     0.8044      0.8044      0.8044      0.7094
288     B         A          118           LEU           98.71           299    299    170     6.351     6.351     4.861     0.8431      0.8431      0.8431      0.7613
289     B         A          119           VAL           98.50           299    299    170     6.351     6.351     4.861     0.8410      0.8410      0.8410      0.7586
290     B         A          120           LYS           98.34           299    299    170     6.351     6.351     4.861     0.8154      0.8154      0.8154      0.7242
291     B         A          121           LYS           98.57           299    299    170     6.351     6.351     4.861     0.7897      0.7897      0.7897      0.6902
292     B         A          122           ALA           98.66           299    299    170     6.351     6.351     4.861     0.8099      0.8099      0.8099      0.7169
293     B         A          123           GLU           97.82           299    299    170     6.351     6.351     4.861     0.8022      0.8022      0.8022      0.7069
294     B         A          124           GLU           98.61           299    299    170     6.351     6.351     4.861     0.7904      0.7904      0.7904      0.6912
295     B         A          125           GLU           98.42           299    299    170     6.351     6.351     4.861     0.7744      0.7744      0.7744      0.6712
296     B         A          126           VAL           98.27           299    299    170     6.351     6.351     4.861     0.7711      0.7711      0.7711      0.6674
297     B         A          127           ARG           96.89           299    299    170     6.351     6.351     4.861     0.6992      0.6992      0.6992      0.5808
298     B         A          128           LYS           96.99           299    299    170     6.351     6.351     4.861     0.5508      0.5508      0.5508      0.4216
299     B         A          129           LEU           95.33           299    299    170     6.351     6.351     4.861     0.2738      0.2738      0.2738      0.1818
