i   AlignChn ScoredChain  AlignResNum  AlignResType  AlignRespLDDT      n0chn  n0dom  n0res    d0chn     d0dom     d0res   ipTM_pae  ipSAE_d0chn ipSAE_d0dom    ipSAE 
1       A         B            1           LYS           92.81           294    293    124     6.303     6.293     4.123     0.3487      0.3487      0.3480      0.1885
2       A         B            2           VAL           97.52           294    293    124     6.303     6.293     4.123     0.7793      0.7793      0.7788      0.6081
3       A         B            3           CYS           97.04           294    293    124     6.303     6.293     4.123     0.8520      0.8520      0.8516      0.7158
4       A         B            4           ASN           97.02           294    293    124     6.303     6.293     4.123     0.8794      0.8794      0.8791      0.7609
5       A         B            5           GLY           97.86           294    293    124     6.303     6.293     4.123     0.8549      0.8549      0.8545      0.7226
6       A         B            6           ILE           95.64           294    293    124     6.303     6.293     4.123     0.8600      0.8600      0.8597      0.7307
7       A         B            7           GLY           91.89           294    293    124     6.303     6.293     4.123     0.7331      0.7331      0.7325      0.5517
8       A         B            8           ILE           90.14           294    293    124     6.303     6.293     4.123     0.7446      0.7446      0.7440      0.5661
9       A         B            9           GLY           93.72           294    293    124     6.303     6.293     4.123     0.6727      0.6727      0.6721      0.4768
10      A         B           10           GLU           88.80           294    293    124     6.303     6.293     4.123     0.6280      0.6280      0.6273      0.4330
11      A         B           11           PHE           94.38           294    293    124     6.303     6.293     4.123     0.8080      0.8080      0.8075      0.6512
12      A         B           12           LYS           90.30           294    293    124     6.303     6.293     4.123     0.7293      0.7293      0.7287      0.5496
13      A         B           13           ASP           85.87           294    293    124     6.303     6.293     4.123     0.6836      0.6836      0.6830      0.4992
14      A         B           14           THR           92.01           294    293    124     6.303     6.293     4.123     0.8257      0.8257      0.8253      0.6808
15      A         B           15           LEU           91.90           294    293    124     6.303     6.293     4.123     0.8536      0.8536      0.8532      0.7225
16      A         B           16           SER           95.13           294    293    124     6.303     6.293     4.123     0.9048      0.9048      0.9045      0.8067
17      A         B           17           ILE           95.80           294    293    124     6.303     6.293     4.123     0.8999      0.8999      0.8997      0.7974
18      A         B           18           ASN           94.60           294    293    124     6.303     6.293     4.123     0.8832      0.8832      0.8829      0.7679
19      A         B           19           ALA           96.48           294    293    124     6.303     6.293     4.123     0.8758      0.8758      0.8755      0.7558
20      A         B           20           THR           93.88           294    293    124     6.303     6.293     4.123     0.7922      0.7922      0.7917      0.6294
21      A         B           21           ASN           94.95           294    293    124     6.303     6.293     4.123     0.8661      0.8661      0.8658      0.7396
22      A         B           22           ILE           96.46           294    293    124     6.303     6.293     4.123     0.8565      0.8565      0.8561      0.7239
23      A         B           23           LYS           94.13           294    293    124     6.303     6.293     4.123     0.7541      0.7541      0.7536      0.5782
24      A         B           24           HIS           93.57           294    293    124     6.303     6.293     4.123     0.6952      0.6952      0.6945      0.5037
25      A         B           25           PHE           97.06           294    293    124     6.303     6.293     4.123     0.8402      0.8402      0.8398      0.6974
26      A         B           26           LYS           94.99           294    293    124     6.303     6.293     4.123     0.7757      0.7757      0.7752      0.6040
27      A         B           27           TYR           96.72           294    293    124     6.303     6.293     4.123     0.6666      0.6666      0.6659      0.4674
28      A         B           28           CYS           97.63           294    293    124     6.303     6.293     4.123     0.8169      0.8169      0.8164      0.6607
29      A         B           29           THR           97.80           294    293    124     6.303     6.293     4.123     0.8256      0.8256      0.8251      0.6732
30      A         B           30           ALA           98.36           294    293    124     6.303     6.293     4.123     0.8907      0.8907      0.8904      0.7795
31      A         B           31           ILE           98.42           294    293    124     6.303     6.293     4.123     0.9128      0.9128      0.9126      0.8195
32      A         B           32           SER           97.59           294    293    124     6.303     6.293     4.123     0.8785      0.8785      0.8782      0.7590
33      A         B           33           GLY           97.56           294    293    124     6.303     6.293     4.123     0.8932      0.8932      0.8929      0.7851
34      A         B           34           ASP           97.22           294    293    124     6.303     6.293     4.123     0.9121      0.9121      0.9119      0.8191
35      A         B           35           LEU           97.90           294    293    124     6.303     6.293     4.123     0.9222      0.9222      0.9220      0.8381
36      A         B           36           HIS           96.01           294    293    124     6.303     6.293     4.123     0.9075      0.9075      0.9073      0.8118
37      A         B           37           ILE           97.42           294    293    124     6.303     6.293     4.123     0.9439      0.9439      0.9437      0.8798
38      A         B           38           LEU           94.56           294    293    124     6.303     6.293     4.123     0.9389      0.9389      0.9387      0.8701
39      A         B           39           PRO           91.74           294    293    124     6.303     6.293     4.123     0.9148      0.9148      0.9146      0.8247
40      A         B           40           VAL           90.54           294    293    124     6.303     6.293     4.123     0.9006      0.9006      0.9004      0.7993
41      A         B           41           ALA           95.21           294    293    124     6.303     6.293     4.123     0.9036      0.9036      0.9033      0.8042
42      A         B           42           PHE           95.12           294    293    124     6.303     6.293     4.123     0.8860      0.8860      0.8857      0.7739
43      A         B           43           LYS           90.62           294    293    124     6.303     6.293     4.123     0.7413      0.7413      0.7407      0.5637
44      A         B           44           GLY           93.44           294    293    124     6.303     6.293     4.123     0.7213      0.7213      0.7207      0.5406
45      A         B           45           ASP           89.38           294    293    124     6.303     6.293     4.123     0.7042      0.7042      0.7036      0.5194
46      A         B           46           SER           85.64           294    293    124     6.303     6.293     4.123     0.5855      0.5855      0.5848      0.3944
47      A         B           47           PHE           85.20           294    293    124     6.303     6.293     4.123     0.6759      0.6759      0.6753      0.4875
48      A         B           48           THR           87.84           294    293    124     6.303     6.293     4.123     0.6948      0.6948      0.6941      0.5076
49      A         B           49           ARG           92.54           294    293    124     6.303     6.293     4.123     0.6724      0.6724      0.6717      0.4827
50      A         B           50           THR           93.01           294    293    124     6.303     6.293     4.123     0.7463      0.7463      0.7457      0.5701
51      A         B           51           PRO           95.73           294    293    124     6.303     6.293     4.123     0.7606      0.7606      0.7600      0.5875
52      A         B           52           PRO           95.45           294    293    124     6.303     6.293     4.123     0.8248      0.8248      0.8244      0.6757
53      A         B           53           LEU           97.09           294    293    124     6.303     6.293     4.123     0.8735      0.8735      0.8732      0.7522
54      A         B           54           ASP           96.17           294    293    124     6.303     6.293     4.123     0.8236      0.8236      0.8232      0.6733
55      A         B           55           PRO           95.50           294    293    124     6.303     6.293     4.123     0.7657      0.7657      0.7652      0.5913
56      A         B           56           ARG           95.97           294    293    124     6.303     6.293     4.123     0.7359      0.7359      0.7353      0.5528
57      A         B           57           GLU           96.69           294    293    124     6.303     6.293     4.123     0.8405      0.8405      0.8401      0.6974
58      A         B           58           LEU           97.40           294    293    124     6.303     6.293     4.123     0.8740      0.8740      0.8736      0.7516
59      A         B           59           GLU           96.21           294    293    124     6.303     6.293     4.123     0.8193      0.8193      0.8189      0.6663
60      A         B           60           ILE           96.64           294    293    124     6.303     6.293     4.123     0.8424      0.8424      0.8420      0.7001
61      A         B           61           LEU           97.93           294    293    124     6.303     6.293     4.123     0.8966      0.8966      0.8963      0.7903
62      A         B           62           LYS           97.11           294    293    124     6.303     6.293     4.123     0.8631      0.8631      0.8628      0.7336
63      A         B           63           THR           97.45           294    293    124     6.303     6.293     4.123     0.8185      0.8185      0.8181      0.6635
64      A         B           64           VAL           98.39           294    293    124     6.303     6.293     4.123     0.9033      0.9033      0.9031      0.8020
65      A         B           65           LYS           98.45           294    293    124     6.303     6.293     4.123     0.8644      0.8644      0.8641      0.7349
66      A         B           66           GLU           98.43           294    293    124     6.303     6.293     4.123     0.9167      0.9167      0.9165      0.8265
67      A         B           67           ILE           98.80           294    293    124     6.303     6.293     4.123     0.9436      0.9436      0.9434      0.8784
68      A         B           68           THR           98.40           294    293    124     6.303     6.293     4.123     0.9257      0.9257      0.9255      0.8436
69      A         B           69           GLY           98.27           294    293    124     6.303     6.293     4.123     0.9268      0.9268      0.9266      0.8459
70      A         B           70           PHE           98.30           294    293    124     6.303     6.293     4.123     0.9466      0.9466      0.9465      0.8848
71      A         B           71           LEU           98.81           294    293    124     6.303     6.293     4.123     0.9579      0.9579      0.9578      0.9078
72      A         B           72           LEU           97.46           294    293    124     6.303     6.293     4.123     0.9514      0.9514      0.9512      0.8946
73      A         B           73           ILE           98.02           294    293    124     6.303     6.293     4.123     0.9541      0.9541      0.9540      0.9001
74      A         B           74           GLN           95.35           294    293    124     6.303     6.293     4.123     0.9298      0.9298      0.9296      0.8529
75      A         B           75           ALA           95.43           294    293    124     6.303     6.293     4.123     0.9358      0.9358      0.9356      0.8633
76      A         B           76           TRP           96.94           294    293    124     6.303     6.293     4.123     0.9270      0.9270      0.9268      0.8466
77      A         B           77           PRO           96.01           294    293    124     6.303     6.293     4.123     0.8519      0.8519      0.8515      0.7169
78      A         B           78           ASP           87.04           294    293    124     6.303     6.293     4.123     0.6682      0.6682      0.6675      0.4764
79      A         B           79           ASN           90.01           294    293    124     6.303     6.293     4.123     0.5877      0.5877      0.5870      0.3914
80      A         B           80           TRP           96.34           294    293    124     6.303     6.293     4.123     0.8507      0.8507      0.8503      0.7136
81      A         B           81           THR           94.27           294    293    124     6.303     6.293     4.123     0.7634      0.7634      0.7629      0.5865
82      A         B           82           ASP           95.32           294    293    124     6.303     6.293     4.123     0.8348      0.8348      0.8344      0.6886
83      A         B           83           LEU           97.86           294    293    124     6.303     6.293     4.123     0.9049      0.9049      0.9046      0.8051
84      A         B           84           HIS           95.12           294    293    124     6.303     6.293     4.123     0.8178      0.8178      0.8174      0.6628
85      A         B           85           ALA           96.72           294    293    124     6.303     6.293     4.123     0.8460      0.8460      0.8456      0.7057
86      A         B           86           PHE           98.60           294    293    124     6.303     6.293     4.123     0.9155      0.9155      0.9153      0.8245
87      A         B           87           GLU           96.69           294    293    124     6.303     6.293     4.123     0.8438      0.8438      0.8434      0.7033
88      A         B           88           ASN           98.23           294    293    124     6.303     6.293     4.123     0.8861      0.8861      0.8858      0.7716
89      A         B           89           LEU           98.74           294    293    124     6.303     6.293     4.123     0.9262      0.9262      0.9260      0.8442
90      A         B           90           GLU           98.62           294    293    124     6.303     6.293     4.123     0.8985      0.8985      0.8982      0.7933
91      A         B           91           ILE           98.63           294    293    124     6.303     6.293     4.123     0.9178      0.9178      0.9175      0.8284
92      A         B           92           ILE           98.83           294    293    124     6.303     6.293     4.123     0.9446      0.9446      0.9445      0.8804
93      A         B           93           ARG           98.64           294    293    124     6.303     6.293     4.123     0.9142      0.9142      0.9140      0.8219
94      A         B           94           GLY           98.32           294    293    124     6.303     6.293     4.123     0.8998      0.8998      0.8995      0.7960
95      A         B           95           ARG           96.89           294    293    124     6.303     6.293     4.123     0.8615      0.8615      0.8611      0.7307
96      A         B           96           THR           95.53           294    293    124     6.303     6.293     4.123     0.9276      0.9276      0.9274      0.8474
97      A         B           97           LYS           95.41           294    293    124     6.303     6.293     4.123     0.9408      0.9408      0.9406      0.8733
98      A         B           98           GLN           96.32           294    293    124     6.303     6.293     4.123     0.9447      0.9447      0.9445      0.8810
99      A         B           99           HIS           95.49           294    293    124     6.303     6.293     4.123     0.9547      0.9547      0.9546      0.9013
100     A         B          100           GLY           94.79           294    293    124     6.303     6.293     4.123     0.9372      0.9372      0.9371      0.8669
101     A         B          101           GLN           94.79           294    293    124     6.303     6.293     4.123     0.9263      0.9263      0.9261      0.8458
102     A         B          102           PHE           97.46           294    293    124     6.303     6.293     4.123     0.9614      0.9614      0.9613      0.9149
103     A         B          103           SER           97.88           294    293    124     6.303     6.293     4.123     0.9367      0.9367      0.9365      0.8650
104     A         B          104           LEU           98.55           294    293    124     6.303     6.293     4.123     0.9585      0.9585      0.9584      0.9089
105     A         B          105           ALA           97.60           294    293    124     6.303     6.293     4.123     0.9474      0.9474      0.9472      0.8866
106     A         B          106           VAL           97.71           294    293    124     6.303     6.293     4.123     0.9530      0.9530      0.9529      0.8978
107     A         B          107           VAL           95.45           294    293    124     6.303     6.293     4.123     0.9253      0.9253      0.9251      0.8443
108     A         B          108           GLY           94.79           294    293    124     6.303     6.293     4.123     0.9106      0.9106      0.9103      0.8166
109     A         B          109           LEU           96.62           294    293    124     6.303     6.293     4.123     0.9400      0.9400      0.9398      0.8716
110     A         B          110           ASN           94.22           294    293    124     6.303     6.293     4.123     0.9079      0.9079      0.9077      0.8120
111     A         B          111           ILE           96.61           294    293    124     6.303     6.293     4.123     0.9229      0.9229      0.9227      0.8388
112     A         B          112           THR           93.24           294    293    124     6.303     6.293     4.123     0.8878      0.8878      0.8875      0.7754
113     A         B          113           SER           93.16           294    293    124     6.303     6.293     4.123     0.8148      0.8148      0.8143      0.6588
114     A         B          114           LEU           96.66           294    293    124     6.303     6.293     4.123     0.8844      0.8844      0.8841      0.7687
115     A         B          115           GLY           94.87           294    293    124     6.303     6.293     4.123     0.7899      0.7899      0.7894      0.6225
116     A         B          116           LEU           96.35           294    293    124     6.303     6.293     4.123     0.8479      0.8479      0.8475      0.7081
117     A         B          117           ARG           91.72           294    293    124     6.303     6.293     4.123     0.6930      0.6930      0.6924      0.5015
118     A         B          118           SER           97.10           294    293    124     6.303     6.293     4.123     0.8386      0.8386      0.8381      0.6931
119     A         B          119           LEU           96.81           294    293    124     6.303     6.293     4.123     0.8947      0.8947      0.8944      0.7862
120     A         B          120           LYS           96.13           294    293    124     6.303     6.293     4.123     0.7493      0.7493      0.7487      0.5668
121     A         B          121           GLU           98.03           294    293    124     6.303     6.293     4.123     0.8963      0.8963      0.8960      0.7892
122     A         B          122           ILE           98.51           294    293    124     6.303     6.293     4.123     0.9296      0.9296      0.9294      0.8510
123     A         B          123           SER           98.20           294    293    124     6.303     6.293     4.123     0.8926      0.8926      0.8923      0.7829
124     A         B          124           ASP           96.99           294    293    124     6.303     6.293     4.123     0.9180      0.9180      0.9178      0.8291
125     A         B          125           GLY           97.33           294    293    124     6.303     6.293     4.123     0.9056      0.9056      0.9053      0.8069
126     A         B          126           ASP           97.09           294    293    124     6.303     6.293     4.123     0.9400      0.9400      0.9398      0.8716
127     A         B          127           VAL           97.83           294    293    124     6.303     6.293     4.123     0.9503      0.9503      0.9501      0.8922
128     A         B          128           ILE           97.22           294    293    124     6.303     6.293     4.123     0.9537      0.9537      0.9536      0.8992
129     A         B          129           ILE           97.27           294    293    124     6.303     6.293     4.123     0.9522      0.9522      0.9521      0.8962
130     A         B          130           SER           95.47           294    293    124     6.303     6.293     4.123     0.9009      0.9009      0.9006      0.7999
131     A         B          131           GLY           95.55           294    293    124     6.303     6.293     4.123     0.9051      0.9051      0.9048      0.8067
132     A         B          132           ASN           95.94           294    293    124     6.303     6.293     4.123     0.9291      0.9291      0.9289      0.8506
133     A         B          133           ARG           91.99           294    293    124     6.303     6.293     4.123     0.8555      0.8555      0.8552      0.7247
134     A         B          134           ASN           93.60           294    293    124     6.303     6.293     4.123     0.8960      0.8960      0.8957      0.7900
135     A         B          135           LEU           95.93           294    293    124     6.303     6.293     4.123     0.8989      0.8989      0.8986      0.7947
136     A         B          136           CYS           92.45           294    293    124     6.303     6.293     4.123     0.7145      0.7145      0.7139      0.5279
137     A         B          137           TYR           86.21           294    293    124     6.303     6.293     4.123     0.5347      0.5347      0.5339      0.3359
138     A         B          138           ALA           90.85           294    293    124     6.303     6.293     4.123     0.6064      0.6064      0.6057      0.4051
139     A         B          139           ASN           80.94           294    293    124     6.303     6.293     4.123     0.5032      0.5032      0.5025      0.3097
140     A         B          140           THR           81.17           294    293    124     6.303     6.293     4.123     0.5172      0.5172      0.5165      0.3217
141     A         B          141           ILE           88.00           294    293    124     6.303     6.293     4.123     0.6231      0.6231      0.6224      0.4213
142     A         B          142           ASN           91.43           294    293    124     6.303     6.293     4.123     0.6806      0.6806      0.6800      0.4840
143     A         B          143           TRP           95.64           294    293    124     6.303     6.293     4.123     0.8368      0.8368      0.8364      0.6910
144     A         B          144           LYS           93.20           294    293    124     6.303     6.293     4.123     0.7904      0.7904      0.7899      0.6234
145     A         B          145           LYS           93.92           294    293    124     6.303     6.293     4.123     0.7674      0.7674      0.7669      0.5912
146     A         B          146           LEU           96.17           294    293    124     6.303     6.293     4.123     0.8568      0.8568      0.8564      0.7221
147     A         B          147           PHE           97.64           294    293    124     6.303     6.293     4.123     0.8692      0.8692      0.8689      0.7426
148     A         B          148           GLY           96.74           294    293    124     6.303     6.293     4.123     0.6717      0.6717      0.6711      0.4739
149     A         B          149           THR           91.57           294    293    124     6.303     6.293     4.123     0.6842      0.6842      0.6835      0.4892
150     A         B          150           PRO           91.42           294    293    124     6.303     6.293     4.123     0.6508      0.6508      0.6501      0.4542
151     A         B          151           ASN           87.56           294    293    124     6.303     6.293     4.123     0.7248      0.7248      0.7242      0.5407
152     A         B          152           GLN           95.94           294    293    124     6.303     6.293     4.123     0.8576      0.8576      0.8572      0.7248
153     A         B          153           LYS           92.49           294    293    124     6.303     6.293     4.123     0.7998      0.7998      0.7993      0.6406
154     A         B          154           THR           94.01           294    293    124     6.303     6.293     4.123     0.8583      0.8583      0.8580      0.7281
155     A         B          155           LYS           94.48           294    293    124     6.303     6.293     4.123     0.8887      0.8887      0.8884      0.7782
156     A         B          156           ILE           94.26           294    293    124     6.303     6.293     4.123     0.8970      0.8970      0.8968      0.7924
157     A         B          157           MET           92.66           294    293    124     6.303     6.293     4.123     0.7941      0.7941      0.7936      0.6342
158     A         B          158           ASN           93.65           294    293    124     6.303     6.293     4.123     0.8695      0.8695      0.8692      0.7456
159     A         B          159           ASN           95.23           294    293    124     6.303     6.293     4.123     0.9064      0.9064      0.9061      0.8082
160     A         B          160           ARG           92.59           294    293    124     6.303     6.293     4.123     0.8338      0.8338      0.8334      0.6879
161     A         B          161           ALA           89.97           294    293    124     6.303     6.293     4.123     0.7057      0.7057      0.7051      0.5171
162     A         B          162           GLU           84.90           294    293    124     6.303     6.293     4.123     0.6276      0.6276      0.6269      0.4289
163     A         B          163           LYS           88.94           294    293    124     6.303     6.293     4.123     0.5858      0.5858      0.5851      0.3850
164     A         B          164           ASP           88.31           294    293    124     6.303     6.293     4.123     0.6136      0.6136      0.6129      0.4123
165     A         B          165           CYS           89.94           294    293    124     6.303     6.293     4.123     0.6053      0.6053      0.6046      0.4042
166     A         B          166           LYS           83.85           294    293    124     6.303     6.293     4.123     0.4907      0.4907      0.4899      0.2977
167     A         B          167           ALA           78.11           294    293    124     6.303     6.293     4.123     0.2991      0.2991      0.2985      0.1562
168     A         B          168           VAL           70.83           294    293     47     6.303     6.293     2.137     0.1526      0.1852      0.1847      0.0256
169     A         B          169           ASN           61.48           294    293      1     6.303     6.293     1.000     0.0824      0.1548      0.1544      0.0046
170     A         B          170           HIS           53.16           294    293      0     6.303     6.293     1.000     0.0655      0.0000      0.0000      0.0000
171     B         A            1           PRO           60.61           294    294    108     6.303     6.303     3.818     0.2272      0.2814      0.2814      0.1327
172     B         A            2           MET           80.15           294    294    170     6.303     6.303     4.861     0.6123      0.6123      0.6123      0.4944
173     B         A            3           GLY           92.47           294    294    170     6.303     6.303     4.861     0.8400      0.8400      0.8400      0.7620
174     B         A            4           PHE           93.50           294    294    170     6.303     6.303     4.861     0.9287      0.9287      0.9287      0.8880
175     B         A            5           ALA           94.38           294    294    170     6.303     6.303     4.861     0.9337      0.9337      0.9337      0.8955
176     B         A            6           LEU           94.96           294    294    170     6.303     6.303     4.861     0.9405      0.9405      0.9405      0.9058
177     B         A            7           ASP           95.95           294    294    170     6.303     6.303     4.861     0.9506      0.9506      0.9506      0.9214
178     B         A            8           VAL           97.30           294    294    170     6.303     6.303     4.861     0.9522      0.9522      0.9522      0.9240
179     B         A            9           ALA           97.01           294    294    170     6.303     6.303     4.861     0.9461      0.9461      0.9461      0.9144
180     B         A           10           VAL           96.67           294    294    170     6.303     6.303     4.861     0.9488      0.9488      0.9488      0.9186
181     B         A           11           ALA           96.72           294    294    170     6.303     6.303     4.861     0.9469      0.9469      0.9469      0.9156
182     B         A           12           ALA           97.54           294    294    170     6.303     6.303     4.861     0.9413      0.9413      0.9413      0.9070
183     B         A           13           ALA           97.17           294    294    170     6.303     6.303     4.861     0.9356      0.9356      0.9356      0.8981
184     B         A           14           LYS           96.23           294    294    170     6.303     6.303     4.861     0.9316      0.9316      0.9316      0.8920
185     B         A           15           ALA           97.28           294    294    170     6.303     6.303     4.861     0.9346      0.9346      0.9346      0.8966
186     B         A           16           LEU           97.11           294    294    170     6.303     6.303     4.861     0.9245      0.9245      0.9245      0.8812
187     B         A           17           VAL           96.54           294    294    170     6.303     6.303     4.861     0.9085      0.9085      0.9085      0.8573
188     B         A           18           ALA           96.01           294    294    170     6.303     6.303     4.861     0.9095      0.9095      0.9095      0.8587
189     B         A           19           ALA           96.98           294    294    170     6.303     6.303     4.861     0.8949      0.8949      0.8949      0.8373
190     B         A           20           ARG           95.23           294    294    170     6.303     6.303     4.861     0.8421      0.8421      0.8421      0.7631
191     B         A           21           ARG           94.02           294    294    170     6.303     6.303     4.861     0.7390      0.7390      0.7390      0.6316
192     B         A           22           GLY           95.25           294    294    170     6.303     6.303     4.861     0.7216      0.7216      0.7216      0.6116
193     B         A           23           GLY           95.62           294    294    170     6.303     6.303     4.861     0.5801      0.5801      0.5801      0.4562
194     B         A           24           ALA           95.38           294    294    170     6.303     6.303     4.861     0.7204      0.7204      0.7204      0.6085
195     B         A           25           SER           95.72           294    294    170     6.303     6.303     4.861     0.6990      0.6990      0.6990      0.5836
196     B         A           26           GLU           95.21           294    294    170     6.303     6.303     4.861     0.7233      0.7233      0.7233      0.6121
197     B         A           27           GLU           95.19           294    294    170     6.303     6.303     4.861     0.7081      0.7081      0.7081      0.5940
198     B         A           28           LEU           95.20           294    294    170     6.303     6.303     4.861     0.8382      0.8382      0.8382      0.7574
199     B         A           29           LEU           96.11           294    294    170     6.303     6.303     4.861     0.8602      0.8602      0.8602      0.7877
200     B         A           30           GLU           96.41           294    294    170     6.303     6.303     4.861     0.8284      0.8284      0.8284      0.7444
201     B         A           31           GLU           95.54           294    294    170     6.303     6.303     4.861     0.8357      0.8357      0.8357      0.7542
202     B         A           32           ALA           97.17           294    294    170     6.303     6.303     4.861     0.8931      0.8931      0.8931      0.8344
203     B         A           33           ARG           96.78           294    294    170     6.303     6.303     4.861     0.8665      0.8665      0.8665      0.7966
204     B         A           34           ARG           97.10           294    294    170     6.303     6.303     4.861     0.8417      0.8417      0.8417      0.7626
205     B         A           35           ARG           97.33           294    294    170     6.303     6.303     4.861     0.8895      0.8895      0.8895      0.8294
206     B         A           36           VAL           97.75           294    294    170     6.303     6.303     4.861     0.9171      0.9171      0.9171      0.8699
207     B         A           37           ALA           97.25           294    294    170     6.303     6.303     4.861     0.8877      0.8877      0.8877      0.8268
208     B         A           38           GLU           96.88           294    294    170     6.303     6.303     4.861     0.8461      0.8461      0.8461      0.7688
209     B         A           39           LEU           97.37           294    294    170     6.303     6.303     4.861     0.9064      0.9064      0.9064      0.8540
210     B         A           40           LEU           96.81           294    294    170     6.303     6.303     4.861     0.8978      0.8978      0.8978      0.8415
211     B         A           41           GLY           95.59           294    294    170     6.303     6.303     4.861     0.8031      0.8031      0.8031      0.7123
212     B         A           42           ARG           93.78           294    294    170     6.303     6.303     4.861     0.7830      0.7830      0.7830      0.6865
213     B         A           43           PHE           93.23           294    294    170     6.303     6.303     4.861     0.8313      0.8313      0.8313      0.7490
214     B         A           44           ALA           90.49           294    294    170     6.303     6.303     4.861     0.7256      0.7256      0.7256      0.6183
215     B         A           45           PRO           85.54           294    294    170     6.303     6.303     4.861     0.5914      0.5914      0.5914      0.4719
216     B         A           46           ASP           84.70           294    294    170     6.303     6.303     4.861     0.6346      0.6346      0.6346      0.5193
217     B         A           47           VAL           90.66           294    294    170     6.303     6.303     4.861     0.7460      0.7460      0.7460      0.6437
218     B         A           48           ASP           93.68           294    294    170     6.303     6.303     4.861     0.8409      0.8409      0.8409      0.7629
219     B         A           49           ALA           94.96           294    294    170     6.303     6.303     4.861     0.8421      0.8421      0.8421      0.7645
220     B         A           50           GLU           94.46           294    294    170     6.303     6.303     4.861     0.8529      0.8529      0.8529      0.7790
221     B         A           51           ALA           94.44           294    294    170     6.303     6.303     4.861     0.8910      0.8910      0.8910      0.8326
222     B         A           52           LEU           95.29           294    294    170     6.303     6.303     4.861     0.9079      0.9079      0.9079      0.8567
223     B         A           53           LEU           96.27           294    294    170     6.303     6.303     4.861     0.9042      0.9042      0.9042      0.8514
224     B         A           54           GLU           95.13           294    294    170     6.303     6.303     4.861     0.8822      0.8822      0.8822      0.8199
225     B         A           55           GLU           95.21           294    294    170     6.303     6.303     4.861     0.9105      0.9105      0.9105      0.8608
226     B         A           56           LEU           96.67           294    294    170     6.303     6.303     4.861     0.9309      0.9309      0.9309      0.8909
227     B         A           57           ILE           96.66           294    294    170     6.303     6.303     4.861     0.9303      0.9303      0.9303      0.8901
228     B         A           58           ALA           94.99           294    294    170     6.303     6.303     4.861     0.8908      0.8908      0.8908      0.8322
229     B         A           59           SER           92.93           294    294    170     6.303     6.303     4.861     0.8714      0.8714      0.8714      0.8050
230     B         A           60           ALA           94.89           294    294    170     6.303     6.303     4.861     0.8964      0.8964      0.8964      0.8400
231     B         A           61           GLU           93.87           294    294    170     6.303     6.303     4.861     0.8570      0.8570      0.8570      0.7846
232     B         A           62           GLU           90.75           294    294    170     6.303     6.303     4.861     0.7872      0.7872      0.7872      0.6938
233     B         A           63           HIS           89.52           294    294    170     6.303     6.303     4.861     0.8022      0.8022      0.8022      0.7127
234     B         A           64           GLY           89.90           294    294    170     6.303     6.303     4.861     0.6788      0.6788      0.6788      0.5668
235     B         A           65           VAL           88.86           294    294    170     6.303     6.303     4.861     0.6439      0.6439      0.6439      0.5256
236     B         A           66           THR           82.57           294    294    170     6.303     6.303     4.861     0.5423      0.5423      0.5423      0.4217
237     B         A           67           SER           88.12           294    294    170     6.303     6.303     4.861     0.6163      0.6163      0.6163      0.4946
238     B         A           68           PRO           87.19           294    294    170     6.303     6.303     4.861     0.7085      0.7085      0.7085      0.5972
239     B         A           69           ALA           86.36           294    294    170     6.303     6.303     4.861     0.7570      0.7570      0.7570      0.6567
240     B         A           70           ASP           92.64           294    294    170     6.303     6.303     4.861     0.8724      0.8724      0.8724      0.8066
241     B         A           71           PRO           90.90           294    294    170     6.303     6.303     4.861     0.8974      0.8974      0.8974      0.8427
242     B         A           72           THR           93.24           294    294    170     6.303     6.303     4.861     0.9239      0.9239      0.9239      0.8811
243     B         A           73           ALA           95.56           294    294    170     6.303     6.303     4.861     0.9284      0.9284      0.9284      0.8874
244     B         A           74           GLU           93.52           294    294    170     6.303     6.303     4.861     0.9227      0.9227      0.9227      0.8792
245     B         A           75           PHE           93.60           294    294    170     6.303     6.303     4.861     0.9286      0.9286      0.9286      0.8883
246     B         A           76           TYR           94.93           294    294    170     6.303     6.303     4.861     0.9407      0.9407      0.9407      0.9064
247     B         A           77           ALA           95.47           294    294    170     6.303     6.303     4.861     0.9182      0.9182      0.9182      0.8720
248     B         A           78           LYS           90.03           294    294    170     6.303     6.303     4.861     0.8238      0.8238      0.8238      0.7405
249     B         A           79           SER           91.18           294    294    170     6.303     6.303     4.861     0.8486      0.8486      0.8486      0.7744
250     B         A           80           PRO           86.97           294    294    170     6.303     6.303     4.861     0.8164      0.8164      0.8164      0.7324
251     B         A           81           ASN           90.54           294    294    170     6.303     6.303     4.861     0.8629      0.8629      0.8629      0.7938
252     B         A           82           PRO           93.05           294    294    170     6.303     6.303     4.861     0.8256      0.8256      0.8256      0.7434
253     B         A           83           ALA           91.96           294    294    170     6.303     6.303     4.861     0.9000      0.9000      0.9000      0.8453
254     B         A           84           TYR           93.18           294    294    170     6.303     6.303     4.861     0.9199      0.9199      0.9199      0.8748
255     B         A           85           ALA           95.69           294    294    170     6.303     6.303     4.861     0.9227      0.9227      0.9227      0.8790
256     B         A           86           ARG           96.59           294    294    170     6.303     6.303     4.861     0.9133      0.9133      0.9133      0.8648
257     B         A           87           PHE           96.31           294    294    170     6.303     6.303     4.861     0.9410      0.9410      0.9410      0.9068
258     B         A           88           GLY           97.28           294    294    170     6.303     6.303     4.861     0.9203      0.9203      0.9203      0.8752
259     B         A           89           ARG           97.35           294    294    170     6.303     6.303     4.861     0.9152      0.9152      0.9152      0.8680
260     B         A           90           LEU           98.14           294    294    170     6.303     6.303     4.861     0.9348      0.9348      0.9348      0.8969
261     B         A           91           VAL           97.58           294    294    170     6.303     6.303     4.861     0.9392      0.9392      0.9392      0.9037
262     B         A           92           LEU           97.06           294    294    170     6.303     6.303     4.861     0.9361      0.9361      0.9361      0.8989
263     B         A           93           GLU           97.57           294    294    170     6.303     6.303     4.861     0.9129      0.9129      0.9129      0.8642
264     B         A           94           GLY           98.04           294    294    170     6.303     6.303     4.861     0.9033      0.9033      0.9033      0.8496
265     B         A           95           ALA           97.25           294    294    170     6.303     6.303     4.861     0.9150      0.9150      0.9150      0.8669
266     B         A           96           ALA           97.11           294    294    170     6.303     6.303     4.861     0.9201      0.9201      0.9201      0.8746
267     B         A           97           ALA           97.73           294    294    170     6.303     6.303     4.861     0.9008      0.9008      0.9008      0.8459
268     B         A           98           LEU           96.98           294    294    170     6.303     6.303     4.861     0.8809      0.8809      0.8809      0.8171
269     B         A           99           ALA           96.52           294    294    170     6.303     6.303     4.861     0.8558      0.8558      0.8558      0.7817
270     B         A          100           GLU           95.57           294    294    170     6.303     6.303     4.861     0.8259      0.8259      0.8259      0.7415
271     B         A          101           GLY           96.36           294    294    170     6.303     6.303     4.861     0.7353      0.7353      0.7353      0.6271
272     B         A          102           THR           96.75           294    294    170     6.303     6.303     4.861     0.7879      0.7879      0.7879      0.6913
273     B         A          103           GLU           95.93           294    294    170     6.303     6.303     4.861     0.7514      0.7514      0.7514      0.6455
274     B         A          104           GLU           96.73           294    294    170     6.303     6.303     4.861     0.7903      0.7903      0.7903      0.6949
275     B         A          105           GLY           97.52           294    294    170     6.303     6.303     4.861     0.8515      0.8515      0.8515      0.7754
276     B         A          106           VAL           97.25           294    294    170     6.303     6.303     4.861     0.8658      0.8658      0.8658      0.7954
277     B         A          107           ARG           97.29           294    294    170     6.303     6.303     4.861     0.8179      0.8179      0.8179      0.7305
278     B         A          108           ARG           97.43           294    294    170     6.303     6.303     4.861     0.8742      0.8742      0.8742      0.8077
279     B         A          109           GLY           98.17           294    294    170     6.303     6.303     4.861     0.8909      0.8909      0.8909      0.8313
280     B         A          110           VAL           97.66           294    294    170     6.303     6.303     4.861     0.8919      0.8919      0.8919      0.8329
281     B         A          111           ALA           98.25           294    294    170     6.303     6.303     4.861     0.8903      0.8903      0.8903      0.8306
282     B         A          112           LEU           98.26           294    294    170     6.303     6.303     4.861     0.9335      0.9335      0.9335      0.8948
283     B         A          113           PHE           98.20           294    294    170     6.303     6.303     4.861     0.9328      0.9328      0.9328      0.8937
284     B         A          114           GLY           98.12           294    294    170     6.303     6.303     4.861     0.8965      0.8965      0.8965      0.8396
285     B         A          115           GLU           97.92           294    294    170     6.303     6.303     4.861     0.9101      0.9101      0.9101      0.8599
286     B         A          116           ALA           97.83           294    294    170     6.303     6.303     4.861     0.9299      0.9299      0.9299      0.8893
287     B         A          117           LEU           97.22           294    294    170     6.303     6.303     4.861     0.9232      0.9232      0.9232      0.8792
288     B         A          118           GLU           97.05           294    294    170     6.303     6.303     4.861     0.8861      0.8861      0.8861      0.8249
289     B         A          119           LEU           96.21           294    294    170     6.303     6.303     4.861     0.8990      0.8990      0.8990      0.8437
290     B         A          120           ALA           93.79           294    294    170     6.303     6.303     4.861     0.8625      0.8625      0.8625      0.7922
291     B         A          121           ALA           91.00           294    294    170     6.303     6.303     4.861     0.7408      0.7408      0.7408      0.6358
292     B         A          122           SER           87.53           294    294    170     6.303     6.303     4.861     0.6526      0.6526      0.6526      0.5364
293     B         A          123           LEU           87.97           294    294    170     6.303     6.303     4.861     0.7147      0.7147      0.7147      0.6059
294     B         A          124           ALA           77.73           294    294    170     6.303     6.303     4.861     0.3431      0.3431      0.3431      0.2435
