i   AlignChn ScoredChain  AlignResNum  AlignResType  AlignRespLDDT      n0chn  n0dom  n0res    d0chn     d0dom     d0res   ipTM_pae  ipSAE_d0chn ipSAE_d0dom    ipSAE 
1       A         B            1           LYS           93.30           297    296    127     6.332     6.322     4.177     0.3169      0.3169      0.3162      0.1704
2       A         B            2           VAL           97.78           297    296    127     6.332     6.322     4.177     0.7648      0.7648      0.7643      0.5907
3       A         B            3           CYS           97.87           297    296    127     6.332     6.322     4.177     0.8242      0.8242      0.8238      0.6758
4       A         B            4           ASN           97.61           297    296    127     6.332     6.322     4.177     0.8477      0.8477      0.8474      0.7117
5       A         B            5           GLY           98.46           297    296    127     6.332     6.322     4.177     0.8219      0.8219      0.8214      0.6739
6       A         B            6           ILE           97.65           297    296    127     6.332     6.322     4.177     0.8302      0.8302      0.8298      0.6865
7       A         B            7           GLY           94.87           297    296    127     6.332     6.322     4.177     0.6848      0.6848      0.6842      0.4950
8       A         B            8           ILE           92.30           297    296    127     6.332     6.322     4.177     0.6648      0.6648      0.6641      0.4727
9       A         B            9           GLY           94.93           297    296    127     6.332     6.322     4.177     0.6052      0.6052      0.6045      0.4072
10      A         B           10           GLU           92.30           297    296    127     6.332     6.322     4.177     0.5867      0.5867      0.5860      0.3905
11      A         B           11           PHE           96.44           297    296    127     6.332     6.322     4.177     0.7576      0.7576      0.7571      0.5837
12      A         B           12           LYS           93.95           297    296    127     6.332     6.322     4.177     0.7108      0.7108      0.7102      0.5273
13      A         B           13           ASP           90.69           297    296    127     6.332     6.322     4.177     0.6863      0.6863      0.6857      0.5010
14      A         B           14           SER           94.48           297    296    127     6.332     6.322     4.177     0.7776      0.7776      0.7771      0.6128
15      A         B           15           LEU           93.47           297    296    127     6.332     6.322     4.177     0.7875      0.7875      0.7870      0.6261
16      A         B           16           SER           97.02           297    296    127     6.332     6.322     4.177     0.8621      0.8621      0.8618      0.7370
17      A         B           17           ILE           97.66           297    296    127     6.332     6.322     4.177     0.8687      0.8687      0.8684      0.7466
18      A         B           18           ASN           97.48           297    296    127     6.332     6.322     4.177     0.8498      0.8498      0.8494      0.7157
19      A         B           19           ALA           97.83           297    296    127     6.332     6.322     4.177     0.8435      0.8435      0.8431      0.7058
20      A         B           20           THR           95.98           297    296    127     6.332     6.322     4.177     0.7359      0.7359      0.7353      0.5559
21      A         B           21           ASN           97.44           297    296    127     6.332     6.322     4.177     0.8355      0.8355      0.8351      0.6933
22      A         B           22           ILE           97.75           297    296    127     6.332     6.322     4.177     0.8233      0.8233      0.8228      0.6746
23      A         B           23           LYS           95.30           297    296    127     6.332     6.322     4.177     0.7211      0.7211      0.7205      0.5376
24      A         B           24           HIS           94.92           297    296    127     6.332     6.322     4.177     0.6863      0.6863      0.6856      0.4949
25      A         B           25           PHE           98.01           297    296    127     6.332     6.322     4.177     0.8116      0.8116      0.8112      0.6567
26      A         B           26           LYS           96.42           297    296    127     6.332     6.322     4.177     0.7547      0.7547      0.7541      0.5786
27      A         B           27           ASN           96.46           297    296    127     6.332     6.322     4.177     0.6753      0.6753      0.6747      0.4801
28      A         B           28           CYS           98.24           297    296    127     6.332     6.322     4.177     0.7807      0.7807      0.7802      0.6121
29      A         B           29           THR           98.55           297    296    127     6.332     6.322     4.177     0.7933      0.7933      0.7928      0.6302
30      A         B           30           SER           98.41           297    296    127     6.332     6.322     4.177     0.8455      0.8455      0.8451      0.7081
31      A         B           31           ILE           98.74           297    296    127     6.332     6.322     4.177     0.8837      0.8837      0.8834      0.7709
32      A         B           32           SER           98.13           297    296    127     6.332     6.322     4.177     0.8395      0.8395      0.8391      0.6994
33      A         B           33           GLY           98.27           297    296    127     6.332     6.322     4.177     0.8542      0.8542      0.8539      0.7228
34      A         B           34           ASP           98.06           297    296    127     6.332     6.322     4.177     0.8695      0.8695      0.8692      0.7478
35      A         B           35           LEU           98.56           297    296    127     6.332     6.322     4.177     0.8810      0.8810      0.8807      0.7672
36      A         B           36           HIS           96.72           297    296    127     6.332     6.322     4.177     0.8278      0.8278      0.8273      0.6839
37      A         B           37           ILE           98.52           297    296    127     6.332     6.322     4.177     0.9166      0.9166      0.9164      0.8300
38      A         B           38           LEU           96.99           297    296    127     6.332     6.322     4.177     0.9154      0.9154      0.9152      0.8281
39      A         B           39           PRO           93.84           297    296    127     6.332     6.322     4.177     0.8841      0.8841      0.8838      0.7731
40      A         B           40           VAL           93.51           297    296    127     6.332     6.322     4.177     0.8602      0.8602      0.8599      0.7338
41      A         B           41           ALA           97.33           297    296    127     6.332     6.322     4.177     0.8711      0.8711      0.8708      0.7509
42      A         B           42           PHE           96.55           297    296    127     6.332     6.322     4.177     0.8458      0.8458      0.8454      0.7106
43      A         B           43           ARG           92.30           297    296    127     6.332     6.322     4.177     0.6641      0.6641      0.6634      0.4732
44      A         B           44           GLY           95.37           297    296    127     6.332     6.322     4.177     0.6478      0.6478      0.6471      0.4567
45      A         B           45           ASP           92.69           297    296    127     6.332     6.322     4.177     0.6208      0.6208      0.6202      0.4283
46      A         B           46           SER           87.72           297    296    127     6.332     6.322     4.177     0.5429      0.5429      0.5421      0.3526
47      A         B           47           PHE           88.94           297    296    127     6.332     6.322     4.177     0.5976      0.5976      0.5969      0.4045
48      A         B           48           THR           93.03           297    296    127     6.332     6.322     4.177     0.6291      0.6291      0.6284      0.4359
49      A         B           49           HIS           95.98           297    296    127     6.332     6.322     4.177     0.6195      0.6195      0.6188      0.4253
50      A         B           50           THR           96.24           297    296    127     6.332     6.322     4.177     0.6957      0.6957      0.6951      0.5087
51      A         B           51           PRO           97.42           297    296    127     6.332     6.322     4.177     0.7188      0.7188      0.7182      0.5355
52      A         B           52           PRO           97.11           297    296    127     6.332     6.322     4.177     0.7958      0.7958      0.7953      0.6357
53      A         B           53           LEU           97.96           297    296    127     6.332     6.322     4.177     0.8411      0.8411      0.8407      0.7020
54      A         B           54           ASP           96.99           297    296    127     6.332     6.322     4.177     0.7807      0.7807      0.7802      0.6137
55      A         B           55           PRO           94.98           297    296    127     6.332     6.322     4.177     0.7202      0.7202      0.7196      0.5351
56      A         B           56           GLN           96.14           297    296    127     6.332     6.322     4.177     0.6931      0.6931      0.6925      0.5022
57      A         B           57           GLU           96.95           297    296    127     6.332     6.322     4.177     0.7818      0.7818      0.7813      0.6139
58      A         B           58           LEU           97.51           297    296    127     6.332     6.322     4.177     0.8270      0.8270      0.8266      0.6792
59      A         B           59           ASP           96.82           297    296    127     6.332     6.322     4.177     0.8035      0.8035      0.8031      0.6449
60      A         B           60           ILE           97.52           297    296    127     6.332     6.322     4.177     0.8122      0.8122      0.8118      0.6571
61      A         B           61           LEU           98.39           297    296    127     6.332     6.322     4.177     0.8667      0.8667      0.8664      0.7419
62      A         B           62           LYS           97.62           297    296    127     6.332     6.322     4.177     0.8306      0.8306      0.8302      0.6846
63      A         B           63           THR           98.22           297    296    127     6.332     6.322     4.177     0.7886      0.7886      0.7881      0.6234
64      A         B           64           VAL           98.60           297    296    127     6.332     6.322     4.177     0.8742      0.8742      0.8739      0.7545
65      A         B           65           LYS           98.67           297    296    127     6.332     6.322     4.177     0.8275      0.8275      0.8271      0.6805
66      A         B           66           GLU           98.52           297    296    127     6.332     6.322     4.177     0.8819      0.8819      0.8816      0.7681
67      A         B           67           ILE           98.93           297    296    127     6.332     6.322     4.177     0.9181      0.9181      0.9179      0.8323
68      A         B           68           THR           98.75           297    296    127     6.332     6.322     4.177     0.8978      0.8978      0.8975      0.7959
69      A         B           69           GLY           98.76           297    296    127     6.332     6.322     4.177     0.9005      0.9005      0.9003      0.8008
70      A         B           70           PHE           98.77           297    296    127     6.332     6.322     4.177     0.9228      0.9228      0.9226      0.8412
71      A         B           71           LEU           98.94           297    296    127     6.332     6.322     4.177     0.9395      0.9395      0.9393      0.8731
72      A         B           72           LEU           98.41           297    296    127     6.332     6.322     4.177     0.9343      0.9343      0.9341      0.8632
73      A         B           73           ILE           98.71           297    296    127     6.332     6.322     4.177     0.9350      0.9350      0.9348      0.8644
74      A         B           74           GLN           97.38           297    296    127     6.332     6.322     4.177     0.9146      0.9146      0.9144      0.8266
75      A         B           75           ALA           96.80           297    296    127     6.332     6.322     4.177     0.9036      0.9036      0.9034      0.8066
76      A         B           76           TRP           97.78           297    296    127     6.332     6.322     4.177     0.8899      0.8899      0.8896      0.7821
77      A         B           77           PRO           96.08           297    296    127     6.332     6.322     4.177     0.8028      0.8028      0.8023      0.6448
78      A         B           78           GLU           89.22           297    296    127     6.332     6.322     4.177     0.5925      0.5925      0.5918      0.3972
79      A         B           79           ASN           88.55           297    296    127     6.332     6.322     4.177     0.4634      0.4634      0.4627      0.2816
80      A         B           80           ARG           95.27           297    296    127     6.332     6.322     4.177     0.6821      0.6821      0.6815      0.4887
81      A         B           81           THR           93.76           297    296    127     6.332     6.322     4.177     0.6426      0.6426      0.6419      0.4454
82      A         B           82           ASP           95.36           297    296    127     6.332     6.322     4.177     0.7366      0.7366      0.7360      0.5542
83      A         B           83           LEU           97.95           297    296    127     6.332     6.322     4.177     0.8326      0.8326      0.8322      0.6880
84      A         B           84           HIS           93.25           297    296    127     6.332     6.322     4.177     0.6748      0.6748      0.6742      0.4819
85      A         B           85           ALA           97.19           297    296    127     6.332     6.322     4.177     0.7755      0.7755      0.7750      0.6051
86      A         B           86           PHE           98.66           297    296    127     6.332     6.322     4.177     0.8729      0.8729      0.8726      0.7524
87      A         B           87           GLU           96.80           297    296    127     6.332     6.322     4.177     0.7960      0.7960      0.7955      0.6342
88      A         B           88           ASN           98.53           297    296    127     6.332     6.322     4.177     0.8472      0.8472      0.8468      0.7103
89      A         B           89           LEU           98.85           297    296    127     6.332     6.322     4.177     0.8970      0.8970      0.8967      0.7938
90      A         B           90           GLU           98.78           297    296    127     6.332     6.322     4.177     0.8617      0.8617      0.8613      0.7341
91      A         B           91           ILE           98.58           297    296    127     6.332     6.322     4.177     0.8681      0.8681      0.8678      0.7454
92      A         B           92           ILE           98.93           297    296    127     6.332     6.322     4.177     0.9176      0.9176      0.9174      0.8314
93      A         B           93           ARG           98.73           297    296    127     6.332     6.322     4.177     0.8763      0.8763      0.8760      0.7592
94      A         B           94           GLY           98.58           297    296    127     6.332     6.322     4.177     0.8598      0.8598      0.8595      0.7327
95      A         B           95           ARG           97.41           297    296    127     6.332     6.322     4.177     0.8065      0.8065      0.8061      0.6517
96      A         B           96           THR           96.71           297    296    127     6.332     6.322     4.177     0.8900      0.8900      0.8897      0.7824
97      A         B           97           LYS           96.90           297    296    127     6.332     6.322     4.177     0.9134      0.9134      0.9132      0.8243
98      A         B           98           GLN           97.59           297    296    127     6.332     6.322     4.177     0.9238      0.9238      0.9236      0.8437
99      A         B           99           HIS           97.34           297    296    127     6.332     6.322     4.177     0.9274      0.9274      0.9272      0.8506
100     A         B          100           GLY           96.54           297    296    127     6.332     6.322     4.177     0.9013      0.9013      0.9010      0.8034
101     A         B          101           GLN           95.84           297    296    127     6.332     6.322     4.177     0.8577      0.8577      0.8573      0.7322
102     A         B          102           PHE           98.14           297    296    127     6.332     6.322     4.177     0.9284      0.9284      0.9282      0.8525
103     A         B          103           SER           98.21           297    296    127     6.332     6.322     4.177     0.9023      0.9023      0.9020      0.8052
104     A         B          104           LEU           98.65           297    296    127     6.332     6.322     4.177     0.9381      0.9381      0.9379      0.8705
105     A         B          105           ALA           98.36           297    296    127     6.332     6.322     4.177     0.9291      0.9291      0.9289      0.8536
106     A         B          106           VAL           98.25           297    296    127     6.332     6.322     4.177     0.9316      0.9316      0.9314      0.8582
107     A         B          107           VAL           97.05           297    296    127     6.332     6.322     4.177     0.9019      0.9019      0.9017      0.8040
108     A         B          108           SER           95.16           297    296    127     6.332     6.322     4.177     0.8791      0.8791      0.8787      0.7647
109     A         B          109           LEU           97.41           297    296    127     6.332     6.322     4.177     0.9067      0.9067      0.9064      0.8119
110     A         B          110           ASN           94.49           297    296    127     6.332     6.322     4.177     0.8669      0.8669      0.8665      0.7437
111     A         B          111           ILE           96.79           297    296    127     6.332     6.322     4.177     0.8824      0.8824      0.8820      0.7688
112     A         B          112           THR           93.24           297    296    127     6.332     6.322     4.177     0.8367      0.8367      0.8363      0.6947
113     A         B          113           SER           92.97           297    296    127     6.332     6.322     4.177     0.7406      0.7406      0.7400      0.5599
114     A         B          114           LEU           96.48           297    296    127     6.332     6.322     4.177     0.8321      0.8321      0.8317      0.6874
115     A         B          115           GLY           94.91           297    296    127     6.332     6.322     4.177     0.7176      0.7176      0.7170      0.5321
116     A         B          116           LEU           96.47           297    296    127     6.332     6.322     4.177     0.7772      0.7772      0.7767      0.6075
117     A         B          117           ARG           90.29           297    296    127     6.332     6.322     4.177     0.5675      0.5675      0.5668      0.3703
118     A         B          118           SER           97.60           297    296    127     6.332     6.322     4.177     0.7672      0.7672      0.7667      0.5937
119     A         B          119           LEU           97.13           297    296    127     6.332     6.322     4.177     0.8254      0.8254      0.8250      0.6771
120     A         B          120           LYS           92.04           297    296    127     6.332     6.322     4.177     0.4797      0.4797      0.4789      0.2916
121     A         B          121           GLU           97.67           297    296    127     6.332     6.322     4.177     0.8198      0.8198      0.8194      0.6709
122     A         B          122           ILE           98.60           297    296    127     6.332     6.322     4.177     0.8951      0.8951      0.8948      0.7911
123     A         B          123           SER           98.53           297    296    127     6.332     6.322     4.177     0.8553      0.8553      0.8550      0.7245
124     A         B          124           ASP           97.25           297    296    127     6.332     6.322     4.177     0.8845      0.8845      0.8842      0.7736
125     A         B          125           GLY           98.09           297    296    127     6.332     6.322     4.177     0.8738      0.8738      0.8735      0.7565
126     A         B          126           ASP           98.21           297    296    127     6.332     6.322     4.177     0.9158      0.9158      0.9156      0.8289
127     A         B          127           VAL           98.13           297    296    127     6.332     6.322     4.177     0.9303      0.9303      0.9301      0.8557
128     A         B          128           ILE           97.73           297    296    127     6.332     6.322     4.177     0.9215      0.9215      0.9213      0.8395
129     A         B          129           ILE           97.58           297    296    127     6.332     6.322     4.177     0.9252      0.9252      0.9250      0.8463
130     A         B          130           SER           95.13           297    296    127     6.332     6.322     4.177     0.8387      0.8387      0.8383      0.7006
131     A         B          131           GLY           95.04           297    296    127     6.332     6.322     4.177     0.8502      0.8502      0.8499      0.7189
132     A         B          132           ASN           96.44           297    296    127     6.332     6.322     4.177     0.8846      0.8846      0.8843      0.7732
133     A         B          133           LYS           91.82           297    296    127     6.332     6.322     4.177     0.8127      0.8127      0.8123      0.6609
134     A         B          134           ASN           93.69           297    296    127     6.332     6.322     4.177     0.8542      0.8542      0.8538      0.7225
135     A         B          135           LEU           96.31           297    296    127     6.332     6.322     4.177     0.8629      0.8629      0.8625      0.7363
136     A         B          136           CYS           93.29           297    296    127     6.332     6.322     4.177     0.6813      0.6813      0.6807      0.4895
137     A         B          137           TYR           82.29           297    296    127     6.332     6.322     4.177     0.4333      0.4333      0.4326      0.2545
138     A         B          138           ALA           89.57           297    296    127     6.332     6.322     4.177     0.5279      0.5279      0.5272      0.3338
139     A         B          139           ASN           80.08           297    296    127     6.332     6.322     4.177     0.4726      0.4726      0.4719      0.2864
140     A         B          140           THR           83.07           297    296    127     6.332     6.322     4.177     0.4768      0.4768      0.4761      0.2899
141     A         B          141           ILE           90.46           297    296    127     6.332     6.322     4.177     0.6361      0.6361      0.6354      0.4390
142     A         B          142           ASN           91.99           297    296    127     6.332     6.322     4.177     0.6684      0.6684      0.6678      0.4750
143     A         B          143           TRP           95.40           297    296    127     6.332     6.322     4.177     0.8020      0.8020      0.8016      0.6443
144     A         B          144           LYS           93.09           297    296    127     6.332     6.322     4.177     0.7584      0.7584      0.7578      0.5836
145     A         B          145           LYS           93.78           297    296    127     6.332     6.322     4.177     0.6857      0.6857      0.6850      0.4956
146     A         B          146           LEU           96.88           297    296    127     6.332     6.322     4.177     0.8141      0.8141      0.8137      0.6612
147     A         B          147           PHE           97.75           297    296    127     6.332     6.322     4.177     0.8358      0.8358      0.8354      0.6939
148     A         B          148           GLY           97.26           297    296    127     6.332     6.322     4.177     0.6125      0.6125      0.6118      0.4161
149     A         B          149           THR           92.90           297    296    127     6.332     6.322     4.177     0.6151      0.6151      0.6144      0.4215
150     A         B          150           SER           88.09           297    296    127     6.332     6.322     4.177     0.5166      0.5166      0.5159      0.3308
151     A         B          151           GLY           93.13           297    296    127     6.332     6.322     4.177     0.6566      0.6566      0.6560      0.4668
152     A         B          152           GLN           97.67           297    296    127     6.332     6.322     4.177     0.8110      0.8110      0.8105      0.6594
153     A         B          153           LYS           94.73           297    296    127     6.332     6.322     4.177     0.8116      0.8116      0.8111      0.6608
154     A         B          154           THR           95.52           297    296    127     6.332     6.322     4.177     0.8525      0.8525      0.8521      0.7219
155     A         B          155           LYS           94.71           297    296    127     6.332     6.322     4.177     0.8226      0.8226      0.8221      0.6777
156     A         B          156           ILE           93.96           297    296    127     6.332     6.322     4.177     0.8287      0.8287      0.8283      0.6861
157     A         B          157           ILE           92.19           297    296    127     6.332     6.322     4.177     0.7206      0.7206      0.7200      0.5415
158     A         B          158           SER           92.32           297    296    127     6.332     6.322     4.177     0.7770      0.7770      0.7765      0.6124
159     A         B          159           ASN           94.55           297    296    127     6.332     6.322     4.177     0.8074      0.8074      0.8069      0.6522
160     A         B          160           ARG           92.97           297    296    127     6.332     6.322     4.177     0.7014      0.7014      0.7007      0.5129
161     A         B          161           GLY           89.12           297    296    127     6.332     6.322     4.177     0.5064      0.5064      0.5056      0.3169
162     A         B          162           GLU           83.60           297    296    127     6.332     6.322     4.177     0.4905      0.4905      0.4898      0.3020
163     A         B          163           ASN           89.39           297    296    127     6.332     6.322     4.177     0.4258      0.4258      0.4251      0.2489
164     A         B          164           SER           89.21           297    296    127     6.332     6.322     4.177     0.4663      0.4663      0.4656      0.2808
165     A         B          165           CYS           91.02           297    296    127     6.332     6.322     4.177     0.5066      0.5066      0.5058      0.3139
166     A         B          166           LYS           87.06           297    296    127     6.332     6.322     4.177     0.4443      0.4443      0.4436      0.2628
167     A         B          167           ALA           87.05           297    296    127     6.332     6.322     4.177     0.3019      0.3019      0.3013      0.1604
168     A         B          168           THR           78.43           297    296    121     6.332     6.322     4.068     0.2012      0.2039      0.2034      0.0962
169     A         B          169           GLY           75.76           297    296      9     6.332     6.322     1.000     0.1177      0.1641      0.1637      0.0049
170     A         B          170           GLN           59.23           297    296      0     6.332     6.322     1.000     0.0822      0.0000      0.0000      0.0000
171     B         A            1           GLU           78.54           297    297     87     6.332     6.332     3.359     0.1598      0.1932      0.1932      0.0637
172     B         A            2           LEU           91.45           297    297    170     6.332     6.332     4.861     0.4829      0.4829      0.4829      0.3576
173     B         A            3           SER           92.74           297    297    170     6.332     6.332     4.861     0.5887      0.5887      0.5887      0.4608
174     B         A            4           GLU           94.68           297    297    170     6.332     6.332     4.861     0.6982      0.6982      0.6982      0.5802
175     B         A            5           LEU           96.09           297    297    170     6.332     6.332     4.861     0.8256      0.8256      0.8256      0.7382
176     B         A            6           SER           95.72           297    297    170     6.332     6.332     4.861     0.8051      0.8051      0.8051      0.7115
177     B         A            7           LEU           95.25           297    297    170     6.332     6.332     4.861     0.8136      0.8136      0.8136      0.7223
178     B         A            8           GLU           95.66           297    297    170     6.332     6.332     4.861     0.8303      0.8303      0.8303      0.7448
179     B         A            9           CYS           96.60           297    297    170     6.332     6.332     4.861     0.8501      0.8501      0.8501      0.7718
180     B         A           10           VAL           95.35           297    297    170     6.332     6.332     4.861     0.8151      0.8151      0.8151      0.7246
181     B         A           11           GLU           94.85           297    297    170     6.332     6.332     4.861     0.7851      0.7851      0.7851      0.6859
182     B         A           12           LEU           95.20           297    297    170     6.332     6.332     4.861     0.8285      0.8285      0.8285      0.7424
183     B         A           13           SER           92.65           297    297    170     6.332     6.332     4.861     0.7176      0.7176      0.7176      0.6049
184     B         A           14           SER           87.91           297    297    170     6.332     6.332     4.861     0.6529      0.6529      0.6529      0.5311
185     B         A           15           GLU           91.50           297    297    170     6.332     6.332     4.861     0.7192      0.7192      0.7192      0.6063
186     B         A           16           VAL           94.74           297    297    170     6.332     6.332     4.861     0.8075      0.8075      0.8075      0.7155
187     B         A           17           GLU           90.41           297    297    170     6.332     6.332     4.861     0.7536      0.7536      0.7536      0.6487
188     B         A           18           ASP           92.94           297    297    170     6.332     6.332     4.861     0.8597      0.8597      0.8597      0.7860
189     B         A           19           GLU           92.77           297    297    170     6.332     6.332     4.861     0.8659      0.8659      0.8659      0.7950
190     B         A           20           ALA           95.33           297    297    170     6.332     6.332     4.861     0.8984      0.8984      0.8984      0.8411
191     B         A           21           LYS           96.86           297    297    170     6.332     6.332     4.861     0.9225      0.9225      0.9225      0.8770
192     B         A           22           ARG           96.20           297    297    170     6.332     6.332     4.861     0.9174      0.9174      0.9174      0.8692
193     B         A           23           VAL           97.03           297    297    170     6.332     6.332     4.861     0.9296      0.9296      0.9296      0.8879
194     B         A           24           GLU           97.30           297    297    170     6.332     6.332     4.861     0.9329      0.9329      0.9329      0.8929
195     B         A           25           THR           97.71           297    297    170     6.332     6.332     4.861     0.9318      0.9318      0.9318      0.8912
196     B         A           26           ALA           97.54           297    297    170     6.332     6.332     4.861     0.9252      0.9252      0.9252      0.8810
197     B         A           27           ILE           97.78           297    297    170     6.332     6.332     4.861     0.9355      0.9355      0.9355      0.8968
198     B         A           28           LEU           97.84           297    297    170     6.332     6.332     4.861     0.9363      0.9363      0.9363      0.8981
199     B         A           29           VAL           96.65           297    297    170     6.332     6.332     4.861     0.9118      0.9118      0.9118      0.8609
200     B         A           30           ALA           97.31           297    297    170     6.332     6.332     4.861     0.9061      0.9061      0.9061      0.8523
201     B         A           31           LYS           96.03           297    297    170     6.332     6.332     4.861     0.8780      0.8780      0.8780      0.8116
202     B         A           32           THR           96.28           297    297    170     6.332     6.332     4.861     0.8946      0.8946      0.8946      0.8353
203     B         A           33           LEU           96.89           297    297    170     6.332     6.332     4.861     0.8878      0.8878      0.8878      0.8254
204     B         A           34           TRP           94.69           297    297    170     6.332     6.332     4.861     0.8088      0.8088      0.8088      0.7170
205     B         A           35           SER           93.01           297    297    170     6.332     6.332     4.861     0.7611      0.7611      0.7611      0.6572
206     B         A           36           GLU           93.40           297    297    170     6.332     6.332     4.861     0.7852      0.7852      0.7852      0.6869
207     B         A           37           GLY           93.72           297    297    170     6.332     6.332     4.861     0.7024      0.7024      0.7024      0.5862
208     B         A           38           ASP           95.41           297    297    170     6.332     6.332     4.861     0.7350      0.7350      0.7350      0.6238
209     B         A           39           GLU           91.30           297    297    170     6.332     6.332     4.861     0.6302      0.6302      0.6302      0.5055
210     B         A           40           GLU           95.69           297    297    170     6.332     6.332     4.861     0.6736      0.6736      0.6736      0.5535
211     B         A           41           THR           96.14           297    297    170     6.332     6.332     4.861     0.8265      0.8265      0.8265      0.7400
212     B         A           42           LEU           97.07           297    297    170     6.332     6.332     4.861     0.8522      0.8522      0.8522      0.7750
213     B         A           43           GLU           96.86           297    297    170     6.332     6.332     4.861     0.8136      0.8136      0.8136      0.7231
214     B         A           44           GLU           94.84           297    297    170     6.332     6.332     4.861     0.7930      0.7930      0.7930      0.6966
215     B         A           45           SER           95.94           297    297    170     6.332     6.332     4.861     0.8242      0.8242      0.8242      0.7373
216     B         A           46           ILE           97.56           297    297    170     6.332     6.332     4.861     0.8493      0.8493      0.8493      0.7709
217     B         A           47           ARG           96.82           297    297    170     6.332     6.332     4.861     0.7896      0.7896      0.7896      0.6927
218     B         A           48           LEU           94.30           297    297    170     6.332     6.332     4.861     0.7888      0.7888      0.7888      0.6910
219     B         A           49           ARG           96.17           297    297    170     6.332     6.332     4.861     0.7973      0.7973      0.7973      0.7022
220     B         A           50           ARG           96.11           297    297    170     6.332     6.332     4.861     0.7706      0.7706      0.7706      0.6680
221     B         A           51           GLU           96.46           297    297    170     6.332     6.332     4.861     0.7002      0.7002      0.7002      0.5850
222     B         A           52           LYS           93.74           297    297    170     6.332     6.332     4.861     0.7149      0.7149      0.7149      0.6008
223     B         A           53           GLY           95.37           297    297    170     6.332     6.332     4.861     0.7381      0.7381      0.7381      0.6287
224     B         A           54           ASP           94.98           297    297    170     6.332     6.332     4.861     0.8168      0.8168      0.8168      0.7279
225     B         A           55           GLU           92.03           297    297    170     6.332     6.332     4.861     0.8189      0.8189      0.8189      0.7320
226     B         A           56           LEU           94.11           297    297    170     6.332     6.332     4.861     0.8596      0.8596      0.8596      0.7858
227     B         A           57           MET           95.52           297    297    170     6.332     6.332     4.861     0.8656      0.8656      0.8656      0.7942
228     B         A           58           ALA           96.93           297    297    170     6.332     6.332     4.861     0.8818      0.8818      0.8818      0.8171
229     B         A           59           GLU           96.00           297    297    170     6.332     6.332     4.861     0.8845      0.8845      0.8845      0.8215
230     B         A           60           THR           97.40           297    297    170     6.332     6.332     4.861     0.9090      0.9090      0.9090      0.8568
231     B         A           61           LEU           97.64           297    297    170     6.332     6.332     4.861     0.9161      0.9161      0.9161      0.8671
232     B         A           62           GLU           96.86           297    297    170     6.332     6.332     4.861     0.8763      0.8763      0.8763      0.8097
233     B         A           63           PHE           97.03           297    297    170     6.332     6.332     4.861     0.9037      0.9037      0.9037      0.8493
234     B         A           64           THR           96.94           297    297    170     6.332     6.332     4.861     0.9039      0.9039      0.9039      0.8494
235     B         A           65           LYS           96.51           297    297    170     6.332     6.332     4.861     0.8852      0.8852      0.8852      0.8222
236     B         A           66           GLU           95.83           297    297    170     6.332     6.332     4.861     0.8414      0.8414      0.8414      0.7621
237     B         A           67           SER           95.45           297    297    170     6.332     6.332     4.861     0.8292      0.8292      0.8292      0.7458
238     B         A           68           MET           94.70           297    297    170     6.332     6.332     4.861     0.8237      0.8237      0.8237      0.7385
239     B         A           69           GLU           93.87           297    297    170     6.332     6.332     4.861     0.7616      0.7616      0.7616      0.6592
240     B         A           70           THR           94.25           297    297    170     6.332     6.332     4.861     0.7336      0.7336      0.7336      0.6261
241     B         A           71           HIS           94.49           297    297    170     6.332     6.332     4.861     0.7245      0.7245      0.7245      0.6146
242     B         A           72           LYS           92.08           297    297    170     6.332     6.332     4.861     0.5825      0.5825      0.5825      0.4609
243     B         A           73           LEU           90.85           297    297    170     6.332     6.332     4.861     0.5197      0.5197      0.5197      0.3975
244     B         A           74           PRO           86.72           297    297    170     6.332     6.332     4.861     0.4499      0.4499      0.4499      0.3339
245     B         A           75           LYS           86.56           297    297    170     6.332     6.332     4.861     0.4432      0.4432      0.4432      0.3254
246     B         A           76           GLY           91.06           297    297    170     6.332     6.332     4.861     0.4928      0.4928      0.4928      0.3703
247     B         A           77           VAL           92.51           297    297    170     6.332     6.332     4.861     0.7273      0.7273      0.7273      0.6165
248     B         A           78           ASP           95.54           297    297    170     6.332     6.332     4.861     0.8136      0.8136      0.8136      0.7244
249     B         A           79           PRO           93.41           297    297    170     6.332     6.332     4.861     0.7907      0.7907      0.7907      0.6967
250     B         A           80           ASP           94.67           297    297    170     6.332     6.332     4.861     0.8158      0.8158      0.8158      0.7287
251     B         A           81           ALA           94.87           297    297    170     6.332     6.332     4.861     0.8332      0.8332      0.8332      0.7517
252     B         A           82           GLU           93.64           297    297    170     6.332     6.332     4.861     0.8445      0.8445      0.8445      0.7670
253     B         A           83           ARG           93.63           297    297    170     6.332     6.332     4.861     0.8443      0.8443      0.8443      0.7664
254     B         A           84           LEU           96.51           297    297    170     6.332     6.332     4.861     0.8892      0.8892      0.8892      0.8284
255     B         A           85           VAL           97.22           297    297    170     6.332     6.332     4.861     0.8928      0.8928      0.8928      0.8334
256     B         A           86           LYS           93.43           297    297    170     6.332     6.332     4.861     0.8510      0.8510      0.8510      0.7753
257     B         A           87           TYR           94.65           297    297    170     6.332     6.332     4.861     0.8828      0.8828      0.8828      0.8194
258     B         A           88           TYR           97.14           297    297    170     6.332     6.332     4.861     0.9018      0.9018      0.9018      0.8465
259     B         A           89           SER           95.51           297    297    170     6.332     6.332     4.861     0.8488      0.8488      0.8488      0.7716
260     B         A           90           ARG           90.69           297    297    170     6.332     6.332     4.861     0.7622      0.7622      0.7622      0.6594
261     B         A           91           LEU           93.89           297    297    170     6.332     6.332     4.861     0.8635      0.8635      0.8635      0.7918
262     B         A           92           CYS           96.48           297    297    170     6.332     6.332     4.861     0.8735      0.8735      0.8735      0.8053
263     B         A           93           GLU           92.24           297    297    170     6.332     6.332     4.861     0.7759      0.7759      0.7759      0.6758
264     B         A           94           GLU           90.14           297    297    170     6.332     6.332     4.861     0.7181      0.7181      0.7181      0.6059
265     B         A           95           GLY           92.90           297    297    170     6.332     6.332     4.861     0.6770      0.6770      0.6770      0.5583
266     B         A           96           ASP           94.28           297    297    170     6.332     6.332     4.861     0.8355      0.8355      0.8355      0.7526
267     B         A           97           PHE           95.50           297    297    170     6.332     6.332     4.861     0.8433      0.8433      0.8433      0.7630
268     B         A           98           GLY           96.46           297    297    170     6.332     6.332     4.861     0.8525      0.8525      0.8525      0.7761
269     B         A           99           ALA           96.37           297    297    170     6.332     6.332     4.861     0.8872      0.8872      0.8872      0.8246
270     B         A          100           CYS           97.36           297    297    170     6.332     6.332     4.861     0.8943      0.8943      0.8943      0.8349
271     B         A          101           VAL           97.44           297    297    170     6.332     6.332     4.861     0.9086      0.9086      0.9086      0.8560
272     B         A          102           VAL           98.07           297    297    170     6.332     6.332     4.861     0.9136      0.9136      0.9136      0.8635
273     B         A          103           LEU           97.96           297    297    170     6.332     6.332     4.861     0.9051      0.9051      0.9051      0.8506
274     B         A          104           SER           97.83           297    297    170     6.332     6.332     4.861     0.8894      0.8894      0.8894      0.8277
275     B         A          105           SER           97.53           297    297    170     6.332     6.332     4.861     0.8792      0.8792      0.8792      0.8133
276     B         A          106           ALA           97.83           297    297    170     6.332     6.332     4.861     0.8903      0.8903      0.8903      0.8290
277     B         A          107           TYR           97.86           297    297    170     6.332     6.332     4.861     0.9007      0.9007      0.9007      0.8442
278     B         A          108           LEU           95.57           297    297    170     6.332     6.332     4.861     0.8355      0.8355      0.8355      0.7525
279     B         A          109           SER           95.11           297    297    170     6.332     6.332     4.861     0.7746      0.7746      0.7746      0.6735
280     B         A          110           LYS           96.07           297    297    170     6.332     6.332     4.861     0.8083      0.8083      0.8083      0.7160
281     B         A          111           GLY           95.07           297    297    170     6.332     6.332     4.861     0.7911      0.7911      0.7911      0.6943
282     B         A          112           ASP           96.66           297    297    170     6.332     6.332     4.861     0.8013      0.8013      0.8013      0.7068
283     B         A          113           GLU           94.96           297    297    170     6.332     6.332     4.861     0.7508      0.7508      0.7508      0.6433
284     B         A          114           GLU           96.97           297    297    170     6.332     6.332     4.861     0.7276      0.7276      0.7276      0.6154
285     B         A          115           LYS           97.56           297    297    170     6.332     6.332     4.861     0.8272      0.8272      0.8272      0.7405
286     B         A          116           SER           97.23           297    297    170     6.332     6.332     4.861     0.8299      0.8299      0.8299      0.7443
287     B         A          117           LYS           96.89           297    297    170     6.332     6.332     4.861     0.7942      0.7942      0.7942      0.6977
288     B         A          118           LYS           96.89           297    297    170     6.332     6.332     4.861     0.7843      0.7843      0.7843      0.6849
289     B         A          119           TYR           97.31           297    297    170     6.332     6.332     4.861     0.8309      0.8309      0.8309      0.7456
290     B         A          120           LEU           94.83           297    297    170     6.332     6.332     4.861     0.7720      0.7720      0.7720      0.6693
291     B         A          121           GLU           95.56           297    297    170     6.332     6.332     4.861     0.7118      0.7118      0.7118      0.5965
292     B         A          122           LYS           94.42           297    297    170     6.332     6.332     4.861     0.7223      0.7223      0.7223      0.6085
293     B         A          123           SER           92.67           297    297    170     6.332     6.332     4.861     0.5990      0.5990      0.5990      0.4717
294     B         A          124           ARG           88.58           297    297    170     6.332     6.332     4.861     0.5453      0.5453      0.5453      0.4177
295     B         A          125           GLU           83.60           297    297    170     6.332     6.332     4.861     0.3015      0.3015      0.3015      0.2042
296     B         A          126           ARG           73.28           297    297    151     6.332     6.332     4.577     0.1889      0.1944      0.1944      0.1123
297     B         A          127           LEU           66.55           297    297     34     6.332     6.332     1.509     0.1310      0.1652      0.1652      0.0111
