i   AlignChn ScoredChain  AlignResNum  AlignResType  AlignRespLDDT      n0chn  n0dom  n0res    d0chn     d0dom     d0res   ipTM_pae  ipSAE_d0chn ipSAE_d0dom    ipSAE 
1       A         B            1           LYS           93.22           297    296    127     6.332     6.322     4.177     0.3070      0.3070      0.3064      0.1639
2       A         B            2           VAL           97.83           297    296    127     6.332     6.322     4.177     0.7478      0.7478      0.7473      0.5680
3       A         B            3           CYS           97.83           297    296    127     6.332     6.322     4.177     0.8074      0.8074      0.8069      0.6505
4       A         B            4           ASN           97.53           297    296    127     6.332     6.322     4.177     0.8315      0.8315      0.8311      0.6860
5       A         B            5           GLY           98.45           297    296    127     6.332     6.322     4.177     0.8045      0.8045      0.8041      0.6482
6       A         B            6           ILE           97.41           297    296    127     6.332     6.322     4.177     0.8034      0.8034      0.8030      0.6466
7       A         B            7           GLY           94.69           297    296    127     6.332     6.322     4.177     0.6691      0.6691      0.6685      0.4765
8       A         B            8           ILE           92.59           297    296    127     6.332     6.322     4.177     0.6548      0.6548      0.6541      0.4609
9       A         B            9           GLY           95.18           297    296    127     6.332     6.322     4.177     0.5678      0.5678      0.5671      0.3701
10      A         B           10           GLU           91.89           297    296    127     6.332     6.322     4.177     0.5327      0.5327      0.5320      0.3393
11      A         B           11           PHE           96.16           297    296    127     6.332     6.322     4.177     0.7095      0.7095      0.7089      0.5230
12      A         B           12           LYS           93.52           297    296    127     6.332     6.322     4.177     0.6653      0.6653      0.6647      0.4743
13      A         B           13           ASP           89.87           297    296    127     6.332     6.322     4.177     0.6392      0.6392      0.6385      0.4489
14      A         B           14           SER           93.86           297    296    127     6.332     6.322     4.177     0.7337      0.7337      0.7331      0.5558
15      A         B           15           LEU           92.01           297    296    127     6.332     6.322     4.177     0.7283      0.7283      0.7277      0.5489
16      A         B           16           SER           96.39           297    296    127     6.332     6.322     4.177     0.8304      0.8304      0.8300      0.6874
17      A         B           17           ILE           97.43           297    296    127     6.332     6.322     4.177     0.8428      0.8428      0.8425      0.7049
18      A         B           18           ASN           97.16           297    296    127     6.332     6.322     4.177     0.8240      0.8240      0.8236      0.6758
19      A         B           19           ALA           97.82           297    296    127     6.332     6.322     4.177     0.8241      0.8241      0.8237      0.6758
20      A         B           20           THR           95.98           297    296    127     6.332     6.322     4.177     0.7167      0.7167      0.7161      0.5319
21      A         B           21           ASN           97.26           297    296    127     6.332     6.322     4.177     0.8101      0.8101      0.8097      0.6552
22      A         B           22           ILE           97.68           297    296    127     6.332     6.322     4.177     0.8020      0.8020      0.8015      0.6432
23      A         B           23           LYS           95.90           297    296    127     6.332     6.322     4.177     0.7046      0.7046      0.7040      0.5171
24      A         B           24           HIS           95.10           297    296    127     6.332     6.322     4.177     0.6507      0.6507      0.6500      0.4549
25      A         B           25           PHE           97.95           297    296    127     6.332     6.322     4.177     0.7979      0.7979      0.7974      0.6365
26      A         B           26           LYS           97.06           297    296    127     6.332     6.322     4.177     0.7478      0.7478      0.7473      0.5691
27      A         B           27           ASN           96.52           297    296    127     6.332     6.322     4.177     0.6625      0.6625      0.6618      0.4654
28      A         B           28           CYS           98.25           297    296    127     6.332     6.322     4.177     0.7716      0.7716      0.7711      0.5993
29      A         B           29           THR           98.56           297    296    127     6.332     6.322     4.177     0.7802      0.7802      0.7797      0.6115
30      A         B           30           SER           98.39           297    296    127     6.332     6.322     4.177     0.8339      0.8339      0.8334      0.6897
31      A         B           31           ILE           98.72           297    296    127     6.332     6.322     4.177     0.8734      0.8734      0.8731      0.7531
32      A         B           32           SER           98.16           297    296    127     6.332     6.322     4.177     0.8248      0.8248      0.8243      0.6766
33      A         B           33           GLY           98.17           297    296    127     6.332     6.322     4.177     0.8388      0.8388      0.8384      0.6982
34      A         B           34           ASP           98.02           297    296    127     6.332     6.322     4.177     0.8579      0.8579      0.8576      0.7285
35      A         B           35           LEU           98.39           297    296    127     6.332     6.322     4.177     0.8581      0.8581      0.8578      0.7293
36      A         B           36           HIS           96.38           297    296    127     6.332     6.322     4.177     0.8002      0.8002      0.7997      0.6433
37      A         B           37           ILE           98.42           297    296    127     6.332     6.322     4.177     0.9050      0.9050      0.9048      0.8088
38      A         B           38           LEU           96.30           297    296    127     6.332     6.322     4.177     0.9027      0.9027      0.9024      0.8048
39      A         B           39           PRO           92.97           297    296    127     6.332     6.322     4.177     0.8687      0.8687      0.8683      0.7469
40      A         B           40           VAL           92.20           297    296    127     6.332     6.322     4.177     0.8344      0.8344      0.8340      0.6931
41      A         B           41           ALA           97.00           297    296    127     6.332     6.322     4.177     0.8493      0.8493      0.8490      0.7155
42      A         B           42           PHE           96.42           297    296    127     6.332     6.322     4.177     0.8230      0.8230      0.8225      0.6756
43      A         B           43           ARG           91.54           297    296    127     6.332     6.322     4.177     0.6203      0.6203      0.6197      0.4264
44      A         B           44           GLY           94.80           297    296    127     6.332     6.322     4.177     0.5964      0.5964      0.5957      0.4034
45      A         B           45           ASP           91.17           297    296    127     6.332     6.322     4.177     0.5456      0.5456      0.5449      0.3547
46      A         B           46           SER           86.79           297    296    127     6.332     6.322     4.177     0.4741      0.4741      0.4734      0.2928
47      A         B           47           PHE           85.81           297    296    127     6.332     6.322     4.177     0.5103      0.5103      0.5096      0.3233
48      A         B           48           THR           91.81           297    296    127     6.332     6.322     4.177     0.5559      0.5559      0.5552      0.3638
49      A         B           49           HIS           95.32           297    296    127     6.332     6.322     4.177     0.5638      0.5638      0.5631      0.3708
50      A         B           50           THR           95.85           297    296    127     6.332     6.322     4.177     0.6379      0.6379      0.6372      0.4446
51      A         B           51           PRO           97.33           297    296    127     6.332     6.322     4.177     0.6792      0.6792      0.6785      0.4887
52      A         B           52           PRO           97.08           297    296    127     6.332     6.322     4.177     0.7658      0.7658      0.7653      0.5945
53      A         B           53           LEU           97.95           297    296    127     6.332     6.322     4.177     0.8161      0.8161      0.8157      0.6640
54      A         B           54           ASP           97.17           297    296    127     6.332     6.322     4.177     0.7565      0.7565      0.7559      0.5809
55      A         B           55           PRO           95.43           297    296    127     6.332     6.322     4.177     0.7022      0.7022      0.7016      0.5129
56      A         B           56           GLN           96.27           297    296    127     6.332     6.322     4.177     0.6747      0.6747      0.6741      0.4809
57      A         B           57           GLU           97.02           297    296    127     6.332     6.322     4.177     0.7553      0.7553      0.7547      0.5779
58      A         B           58           LEU           97.39           297    296    127     6.332     6.322     4.177     0.8046      0.8046      0.8042      0.6458
59      A         B           59           ASP           96.86           297    296    127     6.332     6.322     4.177     0.7807      0.7807      0.7802      0.6125
60      A         B           60           ILE           97.44           297    296    127     6.332     6.322     4.177     0.7903      0.7903      0.7898      0.6252
61      A         B           61           LEU           98.35           297    296    127     6.332     6.322     4.177     0.8529      0.8529      0.8526      0.7192
62      A         B           62           LYS           97.69           297    296    127     6.332     6.322     4.177     0.8158      0.8158      0.8154      0.6621
63      A         B           63           THR           98.13           297    296    127     6.332     6.322     4.177     0.7628      0.7628      0.7623      0.5878
64      A         B           64           VAL           98.61           297    296    127     6.332     6.322     4.177     0.8659      0.8659      0.8656      0.7403
65      A         B           65           LYS           98.71           297    296    127     6.332     6.322     4.177     0.8253      0.8253      0.8248      0.6766
66      A         B           66           GLU           98.52           297    296    127     6.332     6.322     4.177     0.8765      0.8765      0.8762      0.7586
67      A         B           67           ILE           98.93           297    296    127     6.332     6.322     4.177     0.9125      0.9125      0.9123      0.8217
68      A         B           68           THR           98.77           297    296    127     6.332     6.322     4.177     0.8894      0.8894      0.8891      0.7809
69      A         B           69           GLY           98.74           297    296    127     6.332     6.322     4.177     0.8923      0.8923      0.8920      0.7859
70      A         B           70           PHE           98.76           297    296    127     6.332     6.322     4.177     0.9150      0.9150      0.9147      0.8264
71      A         B           71           LEU           98.94           297    296    127     6.332     6.322     4.177     0.9350      0.9350      0.9348      0.8641
72      A         B           72           LEU           98.33           297    296    127     6.332     6.322     4.177     0.9282      0.9282      0.9280      0.8513
73      A         B           73           ILE           98.71           297    296    127     6.332     6.322     4.177     0.9287      0.9287      0.9285      0.8522
74      A         B           74           GLN           97.10           297    296    127     6.332     6.322     4.177     0.9028      0.9028      0.9026      0.8051
75      A         B           75           ALA           96.49           297    296    127     6.332     6.322     4.177     0.8933      0.8933      0.8931      0.7882
76      A         B           76           TRP           97.78           297    296    127     6.332     6.322     4.177     0.8790      0.8790      0.8787      0.7631
77      A         B           77           PRO           95.94           297    296    127     6.332     6.322     4.177     0.7816      0.7816      0.7811      0.6150
78      A         B           78           GLU           88.59           297    296    127     6.332     6.322     4.177     0.5471      0.5471      0.5464      0.3538
79      A         B           79           ASN           90.12           297    296    127     6.332     6.322     4.177     0.4831      0.4831      0.4824      0.2976
80      A         B           80           ARG           95.24           297    296    127     6.332     6.322     4.177     0.6600      0.6600      0.6593      0.4633
81      A         B           81           THR           93.91           297    296    127     6.332     6.322     4.177     0.6118      0.6118      0.6111      0.4128
82      A         B           82           ASP           95.69           297    296    127     6.332     6.322     4.177     0.7034      0.7034      0.7028      0.5130
83      A         B           83           LEU           98.18           297    296    127     6.332     6.322     4.177     0.8204      0.8204      0.8200      0.6692
84      A         B           84           HIS           93.40           297    296    127     6.332     6.322     4.177     0.6408      0.6408      0.6401      0.4443
85      A         B           85           ALA           97.18           297    296    127     6.332     6.322     4.177     0.7516      0.7516      0.7510      0.5727
86      A         B           86           PHE           98.70           297    296    127     6.332     6.322     4.177     0.8630      0.8630      0.8626      0.7356
87      A         B           87           GLU           97.20           297    296    127     6.332     6.322     4.177     0.7886      0.7886      0.7881      0.6234
88      A         B           88           ASN           98.59           297    296    127     6.332     6.322     4.177     0.8411      0.8411      0.8407      0.7004
89      A         B           89           LEU           98.88           297    296    127     6.332     6.322     4.177     0.8922      0.8922      0.8919      0.7851
90      A         B           90           GLU           98.79           297    296    127     6.332     6.322     4.177     0.8537      0.8537      0.8533      0.7208
91      A         B           91           ILE           98.70           297    296    127     6.332     6.322     4.177     0.8707      0.8707      0.8704      0.7491
92      A         B           92           ILE           98.95           297    296    127     6.332     6.322     4.177     0.9139      0.9139      0.9136      0.8243
93      A         B           93           ARG           98.81           297    296    127     6.332     6.322     4.177     0.8710      0.8710      0.8706      0.7499
94      A         B           94           GLY           98.61           297    296    127     6.332     6.322     4.177     0.8504      0.8504      0.8500      0.7173
95      A         B           95           ARG           97.68           297    296    127     6.332     6.322     4.177     0.7917      0.7917      0.7912      0.6302
96      A         B           96           THR           96.76           297    296    127     6.332     6.322     4.177     0.8852      0.8852      0.8849      0.7740
97      A         B           97           LYS           96.79           297    296    127     6.332     6.322     4.177     0.9084      0.9084      0.9081      0.8147
98      A         B           98           GLN           97.42           297    296    127     6.332     6.322     4.177     0.9158      0.9158      0.9156      0.8286
99      A         B           99           HIS           97.13           297    296    127     6.332     6.322     4.177     0.9221      0.9221      0.9219      0.8404
100     A         B          100           GLY           96.40           297    296    127     6.332     6.322     4.177     0.8939      0.8939      0.8936      0.7901
101     A         B          101           GLN           95.72           297    296    127     6.332     6.322     4.177     0.8473      0.8473      0.8469      0.7155
102     A         B          102           PHE           98.06           297    296    127     6.332     6.322     4.177     0.9234      0.9234      0.9232      0.8430
103     A         B          103           SER           98.25           297    296    127     6.332     6.322     4.177     0.8964      0.8964      0.8961      0.7945
104     A         B          104           LEU           98.74           297    296    127     6.332     6.322     4.177     0.9347      0.9347      0.9345      0.8637
105     A         B          105           ALA           98.34           297    296    127     6.332     6.322     4.177     0.9207      0.9207      0.9205      0.8376
106     A         B          106           VAL           98.33           297    296    127     6.332     6.322     4.177     0.9232      0.9232      0.9229      0.8419
107     A         B          107           VAL           96.97           297    296    127     6.332     6.322     4.177     0.8902      0.8902      0.8900      0.7832
108     A         B          108           SER           94.96           297    296    127     6.332     6.322     4.177     0.8726      0.8726      0.8722      0.7533
109     A         B          109           LEU           97.47           297    296    127     6.332     6.322     4.177     0.9016      0.9016      0.9013      0.8024
110     A         B          110           ASN           94.73           297    296    127     6.332     6.322     4.177     0.8605      0.8605      0.8602      0.7330
111     A         B          111           ILE           96.62           297    296    127     6.332     6.322     4.177     0.8729      0.8729      0.8726      0.7526
112     A         B          112           THR           93.78           297    296    127     6.332     6.322     4.177     0.8338      0.8338      0.8334      0.6898
113     A         B          113           SER           94.08           297    296    127     6.332     6.322     4.177     0.7629      0.7629      0.7623      0.5884
114     A         B          114           LEU           96.94           297    296    127     6.332     6.322     4.177     0.8301      0.8301      0.8296      0.6839
115     A         B          115           GLY           95.75           297    296    127     6.332     6.322     4.177     0.7276      0.7276      0.7270      0.5439
116     A         B          116           LEU           97.16           297    296    127     6.332     6.322     4.177     0.8076      0.8076      0.8071      0.6500
117     A         B          117           ARG           93.67           297    296    127     6.332     6.322     4.177     0.6863      0.6863      0.6857      0.4938
118     A         B          118           SER           98.01           297    296    127     6.332     6.322     4.177     0.7912      0.7912      0.7907      0.6262
119     A         B          119           LEU           97.70           297    296    127     6.332     6.322     4.177     0.8502      0.8502      0.8498      0.7150
120     A         B          120           LYS           96.95           297    296    127     6.332     6.322     4.177     0.6787      0.6787      0.6781      0.4847
121     A         B          121           GLU           98.21           297    296    127     6.332     6.322     4.177     0.8434      0.8434      0.8430      0.7057
122     A         B          122           ILE           98.69           297    296    127     6.332     6.322     4.177     0.8937      0.8937      0.8934      0.7883
123     A         B          123           SER           98.56           297    296    127     6.332     6.322     4.177     0.8464      0.8464      0.8460      0.7099
124     A         B          124           ASP           97.16           297    296    127     6.332     6.322     4.177     0.8689      0.8689      0.8685      0.7471
125     A         B          125           GLY           97.99           297    296    127     6.332     6.322     4.177     0.8614      0.8614      0.8611      0.7357
126     A         B          126           ASP           98.01           297    296    127     6.332     6.322     4.177     0.9054      0.9054      0.9051      0.8097
127     A         B          127           VAL           98.19           297    296    127     6.332     6.322     4.177     0.9242      0.9242      0.9239      0.8439
128     A         B          128           ILE           97.69           297    296    127     6.332     6.322     4.177     0.9167      0.9167      0.9164      0.8302
129     A         B          129           ILE           97.75           297    296    127     6.332     6.322     4.177     0.9177      0.9177      0.9175      0.8321
130     A         B          130           SER           94.08           297    296    127     6.332     6.322     4.177     0.7891      0.7891      0.7886      0.6287
131     A         B          131           GLY           94.94           297    296    127     6.332     6.322     4.177     0.8371      0.8371      0.8367      0.6980
132     A         B          132           ASN           96.62           297    296    127     6.332     6.322     4.177     0.8795      0.8795      0.8791      0.7640
133     A         B          133           LYS           92.16           297    296    127     6.332     6.322     4.177     0.8158      0.8158      0.8154      0.6649
134     A         B          134           ASN           94.12           297    296    127     6.332     6.322     4.177     0.8434      0.8434      0.8430      0.7052
135     A         B          135           LEU           96.55           297    296    127     6.332     6.322     4.177     0.8522      0.8522      0.8519      0.7187
136     A         B          136           CYS           93.86           297    296    127     6.332     6.322     4.177     0.6521      0.6521      0.6514      0.4566
137     A         B          137           TYR           82.60           297    296    127     6.332     6.322     4.177     0.4114      0.4114      0.4107      0.2375
138     A         B          138           ALA           91.56           297    296    127     6.332     6.322     4.177     0.5322      0.5322      0.5315      0.3376
139     A         B          139           ASN           81.39           297    296    127     6.332     6.322     4.177     0.4857      0.4857      0.4850      0.2971
140     A         B          140           THR           84.89           297    296    127     6.332     6.322     4.177     0.4806      0.4806      0.4799      0.2933
141     A         B          141           ILE           92.46           297    296    127     6.332     6.322     4.177     0.6601      0.6601      0.6595      0.4645
142     A         B          142           ASN           93.71           297    296    127     6.332     6.322     4.177     0.6796      0.6796      0.6790      0.4870
143     A         B          143           TRP           96.55           297    296    127     6.332     6.322     4.177     0.8008      0.8008      0.8003      0.6419
144     A         B          144           LYS           94.21           297    296    127     6.332     6.322     4.177     0.7522      0.7522      0.7516      0.5751
145     A         B          145           LYS           95.16           297    296    127     6.332     6.322     4.177     0.7104      0.7104      0.7098      0.5237
146     A         B          146           LEU           97.35           297    296    127     6.332     6.322     4.177     0.8148      0.8148      0.8143      0.6615
147     A         B          147           PHE           97.98           297    296    127     6.332     6.322     4.177     0.8277      0.8277      0.8272      0.6809
148     A         B          148           GLY           97.28           297    296    127     6.332     6.322     4.177     0.6214      0.6214      0.6207      0.4245
149     A         B          149           THR           94.30           297    296    127     6.332     6.322     4.177     0.6265      0.6265      0.6259      0.4319
150     A         B          150           SER           92.32           297    296    127     6.332     6.322     4.177     0.5446      0.5446      0.5439      0.3542
151     A         B          151           GLY           93.28           297    296    127     6.332     6.322     4.177     0.6525      0.6525      0.6519      0.4618
152     A         B          152           GLN           97.52           297    296    127     6.332     6.322     4.177     0.7767      0.7767      0.7762      0.6109
153     A         B          153           LYS           90.81           297    296    127     6.332     6.322     4.177     0.6515      0.6515      0.6509      0.4640
154     A         B          154           THR           94.18           297    296    127     6.332     6.322     4.177     0.7675      0.7675      0.7670      0.6001
155     A         B          155           LYS           94.29           297    296    127     6.332     6.322     4.177     0.8011      0.8011      0.8006      0.6460
156     A         B          156           ILE           93.85           297    296    127     6.332     6.322     4.177     0.8146      0.8146      0.8142      0.6647
157     A         B          157           ILE           92.07           297    296    127     6.332     6.322     4.177     0.7152      0.7152      0.7146      0.5340
158     A         B          158           SER           92.14           297    296    127     6.332     6.322     4.177     0.7680      0.7680      0.7675      0.5996
159     A         B          159           ASN           94.94           297    296    127     6.332     6.322     4.177     0.7954      0.7954      0.7949      0.6344
160     A         B          160           ARG           93.25           297    296    127     6.332     6.322     4.177     0.6979      0.6979      0.6973      0.5084
161     A         B          161           GLY           89.48           297    296    127     6.332     6.322     4.177     0.5117      0.5117      0.5110      0.3213
162     A         B          162           GLU           84.68           297    296    127     6.332     6.322     4.177     0.5061      0.5061      0.5054      0.3151
163     A         B          163           ASN           90.29           297    296    127     6.332     6.322     4.177     0.4403      0.4403      0.4396      0.2601
164     A         B          164           SER           90.24           297    296    127     6.332     6.322     4.177     0.4865      0.4865      0.4858      0.2973
165     A         B          165           CYS           91.77           297    296    127     6.332     6.322     4.177     0.5122      0.5122      0.5115      0.3185
166     A         B          166           LYS           89.14           297    296    127     6.332     6.322     4.177     0.4557      0.4557      0.4550      0.2717
167     A         B          167           ALA           88.84           297    296    127     6.332     6.322     4.177     0.3212      0.3212      0.3205      0.1729
168     A         B          168           THR           80.68           297    296    126     6.332     6.322     4.159     0.2121      0.2126      0.2121      0.1050
169     A         B          169           GLY           77.85           297    296     20     6.332     6.322     1.000     0.1295      0.1694      0.1690      0.0051
170     A         B          170           GLN           63.94           297    296      0     6.332     6.322     1.000     0.0965      0.0000      0.0000      0.0000
171     B         A            1           GLU           78.78           297    297     74     6.332     6.332     3.027     0.1506      0.1901      0.1901      0.0513
172     B         A            2           LEU           93.33           297    297    170     6.332     6.332     4.861     0.5279      0.5279      0.5279      0.3997
173     B         A            3           SER           94.10           297    297    170     6.332     6.332     4.861     0.6061      0.6061      0.6061      0.4785
174     B         A            4           GLU           95.14           297    297    170     6.332     6.332     4.861     0.6709      0.6709      0.6709      0.5492
175     B         A            5           LEU           96.75           297    297    170     6.332     6.332     4.861     0.8350      0.8350      0.8350      0.7508
176     B         A            6           SER           96.97           297    297    170     6.332     6.332     4.861     0.8286      0.8286      0.8286      0.7423
177     B         A            7           LEU           96.74           297    297    170     6.332     6.332     4.861     0.8381      0.8381      0.8381      0.7552
178     B         A            8           GLU           96.14           297    297    170     6.332     6.332     4.861     0.8340      0.8340      0.8340      0.7497
179     B         A            9           ILE           97.50           297    297    170     6.332     6.332     4.861     0.8786      0.8786      0.8786      0.8118
180     B         A           10           VAL           95.95           297    297    170     6.332     6.332     4.861     0.8179      0.8179      0.8179      0.7283
181     B         A           11           GLU           94.08           297    297    170     6.332     6.332     4.861     0.7650      0.7650      0.7650      0.6608
182     B         A           12           LEU           94.28           297    297    170     6.332     6.332     4.861     0.7942      0.7942      0.7942      0.6975
183     B         A           13           SER           92.97           297    297    170     6.332     6.332     4.861     0.6881      0.6881      0.6881      0.5709
184     B         A           14           SER           86.04           297    297    170     6.332     6.332     4.861     0.6016      0.6016      0.6016      0.4768
185     B         A           15           GLU           89.69           297    297    170     6.332     6.332     4.861     0.6812      0.6812      0.6812      0.5627
186     B         A           16           VAL           94.50           297    297    170     6.332     6.332     4.861     0.8064      0.8064      0.8064      0.7140
187     B         A           17           GLU           90.23           297    297    170     6.332     6.332     4.861     0.7547      0.7547      0.7547      0.6498
188     B         A           18           ASP           92.89           297    297    170     6.332     6.332     4.861     0.8578      0.8578      0.8578      0.7833
189     B         A           19           GLU           92.39           297    297    170     6.332     6.332     4.861     0.8494      0.8494      0.8494      0.7723
190     B         A           20           ALA           95.24           297    297    170     6.332     6.332     4.861     0.8910      0.8910      0.8910      0.8304
191     B         A           21           LYS           96.64           297    297    170     6.332     6.332     4.861     0.9154      0.9154      0.9154      0.8663
192     B         A           22           ARG           96.18           297    297    170     6.332     6.332     4.861     0.9087      0.9087      0.9087      0.8563
193     B         A           23           VAL           96.95           297    297    170     6.332     6.332     4.861     0.9225      0.9225      0.9225      0.8770
194     B         A           24           GLU           97.05           297    297    170     6.332     6.332     4.861     0.9245      0.9245      0.9245      0.8801
195     B         A           25           THR           97.79           297    297    170     6.332     6.332     4.861     0.9231      0.9231      0.9231      0.8779
196     B         A           26           ALA           97.64           297    297    170     6.332     6.332     4.861     0.9193      0.9193      0.9193      0.8720
197     B         A           27           ILE           97.71           297    297    170     6.332     6.332     4.861     0.9298      0.9298      0.9298      0.8880
198     B         A           28           LEU           97.92           297    297    170     6.332     6.332     4.861     0.9304      0.9304      0.9304      0.8889
199     B         A           29           VAL           97.59           297    297    170     6.332     6.332     4.861     0.9173      0.9173      0.9173      0.8689
200     B         A           30           ALA           97.57           297    297    170     6.332     6.332     4.861     0.9027      0.9027      0.9027      0.8472
201     B         A           31           LYS           96.16           297    297    170     6.332     6.332     4.861     0.8809      0.8809      0.8809      0.8156
202     B         A           32           THR           96.87           297    297    170     6.332     6.332     4.861     0.8979      0.8979      0.8979      0.8400
203     B         A           33           LEU           97.44           297    297    170     6.332     6.332     4.861     0.8892      0.8892      0.8892      0.8272
204     B         A           34           TRP           95.30           297    297    170     6.332     6.332     4.861     0.8283      0.8283      0.8283      0.7427
205     B         A           35           SER           93.23           297    297    170     6.332     6.332     4.861     0.7700      0.7700      0.7700      0.6681
206     B         A           36           GLU           94.11           297    297    170     6.332     6.332     4.861     0.8011      0.8011      0.8011      0.7070
207     B         A           37           GLY           94.36           297    297    170     6.332     6.332     4.861     0.7110      0.7110      0.7110      0.5960
208     B         A           38           ASP           96.08           297    297    170     6.332     6.332     4.861     0.7633      0.7633      0.7633      0.6583
209     B         A           39           GLU           91.55           297    297    170     6.332     6.332     4.861     0.6514      0.6514      0.6514      0.5284
210     B         A           40           GLU           95.97           297    297    170     6.332     6.332     4.861     0.6823      0.6823      0.6823      0.5629
211     B         A           41           THR           97.21           297    297    170     6.332     6.332     4.861     0.8448      0.8448      0.8448      0.7645
212     B         A           42           LEU           97.58           297    297    170     6.332     6.332     4.861     0.8623      0.8623      0.8623      0.7889
213     B         A           43           GLU           97.23           297    297    170     6.332     6.332     4.861     0.8233      0.8233      0.8233      0.7358
214     B         A           44           GLU           97.05           297    297    170     6.332     6.332     4.861     0.8244      0.8244      0.8244      0.7371
215     B         A           45           SER           97.02           297    297    170     6.332     6.332     4.861     0.8461      0.8461      0.8461      0.7665
216     B         A           46           ILE           97.84           297    297    170     6.332     6.332     4.861     0.8572      0.8572      0.8572      0.7818
217     B         A           47           ARG           97.17           297    297    170     6.332     6.332     4.861     0.8043      0.8043      0.8043      0.7114
218     B         A           48           LEU           94.82           297    297    170     6.332     6.332     4.861     0.7967      0.7967      0.7967      0.7010
219     B         A           49           ARG           96.30           297    297    170     6.332     6.332     4.861     0.8006      0.8006      0.8006      0.7063
220     B         A           50           ARG           96.05           297    297    170     6.332     6.332     4.861     0.7700      0.7700      0.7700      0.6672
221     B         A           51           GLU           95.44           297    297    170     6.332     6.332     4.861     0.6972      0.6972      0.6972      0.5816
222     B         A           52           LYS           92.59           297    297    170     6.332     6.332     4.861     0.7187      0.7187      0.7187      0.6053
223     B         A           53           GLY           94.72           297    297    170     6.332     6.332     4.861     0.7307      0.7307      0.7307      0.6201
224     B         A           54           ASP           94.74           297    297    170     6.332     6.332     4.861     0.8037      0.8037      0.8037      0.7110
225     B         A           55           GLU           90.38           297    297    170     6.332     6.332     4.861     0.7889      0.7889      0.7889      0.6942
226     B         A           56           LEU           93.84           297    297    170     6.332     6.332     4.861     0.8455      0.8455      0.8455      0.7666
227     B         A           57           MET           95.70           297    297    170     6.332     6.332     4.861     0.8564      0.8564      0.8564      0.7814
228     B         A           58           ALA           96.76           297    297    170     6.332     6.332     4.861     0.8725      0.8725      0.8725      0.8038
229     B         A           59           GLU           95.65           297    297    170     6.332     6.332     4.861     0.8750      0.8750      0.8750      0.8080
230     B         A           60           THR           97.38           297    297    170     6.332     6.332     4.861     0.9029      0.9029      0.9029      0.8476
231     B         A           61           LEU           97.88           297    297    170     6.332     6.332     4.861     0.9105      0.9105      0.9105      0.8588
232     B         A           62           GLU           96.55           297    297    170     6.332     6.332     4.861     0.8672      0.8672      0.8672      0.7968
233     B         A           63           PHE           96.38           297    297    170     6.332     6.332     4.861     0.8901      0.8901      0.8901      0.8295
234     B         A           64           THR           96.68           297    297    170     6.332     6.332     4.861     0.8954      0.8954      0.8954      0.8369
235     B         A           65           LYS           96.29           297    297    170     6.332     6.332     4.861     0.8727      0.8727      0.8727      0.8044
236     B         A           66           GLU           94.69           297    297    170     6.332     6.332     4.861     0.8148      0.8148      0.8148      0.7269
237     B         A           67           SER           94.84           297    297    170     6.332     6.332     4.861     0.8181      0.8181      0.8181      0.7310
238     B         A           68           MET           94.18           297    297    170     6.332     6.332     4.861     0.8101      0.8101      0.8101      0.7206
239     B         A           69           GLU           93.01           297    297    170     6.332     6.332     4.861     0.7364      0.7364      0.7364      0.6286
240     B         A           70           THR           93.62           297    297    170     6.332     6.332     4.861     0.7098      0.7098      0.7098      0.5982
241     B         A           71           HIS           93.74           297    297    170     6.332     6.332     4.861     0.6842      0.6842      0.6842      0.5682
242     B         A           72           LYS           89.94           297    297    170     6.332     6.332     4.861     0.5212      0.5212      0.5212      0.4008
243     B         A           73           LEU           89.63           297    297    170     6.332     6.332     4.861     0.4843      0.4843      0.4843      0.3641
244     B         A           74           PRO           86.91           297    297    170     6.332     6.332     4.861     0.4434      0.4434      0.4434      0.3277
245     B         A           75           LYS           85.31           297    297    170     6.332     6.332     4.861     0.4197      0.4197      0.4197      0.3046
246     B         A           76           GLY           88.67           297    297    170     6.332     6.332     4.861     0.4302      0.4302      0.4302      0.3134
247     B         A           77           VAL           91.68           297    297    170     6.332     6.332     4.861     0.6780      0.6780      0.6780      0.5598
248     B         A           78           ASP           95.51           297    297    170     6.332     6.332     4.861     0.8020      0.8020      0.8020      0.7092
249     B         A           79           PRO           93.24           297    297    170     6.332     6.332     4.861     0.7733      0.7733      0.7733      0.6745
250     B         A           80           ASP           94.42           297    297    170     6.332     6.332     4.861     0.8035      0.8035      0.8035      0.7126
251     B         A           81           ALA           95.30           297    297    170     6.332     6.332     4.861     0.8341      0.8341      0.8341      0.7523
252     B         A           82           GLU           93.97           297    297    170     6.332     6.332     4.861     0.8417      0.8417      0.8417      0.7627
253     B         A           83           ARG           93.56           297    297    170     6.332     6.332     4.861     0.8440      0.8440      0.8440      0.7655
254     B         A           84           LEU           96.19           297    297    170     6.332     6.332     4.861     0.8848      0.8848      0.8848      0.8219
255     B         A           85           VAL           97.10           297    297    170     6.332     6.332     4.861     0.8848      0.8848      0.8848      0.8216
256     B         A           86           LYS           92.79           297    297    170     6.332     6.332     4.861     0.8394      0.8394      0.8394      0.7592
257     B         A           87           TYR           93.84           297    297    170     6.332     6.332     4.861     0.8684      0.8684      0.8684      0.7987
258     B         A           88           TYR           96.54           297    297    170     6.332     6.332     4.861     0.8871      0.8871      0.8871      0.8250
259     B         A           89           SER           95.03           297    297    170     6.332     6.332     4.861     0.8300      0.8300      0.8300      0.7459
260     B         A           90           ARG           88.99           297    297    170     6.332     6.332     4.861     0.7318      0.7318      0.7318      0.6222
261     B         A           91           LEU           92.50           297    297    170     6.332     6.332     4.861     0.8389      0.8389      0.8389      0.7578
262     B         A           92           CYS           96.11           297    297    170     6.332     6.332     4.861     0.8542      0.8542      0.8542      0.7781
263     B         A           93           GLU           91.46           297    297    170     6.332     6.332     4.861     0.7509      0.7509      0.7509      0.6445
264     B         A           94           GLU           89.11           297    297    170     6.332     6.332     4.861     0.6898      0.6898      0.6898      0.5731
265     B         A           95           GLY           92.27           297    297    170     6.332     6.332     4.861     0.6281      0.6281      0.6281      0.5047
266     B         A           96           ASP           93.54           297    297    170     6.332     6.332     4.861     0.8092      0.8092      0.8092      0.7174
267     B         A           97           PHE           94.88           297    297    170     6.332     6.332     4.861     0.8198      0.8198      0.8198      0.7314
268     B         A           98           GLY           96.31           297    297    170     6.332     6.332     4.861     0.8401      0.8401      0.8401      0.7590
269     B         A           99           ALA           95.87           297    297    170     6.332     6.332     4.861     0.8745      0.8745      0.8745      0.8062
270     B         A          100           CYS           97.17           297    297    170     6.332     6.332     4.861     0.8807      0.8807      0.8807      0.8151
271     B         A          101           VAL           97.37           297    297    170     6.332     6.332     4.861     0.8987      0.8987      0.8987      0.8413
272     B         A          102           VAL           97.87           297    297    170     6.332     6.332     4.861     0.9026      0.9026      0.9026      0.8471
273     B         A          103           LEU           97.87           297    297    170     6.332     6.332     4.861     0.8907      0.8907      0.8907      0.8293
274     B         A          104           SER           97.96           297    297    170     6.332     6.332     4.861     0.8827      0.8827      0.8827      0.8179
275     B         A          105           SER           97.48           297    297    170     6.332     6.332     4.861     0.8601      0.8601      0.8601      0.7862
276     B         A          106           ALA           97.86           297    297    170     6.332     6.332     4.861     0.8861      0.8861      0.8861      0.8228
277     B         A          107           TYR           98.05           297    297    170     6.332     6.332     4.861     0.8971      0.8971      0.8971      0.8388
278     B         A          108           LEU           96.84           297    297    170     6.332     6.332     4.861     0.8608      0.8608      0.8608      0.7868
279     B         A          109           SER           95.69           297    297    170     6.332     6.332     4.861     0.7946      0.7946      0.7946      0.6986
280     B         A          110           LYS           96.37           297    297    170     6.332     6.332     4.861     0.8163      0.8163      0.8163      0.7264
281     B         A          111           GLY           95.57           297    297    170     6.332     6.332     4.861     0.7973      0.7973      0.7973      0.7020
282     B         A          112           ASP           96.73           297    297    170     6.332     6.332     4.861     0.8057      0.8057      0.8057      0.7124
283     B         A          113           GLU           95.37           297    297    170     6.332     6.332     4.861     0.7585      0.7585      0.7585      0.6526
284     B         A          114           GLU           97.27           297    297    170     6.332     6.332     4.861     0.7346      0.7346      0.7346      0.6236
285     B         A          115           LYS           97.68           297    297    170     6.332     6.332     4.861     0.8263      0.8263      0.8263      0.7391
286     B         A          116           SER           97.84           297    297    170     6.332     6.332     4.861     0.8431      0.8431      0.8431      0.7619
287     B         A          117           LYS           97.22           297    297    170     6.332     6.332     4.861     0.8115      0.8115      0.8115      0.7200
288     B         A          118           LYS           97.06           297    297    170     6.332     6.332     4.861     0.7841      0.7841      0.7841      0.6845
289     B         A          119           TYR           97.39           297    297    170     6.332     6.332     4.861     0.8316      0.8316      0.8316      0.7464
290     B         A          120           LEU           95.16           297    297    170     6.332     6.332     4.861     0.7713      0.7713      0.7713      0.6682
291     B         A          121           GLU           95.28           297    297    170     6.332     6.332     4.861     0.7112      0.7112      0.7112      0.5958
292     B         A          122           LYS           94.05           297    297    170     6.332     6.332     4.861     0.7027      0.7027      0.7027      0.5854
293     B         A          123           SER           92.67           297    297    170     6.332     6.332     4.861     0.5928      0.5928      0.5928      0.4653
294     B         A          124           ARG           88.14           297    297    170     6.332     6.332     4.861     0.5289      0.5289      0.5289      0.4015
295     B         A          125           GLU           84.82           297    297    170     6.332     6.332     4.861     0.3214      0.3214      0.3214      0.2197
296     B         A          126           ARG           77.37           297    297    170     6.332     6.332     4.861     0.2369      0.2369      0.2369      0.1553
297     B         A          127           LEU           71.76           297    297     25     6.332     6.332     1.000     0.1275      0.1687      0.1687      0.0050
