i   AlignChn ScoredChain  AlignResNum  AlignResType  AlignRespLDDT      n0chn  n0dom  n0res    d0chn     d0dom     d0res   ipTM_pae  ipSAE_d0chn ipSAE_d0dom    ipSAE 
1       A         B            1           LYS           92.66           297    295    127     6.332     6.312     4.177     0.2629      0.2629      0.2617      0.1360
2       A         B            2           VAL           97.59           297    295    127     6.332     6.312     4.177     0.7282      0.7282      0.7270      0.5433
3       A         B            3           CYS           97.44           297    295    127     6.332     6.312     4.177     0.7973      0.7973      0.7964      0.6363
4       A         B            4           ASN           97.22           297    295    127     6.332     6.312     4.177     0.8261      0.8261      0.8252      0.6782
5       A         B            5           GLY           98.24           297    295    127     6.332     6.312     4.177     0.7997      0.7997      0.7987      0.6413
6       A         B            6           ILE           96.52           297    295    127     6.332     6.312     4.177     0.7907      0.7907      0.7898      0.6289
7       A         B            7           GLY           93.49           297    295    127     6.332     6.312     4.177     0.6343      0.6343      0.6330      0.4391
8       A         B            8           ILE           91.49           297    295    127     6.332     6.312     4.177     0.6304      0.6304      0.6291      0.4352
9       A         B            9           GLY           94.67           297    295    127     6.332     6.312     4.177     0.5318      0.5318      0.5303      0.3371
10      A         B           10           GLU           90.96           297    295    127     6.332     6.312     4.177     0.5335      0.5335      0.5321      0.3407
11      A         B           11           PHE           95.66           297    295    127     6.332     6.312     4.177     0.7117      0.7117      0.7105      0.5256
12      A         B           12           LYS           92.53           297    295    127     6.332     6.312     4.177     0.6534      0.6534      0.6521      0.4617
13      A         B           13           ASP           88.09           297    295    127     6.332     6.312     4.177     0.6091      0.6091      0.6077      0.4190
14      A         B           14           THR           93.25           297    295    127     6.332     6.312     4.177     0.7417      0.7417      0.7405      0.5660
15      A         B           15           LEU           90.94           297    295    127     6.332     6.312     4.177     0.7478      0.7478      0.7467      0.5733
16      A         B           16           SER           95.63           297    295    127     6.332     6.312     4.177     0.8371      0.8371      0.8362      0.6975
17      A         B           17           ILE           96.77           297    295    127     6.332     6.312     4.177     0.8457      0.8457      0.8449      0.7097
18      A         B           18           ASN           95.44           297    295    127     6.332     6.312     4.177     0.8178      0.8178      0.8170      0.6669
19      A         B           19           ALA           97.32           297    295    127     6.332     6.312     4.177     0.8168      0.8168      0.8159      0.6651
20      A         B           20           THR           94.31           297    295    127     6.332     6.312     4.177     0.6814      0.6814      0.6801      0.4904
21      A         B           21           ASN           96.07           297    295    127     6.332     6.312     4.177     0.7976      0.7976      0.7966      0.6374
22      A         B           22           ILE           97.15           297    295    127     6.332     6.312     4.177     0.8052      0.8052      0.8042      0.6478
23      A         B           23           LYS           95.21           297    295    127     6.332     6.312     4.177     0.7152      0.7152      0.7140      0.5300
24      A         B           24           HIS           94.50           297    295    127     6.332     6.312     4.177     0.6662      0.6662      0.6649      0.4720
25      A         B           25           PHE           97.49           297    295    127     6.332     6.312     4.177     0.7966      0.7966      0.7956      0.6348
26      A         B           26           LYS           95.92           297    295    127     6.332     6.312     4.177     0.7095      0.7095      0.7083      0.5217
27      A         B           27           TYR           96.76           297    295    127     6.332     6.312     4.177     0.6149      0.6149      0.6135      0.4150
28      A         B           28           CYS           97.84           297    295    127     6.332     6.312     4.177     0.7639      0.7639      0.7628      0.5891
29      A         B           29           THR           98.22           297    295    127     6.332     6.312     4.177     0.7781      0.7781      0.7770      0.6091
30      A         B           30           ALA           98.47           297    295    127     6.332     6.312     4.177     0.8435      0.8435      0.8427      0.7049
31      A         B           31           ILE           98.61           297    295    127     6.332     6.312     4.177     0.8732      0.8732      0.8726      0.7530
32      A         B           32           SER           98.08           297    295    127     6.332     6.312     4.177     0.8249      0.8249      0.8241      0.6771
33      A         B           33           GLY           98.02           297    295    127     6.332     6.312     4.177     0.8404      0.8404      0.8396      0.7009
34      A         B           34           ASP           97.82           297    295    127     6.332     6.312     4.177     0.8574      0.8574      0.8567      0.7279
35      A         B           35           LEU           98.24           297    295    127     6.332     6.312     4.177     0.8705      0.8705      0.8699      0.7498
36      A         B           36           HIS           95.95           297    295    127     6.332     6.312     4.177     0.7916      0.7916      0.7906      0.6318
37      A         B           37           ILE           98.25           297    295    127     6.332     6.312     4.177     0.9045      0.9045      0.9040      0.8081
38      A         B           38           LEU           96.21           297    295    127     6.332     6.312     4.177     0.9062      0.9062      0.9057      0.8114
39      A         B           39           PRO           93.27           297    295    127     6.332     6.312     4.177     0.8717      0.8717      0.8711      0.7521
40      A         B           40           VAL           91.37           297    295    127     6.332     6.312     4.177     0.8410      0.8410      0.8402      0.7036
41      A         B           41           ALA           96.23           297    295    127     6.332     6.312     4.177     0.8520      0.8520      0.8512      0.7198
42      A         B           42           PHE           96.30           297    295    127     6.332     6.312     4.177     0.8236      0.8236      0.8228      0.6767
43      A         B           43           LYS           91.14           297    295    127     6.332     6.312     4.177     0.6362      0.6362      0.6349      0.4437
44      A         B           44           GLY           93.36           297    295    127     6.332     6.312     4.177     0.5747      0.5747      0.5733      0.3821
45      A         B           45           ASP           87.99           297    295    127     6.332     6.312     4.177     0.5379      0.5379      0.5365      0.3477
46      A         B           46           SER           83.90           297    295    127     6.332     6.312     4.177     0.4675      0.4675      0.4660      0.2872
47      A         B           47           PHE           82.18           297    295    127     6.332     6.312     4.177     0.5109      0.5109      0.5095      0.3235
48      A         B           48           THR           87.93           297    295    127     6.332     6.312     4.177     0.5444      0.5444      0.5430      0.3529
49      A         B           49           ARG           93.29           297    295    127     6.332     6.312     4.177     0.5277      0.5277      0.5262      0.3379
50      A         B           50           THR           94.22           297    295    127     6.332     6.312     4.177     0.6273      0.6273      0.6260      0.4335
51      A         B           51           PRO           96.47           297    295    127     6.332     6.312     4.177     0.6758      0.6758      0.6746      0.4850
52      A         B           52           PRO           96.54           297    295    127     6.332     6.312     4.177     0.7611      0.7611      0.7600      0.5883
53      A         B           53           LEU           97.34           297    295    127     6.332     6.312     4.177     0.8183      0.8183      0.8174      0.6675
54      A         B           54           ASP           96.59           297    295    127     6.332     6.312     4.177     0.7610      0.7610      0.7599      0.5869
55      A         B           55           PRO           95.50           297    295    127     6.332     6.312     4.177     0.6995      0.6995      0.6982      0.5098
56      A         B           56           ARG           96.05           297    295    127     6.332     6.312     4.177     0.6716      0.6716      0.6702      0.4777
57      A         B           57           GLU           96.79           297    295    127     6.332     6.312     4.177     0.7819      0.7819      0.7809      0.6138
58      A         B           58           LEU           97.51           297    295    127     6.332     6.312     4.177     0.8233      0.8233      0.8225      0.6736
59      A         B           59           GLU           96.62           297    295    127     6.332     6.312     4.177     0.7722      0.7722      0.7712      0.6015
60      A         B           60           ILE           96.91           297    295    127     6.332     6.312     4.177     0.7844      0.7844      0.7834      0.6172
61      A         B           61           LEU           98.12           297    295    127     6.332     6.312     4.177     0.8543      0.8543      0.8535      0.7216
62      A         B           62           LYS           97.59           297    295    127     6.332     6.312     4.177     0.8094      0.8094      0.8084      0.6530
63      A         B           63           THR           97.79           297    295    127     6.332     6.312     4.177     0.7525      0.7525      0.7513      0.5744
64      A         B           64           VAL           98.53           297    295    127     6.332     6.312     4.177     0.8671      0.8671      0.8664      0.7426
65      A         B           65           LYS           98.65           297    295    127     6.332     6.312     4.177     0.8271      0.8271      0.8262      0.6799
66      A         B           66           GLU           98.60           297    295    127     6.332     6.312     4.177     0.8798      0.8798      0.8791      0.7644
67      A         B           67           ILE           98.90           297    295    127     6.332     6.312     4.177     0.9134      0.9134      0.9129      0.8236
68      A         B           68           THR           98.69           297    295    127     6.332     6.312     4.177     0.8885      0.8885      0.8879      0.7796
69      A         B           69           GLY           98.67           297    295    127     6.332     6.312     4.177     0.8941      0.8941      0.8935      0.7894
70      A         B           70           PHE           98.73           297    295    127     6.332     6.312     4.177     0.9181      0.9181      0.9177      0.8325
71      A         B           71           LEU           98.92           297    295    127     6.332     6.312     4.177     0.9371      0.9371      0.9368      0.8686
72      A         B           72           LEU           98.20           297    295    127     6.332     6.312     4.177     0.9293      0.9293      0.9289      0.8536
73      A         B           73           ILE           98.73           297    295    127     6.332     6.312     4.177     0.9320      0.9320      0.9316      0.8587
74      A         B           74           GLN           97.38           297    295    127     6.332     6.312     4.177     0.9109      0.9109      0.9104      0.8198
75      A         B           75           ALA           96.70           297    295    127     6.332     6.312     4.177     0.8977      0.8977      0.8972      0.7961
76      A         B           76           TRP           97.98           297    295    127     6.332     6.312     4.177     0.8870      0.8870      0.8864      0.7770
77      A         B           77           PRO           96.48           297    295    127     6.332     6.312     4.177     0.7974      0.7974      0.7964      0.6372
78      A         B           78           ASP           87.93           297    295    127     6.332     6.312     4.177     0.5165      0.5165      0.5151      0.3265
79      A         B           79           ASN           90.60           297    295    127     6.332     6.312     4.177     0.5018      0.5018      0.5004      0.3136
80      A         B           80           TRP           96.73           297    295    127     6.332     6.312     4.177     0.7649      0.7649      0.7638      0.5914
81      A         B           81           THR           94.46           297    295    127     6.332     6.312     4.177     0.6603      0.6603      0.6590      0.4648
82      A         B           82           ASP           96.54           297    295    127     6.332     6.312     4.177     0.7585      0.7585      0.7574      0.5825
83      A         B           83           LEU           98.44           297    295    127     6.332     6.312     4.177     0.8658      0.8658      0.8651      0.7407
84      A         B           84           HIS           96.23           297    295    127     6.332     6.312     4.177     0.7699      0.7699      0.7689      0.5987
85      A         B           85           ALA           97.31           297    295    127     6.332     6.312     4.177     0.7936      0.7936      0.7926      0.6301
86      A         B           86           PHE           98.71           297    295    127     6.332     6.312     4.177     0.8729      0.8729      0.8723      0.7524
87      A         B           87           GLU           97.23           297    295    127     6.332     6.312     4.177     0.7889      0.7889      0.7879      0.6240
88      A         B           88           ASN           98.41           297    295    127     6.332     6.312     4.177     0.8410      0.8410      0.8402      0.7008
89      A         B           89           LEU           98.86           297    295    127     6.332     6.312     4.177     0.8946      0.8946      0.8941      0.7897
90      A         B           90           GLU           98.79           297    295    127     6.332     6.312     4.177     0.8569      0.8569      0.8562      0.7265
91      A         B           91           ILE           98.74           297    295    127     6.332     6.312     4.177     0.8753      0.8753      0.8746      0.7571
92      A         B           92           ILE           98.95           297    295    127     6.332     6.312     4.177     0.9161      0.9161      0.9156      0.8286
93      A         B           93           ARG           98.77           297    295    127     6.332     6.312     4.177     0.8715      0.8715      0.8709      0.7512
94      A         B           94           GLY           98.59           297    295    127     6.332     6.312     4.177     0.8524      0.8524      0.8516      0.7208
95      A         B           95           ARG           97.62           297    295    127     6.332     6.312     4.177     0.8053      0.8053      0.8043      0.6496
96      A         B           96           THR           96.34           297    295    127     6.332     6.312     4.177     0.8821      0.8821      0.8815      0.7690
97      A         B           97           LYS           97.00           297    295    127     6.332     6.312     4.177     0.9091      0.9091      0.9086      0.8164
98      A         B           98           GLN           97.60           297    295    127     6.332     6.312     4.177     0.9127      0.9127      0.9122      0.8232
99      A         B           99           HIS           97.40           297    295    127     6.332     6.312     4.177     0.9193      0.9193      0.9189      0.8357
100     A         B          100           GLY           96.81           297    295    127     6.332     6.312     4.177     0.8858      0.8858      0.8852      0.7768
101     A         B          101           GLN           95.41           297    295    127     6.332     6.312     4.177     0.8031      0.8031      0.8021      0.6521
102     A         B          102           PHE           98.35           297    295    127     6.332     6.312     4.177     0.9213      0.9213      0.9208      0.8394
103     A         B          103           SER           98.36           297    295    127     6.332     6.312     4.177     0.8963      0.8963      0.8957      0.7947
104     A         B          104           LEU           98.78           297    295    127     6.332     6.312     4.177     0.9355      0.9355      0.9352      0.8657
105     A         B          105           ALA           98.43           297    295    127     6.332     6.312     4.177     0.9209      0.9209      0.9205      0.8383
106     A         B          106           VAL           98.53           297    295    127     6.332     6.312     4.177     0.9273      0.9273      0.9269      0.8500
107     A         B          107           VAL           97.09           297    295    127     6.332     6.312     4.177     0.8907      0.8907      0.8901      0.7845
108     A         B          108           GLY           96.52           297    295    127     6.332     6.312     4.177     0.8647      0.8647      0.8640      0.7414
109     A         B          109           LEU           97.84           297    295    127     6.332     6.312     4.177     0.9024      0.9024      0.9019      0.8042
110     A         B          110           ASN           95.38           297    295    127     6.332     6.312     4.177     0.8653      0.8653      0.8646      0.7409
111     A         B          111           ILE           97.39           297    295    127     6.332     6.312     4.177     0.8805      0.8805      0.8798      0.7656
112     A         B          112           THR           93.37           297    295    127     6.332     6.312     4.177     0.8377      0.8377      0.8369      0.6962
113     A         B          113           SER           93.21           297    295    127     6.332     6.312     4.177     0.7351      0.7351      0.7340      0.5530
114     A         B          114           LEU           97.26           297    295    127     6.332     6.312     4.177     0.8304      0.8304      0.8295      0.6847
115     A         B          115           GLY           96.15           297    295    127     6.332     6.312     4.177     0.7166      0.7166      0.7154      0.5306
116     A         B          116           LEU           97.35           297    295    127     6.332     6.312     4.177     0.7927      0.7927      0.7917      0.6290
117     A         B          117           ARG           92.70           297    295    127     6.332     6.312     4.177     0.6070      0.6070      0.6056      0.4091
118     A         B          118           SER           98.00           297    295    127     6.332     6.312     4.177     0.7796      0.7796      0.7786      0.6105
119     A         B          119           LEU           97.78           297    295    127     6.332     6.312     4.177     0.8544      0.8544      0.8537      0.7222
120     A         B          120           LYS           97.13           297    295    127     6.332     6.312     4.177     0.6922      0.6922      0.6909      0.5005
121     A         B          121           GLU           98.45           297    295    127     6.332     6.312     4.177     0.8539      0.8539      0.8531      0.7227
122     A         B          122           ILE           98.74           297    295    127     6.332     6.312     4.177     0.8968      0.8968      0.8963      0.7941
123     A         B          123           SER           98.51           297    295    127     6.332     6.312     4.177     0.8459      0.8459      0.8452      0.7096
124     A         B          124           ASP           97.49           297    295    127     6.332     6.312     4.177     0.8738      0.8738      0.8731      0.7556
125     A         B          125           GLY           98.26           297    295    127     6.332     6.312     4.177     0.8658      0.8658      0.8651      0.7436
126     A         B          126           ASP           98.44           297    295    127     6.332     6.312     4.177     0.9106      0.9106      0.9101      0.8194
127     A         B          127           VAL           98.35           297    295    127     6.332     6.312     4.177     0.9265      0.9265      0.9261      0.8487
128     A         B          128           ILE           98.09           297    295    127     6.332     6.312     4.177     0.9160      0.9160      0.9155      0.8294
129     A         B          129           ILE           98.03           297    295    127     6.332     6.312     4.177     0.9206      0.9206      0.9201      0.8377
130     A         B          130           SER           95.70           297    295    127     6.332     6.312     4.177     0.8116      0.8116      0.8107      0.6605
131     A         B          131           GLY           95.17           297    295    127     6.332     6.312     4.177     0.8288      0.8288      0.8280      0.6862
132     A         B          132           ASN           96.86           297    295    127     6.332     6.312     4.177     0.8750      0.8750      0.8743      0.7569
133     A         B          133           ARG           92.18           297    295    127     6.332     6.312     4.177     0.7979      0.7979      0.7970      0.6395
134     A         B          134           ASN           94.00           297    295    127     6.332     6.312     4.177     0.8500      0.8500      0.8493      0.7159
135     A         B          135           LEU           96.71           297    295    127     6.332     6.312     4.177     0.8595      0.8595      0.8587      0.7306
136     A         B          136           CYS           93.01           297    295    127     6.332     6.312     4.177     0.7060      0.7060      0.7047      0.5180
137     A         B          137           TYR           87.76           297    295    127     6.332     6.312     4.177     0.4682      0.4682      0.4668      0.2820
138     A         B          138           ALA           91.55           297    295    127     6.332     6.312     4.177     0.5475      0.5475      0.5461      0.3516
139     A         B          139           ASN           80.09           297    295    127     6.332     6.312     4.177     0.4452      0.4452      0.4438      0.2644
140     A         B          140           THR           85.46           297    295    127     6.332     6.312     4.177     0.4664      0.4664      0.4650      0.2810
141     A         B          141           ILE           92.49           297    295    127     6.332     6.312     4.177     0.6492      0.6492      0.6479      0.4529
142     A         B          142           ASN           94.05           297    295    127     6.332     6.312     4.177     0.6719      0.6719      0.6706      0.4787
143     A         B          143           TRP           96.80           297    295    127     6.332     6.312     4.177     0.8013      0.8013      0.8003      0.6429
144     A         B          144           LYS           94.96           297    295    127     6.332     6.312     4.177     0.7525      0.7525      0.7514      0.5762
145     A         B          145           LYS           94.77           297    295    127     6.332     6.312     4.177     0.6743      0.6743      0.6731      0.4826
146     A         B          146           LEU           97.46           297    295    127     6.332     6.312     4.177     0.8155      0.8155      0.8146      0.6632
147     A         B          147           PHE           98.23           297    295    127     6.332     6.312     4.177     0.8359      0.8359      0.8351      0.6939
148     A         B          148           GLY           97.59           297    295    127     6.332     6.312     4.177     0.6353      0.6353      0.6340      0.4395
149     A         B          149           THR           93.70           297    295    127     6.332     6.312     4.177     0.6537      0.6537      0.6524      0.4617
150     A         B          150           PRO           95.06           297    295    127     6.332     6.312     4.177     0.6274      0.6274      0.6260      0.4363
151     A         B          151           ASN           93.47           297    295    127     6.332     6.312     4.177     0.7287      0.7287      0.7275      0.5499
152     A         B          152           GLN           97.63           297    295    127     6.332     6.312     4.177     0.8448      0.8448      0.8440      0.7096
153     A         B          153           LYS           95.33           297    295    127     6.332     6.312     4.177     0.8104      0.8104      0.8095      0.6592
154     A         B          154           THR           96.41           297    295    127     6.332     6.312     4.177     0.8404      0.8404      0.8396      0.7034
155     A         B          155           LYS           95.87           297    295    127     6.332     6.312     4.177     0.8280      0.8280      0.8272      0.6853
156     A         B          156           ILE           95.48           297    295    127     6.332     6.312     4.177     0.8312      0.8312      0.8304      0.6898
157     A         B          157           MET           93.29           297    295    127     6.332     6.312     4.177     0.6602      0.6602      0.6590      0.4726
158     A         B          158           ASN           92.79           297    295    127     6.332     6.312     4.177     0.7683      0.7683      0.7673      0.6004
159     A         B          159           ASN           95.34           297    295    127     6.332     6.312     4.177     0.7956      0.7956      0.7947      0.6352
160     A         B          160           ARG           92.11           297    295    127     6.332     6.312     4.177     0.7442      0.7442      0.7431      0.5651
161     A         B          161           ALA           89.23           297    295    127     6.332     6.312     4.177     0.5772      0.5772      0.5758      0.3810
162     A         B          162           GLU           85.23           297    295    127     6.332     6.312     4.177     0.5351      0.5351      0.5336      0.3407
163     A         B          163           LYS           89.56           297    295    127     6.332     6.312     4.177     0.4787      0.4787      0.4773      0.2909
164     A         B          164           ASP           88.25           297    295    127     6.332     6.312     4.177     0.5054      0.5054      0.5039      0.3126
165     A         B          165           CYS           89.78           297    295    127     6.332     6.312     4.177     0.5064      0.5064      0.5049      0.3132
166     A         B          166           LYS           85.21           297    295    127     6.332     6.312     4.177     0.3941      0.3941      0.3926      0.2237
167     A         B          167           ALA           78.80           297    295    127     6.332     6.312     4.177     0.2493      0.2493      0.2482      0.1273
168     A         B          168           VAL           72.15           297    295     57     6.332     6.312     2.510     0.1554      0.1806      0.1797      0.0336
169     A         B          169           ASN           61.18           297    295      0     6.332     6.312     1.000     0.0963      0.0000      0.0000      0.0000
170     A         B          170           HIS           52.94           297    295      0     6.332     6.312     1.000     0.0714      0.0000      0.0000      0.0000
171     B         A            1           GLU           78.97           297    297     60     6.332     6.332     2.611     0.1412      0.1907      0.1907      0.0388
172     B         A            2           LEU           93.54           297    297    170     6.332     6.332     4.861     0.4502      0.4502      0.4502      0.3276
173     B         A            3           SER           94.16           297    297    170     6.332     6.332     4.861     0.5725      0.5725      0.5725      0.4442
174     B         A            4           GLU           95.25           297    297    170     6.332     6.332     4.861     0.6555      0.6555      0.6555      0.5325
175     B         A            5           LEU           96.76           297    297    170     6.332     6.332     4.861     0.8253      0.8253      0.8253      0.7384
176     B         A            6           SER           97.13           297    297    170     6.332     6.332     4.861     0.8160      0.8160      0.8160      0.7261
177     B         A            7           LEU           97.29           297    297    170     6.332     6.332     4.861     0.8321      0.8321      0.8321      0.7476
178     B         A            8           GLU           96.67           297    297    170     6.332     6.332     4.861     0.8297      0.8297      0.8297      0.7446
179     B         A            9           ILE           97.89           297    297    170     6.332     6.332     4.861     0.8755      0.8755      0.8755      0.8079
180     B         A           10           VAL           96.86           297    297    170     6.332     6.332     4.861     0.8303      0.8303      0.8303      0.7453
181     B         A           11           GLU           96.06           297    297    170     6.332     6.332     4.861     0.7902      0.7902      0.7902      0.6929
182     B         A           12           LEU           95.60           297    297    170     6.332     6.332     4.861     0.8157      0.8157      0.8157      0.7259
183     B         A           13           SER           95.22           297    297    170     6.332     6.332     4.861     0.7456      0.7456      0.7456      0.6383
184     B         A           14           SER           90.26           297    297    170     6.332     6.332     4.861     0.6600      0.6600      0.6600      0.5391
185     B         A           15           GLU           93.12           297    297    170     6.332     6.332     4.861     0.7176      0.7176      0.7176      0.6046
186     B         A           16           VAL           95.60           297    297    170     6.332     6.332     4.861     0.8036      0.8036      0.8036      0.7108
187     B         A           17           GLU           90.79           297    297    170     6.332     6.332     4.861     0.7312      0.7312      0.7312      0.6228
188     B         A           18           ASP           94.17           297    297    170     6.332     6.332     4.861     0.8519      0.8519      0.8519      0.7759
189     B         A           19           GLU           92.68           297    297    170     6.332     6.332     4.861     0.8404      0.8404      0.8404      0.7606
190     B         A           20           ALA           95.03           297    297    170     6.332     6.332     4.861     0.8838      0.8838      0.8838      0.8206
191     B         A           21           LYS           96.96           297    297    170     6.332     6.332     4.861     0.9127      0.9127      0.9127      0.8630
192     B         A           22           ARG           96.75           297    297    170     6.332     6.332     4.861     0.9087      0.9087      0.9087      0.8571
193     B         A           23           VAL           97.47           297    297    170     6.332     6.332     4.861     0.9224      0.9224      0.9224      0.8777
194     B         A           24           GLU           97.06           297    297    170     6.332     6.332     4.861     0.9209      0.9209      0.9209      0.8754
195     B         A           25           THR           98.03           297    297    170     6.332     6.332     4.861     0.9250      0.9250      0.9250      0.8815
196     B         A           26           ALA           97.98           297    297    170     6.332     6.332     4.861     0.9193      0.9193      0.9193      0.8728
197     B         A           27           ILE           98.08           297    297    170     6.332     6.332     4.861     0.9310      0.9310      0.9310      0.8906
198     B         A           28           LEU           98.11           297    297    170     6.332     6.332     4.861     0.9307      0.9307      0.9307      0.8901
199     B         A           29           VAL           97.79           297    297    170     6.332     6.332     4.861     0.9171      0.9171      0.9171      0.8695
200     B         A           30           ALA           97.92           297    297    170     6.332     6.332     4.861     0.9036      0.9036      0.9036      0.8493
201     B         A           31           LYS           96.65           297    297    170     6.332     6.332     4.861     0.8768      0.8768      0.8768      0.8105
202     B         A           32           THR           97.16           297    297    170     6.332     6.332     4.861     0.8969      0.8969      0.8969      0.8394
203     B         A           33           LEU           97.74           297    297    170     6.332     6.332     4.861     0.8861      0.8861      0.8861      0.8235
204     B         A           34           TRP           95.78           297    297    170     6.332     6.332     4.861     0.8175      0.8175      0.8175      0.7290
205     B         A           35           SER           94.07           297    297    170     6.332     6.332     4.861     0.7652      0.7652      0.7652      0.6627
206     B         A           36           GLU           94.68           297    297    170     6.332     6.332     4.861     0.7915      0.7915      0.7915      0.6952
207     B         A           37           GLY           94.83           297    297    170     6.332     6.332     4.861     0.6949      0.6949      0.6949      0.5777
208     B         A           38           ASP           96.38           297    297    170     6.332     6.332     4.861     0.7410      0.7410      0.7410      0.6315
209     B         A           39           GLU           92.19           297    297    170     6.332     6.332     4.861     0.6212      0.6212      0.6212      0.4961
210     B         A           40           GLU           96.24           297    297    170     6.332     6.332     4.861     0.6559      0.6559      0.6559      0.5341
211     B         A           41           THR           97.44           297    297    170     6.332     6.332     4.861     0.8345      0.8345      0.8345      0.7511
212     B         A           42           LEU           97.85           297    297    170     6.332     6.332     4.861     0.8594      0.8594      0.8594      0.7854
213     B         A           43           GLU           97.65           297    297    170     6.332     6.332     4.861     0.8238      0.8238      0.8238      0.7372
214     B         A           44           GLU           97.47           297    297    170     6.332     6.332     4.861     0.8126      0.8126      0.8126      0.7222
215     B         A           45           SER           97.38           297    297    170     6.332     6.332     4.861     0.8403      0.8403      0.8403      0.7592
216     B         A           46           ILE           98.11           297    297    170     6.332     6.332     4.861     0.8543      0.8543      0.8543      0.7784
217     B         A           47           ARG           97.79           297    297    170     6.332     6.332     4.861     0.7996      0.7996      0.7996      0.7059
218     B         A           48           LEU           96.50           297    297    170     6.332     6.332     4.861     0.8034      0.8034      0.8034      0.7100
219     B         A           49           ARG           97.11           297    297    170     6.332     6.332     4.861     0.8001      0.8001      0.8001      0.7062
220     B         A           50           ARG           96.70           297    297    170     6.332     6.332     4.861     0.7676      0.7676      0.7676      0.6647
221     B         A           51           GLU           96.97           297    297    170     6.332     6.332     4.861     0.6982      0.6982      0.6982      0.5831
222     B         A           52           LYS           94.75           297    297    170     6.332     6.332     4.861     0.6822      0.6822      0.6822      0.5636
223     B         A           53           GLY           96.17           297    297    170     6.332     6.332     4.861     0.7197      0.7197      0.7197      0.6073
224     B         A           54           ASP           96.12           297    297    170     6.332     6.332     4.861     0.8126      0.8126      0.8126      0.7229
225     B         A           55           GLU           93.12           297    297    170     6.332     6.332     4.861     0.8137      0.8137      0.8137      0.7258
226     B         A           56           LEU           94.87           297    297    170     6.332     6.332     4.861     0.8529      0.8529      0.8529      0.7773
227     B         A           57           MET           96.47           297    297    170     6.332     6.332     4.861     0.8607      0.8607      0.8607      0.7879
228     B         A           58           ALA           97.64           297    297    170     6.332     6.332     4.861     0.8752      0.8752      0.8752      0.8084
229     B         A           59           GLU           96.56           297    297    170     6.332     6.332     4.861     0.8736      0.8736      0.8736      0.8069
230     B         A           60           THR           97.81           297    297    170     6.332     6.332     4.861     0.9045      0.9045      0.9045      0.8507
231     B         A           61           LEU           98.24           297    297    170     6.332     6.332     4.861     0.9126      0.9126      0.9126      0.8627
232     B         A           62           GLU           97.36           297    297    170     6.332     6.332     4.861     0.8723      0.8723      0.8723      0.8048
233     B         A           63           PHE           97.61           297    297    170     6.332     6.332     4.861     0.8952      0.8952      0.8952      0.8377
234     B         A           64           THR           97.53           297    297    170     6.332     6.332     4.861     0.8999      0.8999      0.8999      0.8441
235     B         A           65           LYS           97.12           297    297    170     6.332     6.332     4.861     0.8785      0.8785      0.8785      0.8133
236     B         A           66           GLU           96.51           297    297    170     6.332     6.332     4.861     0.8413      0.8413      0.8413      0.7625
237     B         A           67           SER           96.38           297    297    170     6.332     6.332     4.861     0.8270      0.8270      0.8270      0.7435
238     B         A           68           MET           95.45           297    297    170     6.332     6.332     4.861     0.8206      0.8206      0.8206      0.7350
239     B         A           69           GLU           94.93           297    297    170     6.332     6.332     4.861     0.7630      0.7630      0.7630      0.6613
240     B         A           70           THR           95.54           297    297    170     6.332     6.332     4.861     0.7412      0.7412      0.7412      0.6359
241     B         A           71           HIS           95.63           297    297    170     6.332     6.332     4.861     0.7251      0.7251      0.7251      0.6160
242     B         A           72           LYS           93.04           297    297    170     6.332     6.332     4.861     0.5602      0.5602      0.5602      0.4394
243     B         A           73           LEU           91.67           297    297    170     6.332     6.332     4.861     0.4897      0.4897      0.4897      0.3693
244     B         A           74           PRO           87.92           297    297    170     6.332     6.332     4.861     0.4307      0.4307      0.4307      0.3171
245     B         A           75           LYS           87.56           297    297    170     6.332     6.332     4.861     0.4074      0.4074      0.4074      0.2941
246     B         A           76           GLY           91.30           297    297    170     6.332     6.332     4.861     0.4471      0.4471      0.4471      0.3285
247     B         A           77           VAL           92.77           297    297    170     6.332     6.332     4.861     0.6801      0.6801      0.6801      0.5621
248     B         A           78           ASP           95.85           297    297    170     6.332     6.332     4.861     0.7783      0.7783      0.7783      0.6795
249     B         A           79           PRO           93.52           297    297    170     6.332     6.332     4.861     0.7476      0.7476      0.7476      0.6432
250     B         A           80           ASP           94.13           297    297    170     6.332     6.332     4.861     0.7780      0.7780      0.7780      0.6807
251     B         A           81           ALA           94.81           297    297    170     6.332     6.332     4.861     0.8079      0.8079      0.8079      0.7186
252     B         A           82           GLU           93.33           297    297    170     6.332     6.332     4.861     0.8203      0.8203      0.8203      0.7349
253     B         A           83           ARG           92.40           297    297    170     6.332     6.332     4.861     0.8182      0.8182      0.8182      0.7318
254     B         A           84           LEU           95.89           297    297    170     6.332     6.332     4.861     0.8723      0.8723      0.8723      0.8049
255     B         A           85           VAL           96.95           297    297    170     6.332     6.332     4.861     0.8730      0.8730      0.8730      0.8056
256     B         A           86           LYS           91.31           297    297    170     6.332     6.332     4.861     0.8203      0.8203      0.8203      0.7344
257     B         A           87           TYR           92.74           297    297    170     6.332     6.332     4.861     0.8598      0.8598      0.8598      0.7874
258     B         A           88           TYR           96.35           297    297    170     6.332     6.332     4.861     0.8810      0.8810      0.8810      0.8168
259     B         A           89           SER           94.49           297    297    170     6.332     6.332     4.861     0.8174      0.8174      0.8174      0.7299
260     B         A           90           ARG           87.41           297    297    170     6.332     6.332     4.861     0.6982      0.6982      0.6982      0.5837
261     B         A           91           LEU           92.35           297    297    170     6.332     6.332     4.861     0.8306      0.8306      0.8306      0.7474
262     B         A           92           CYS           96.07           297    297    170     6.332     6.332     4.861     0.8425      0.8425      0.8425      0.7627
263     B         A           93           GLU           90.51           297    297    170     6.332     6.332     4.861     0.7252      0.7252      0.7252      0.6141
264     B         A           94           GLU           89.19           297    297    170     6.332     6.332     4.861     0.6678      0.6678      0.6678      0.5486
265     B         A           95           GLY           92.62           297    297    170     6.332     6.332     4.861     0.6142      0.6142      0.6142      0.4901
266     B         A           96           ASP           94.02           297    297    170     6.332     6.332     4.861     0.8043      0.8043      0.8043      0.7115
267     B         A           97           PHE           95.75           297    297    170     6.332     6.332     4.861     0.8210      0.8210      0.8210      0.7335
268     B         A           98           GLY           96.89           297    297    170     6.332     6.332     4.861     0.8370      0.8370      0.8370      0.7555
269     B         A           99           ALA           95.98           297    297    170     6.332     6.332     4.861     0.8709      0.8709      0.8709      0.8018
270     B         A          100           CYS           97.55           297    297    170     6.332     6.332     4.861     0.8775      0.8775      0.8775      0.8113
271     B         A          101           VAL           97.71           297    297    170     6.332     6.332     4.861     0.8975      0.8975      0.8975      0.8402
272     B         A          102           VAL           97.95           297    297    170     6.332     6.332     4.861     0.8989      0.8989      0.8989      0.8424
273     B         A          103           LEU           97.84           297    297    170     6.332     6.332     4.861     0.8864      0.8864      0.8864      0.8237
274     B         A          104           SER           98.00           297    297    170     6.332     6.332     4.861     0.8670      0.8670      0.8670      0.7963
275     B         A          105           SER           96.81           297    297    170     6.332     6.332     4.861     0.7789      0.7789      0.7789      0.6800
276     B         A          106           ALA           97.81           297    297    170     6.332     6.332     4.861     0.8760      0.8760      0.8760      0.8090
277     B         A          107           TYR           98.07           297    297    170     6.332     6.332     4.861     0.8901      0.8901      0.8901      0.8293
278     B         A          108           LEU           96.84           297    297    170     6.332     6.332     4.861     0.8509      0.8509      0.8509      0.7737
279     B         A          109           SER           96.04           297    297    170     6.332     6.332     4.861     0.7805      0.7805      0.7805      0.6812
280     B         A          110           LYS           96.42           297    297    170     6.332     6.332     4.861     0.7996      0.7996      0.7996      0.7052
281     B         A          111           GLY           95.49           297    297    170     6.332     6.332     4.861     0.7797      0.7797      0.7797      0.6802
282     B         A          112           ASP           96.85           297    297    170     6.332     6.332     4.861     0.7851      0.7851      0.7851      0.6863
283     B         A          113           GLU           94.84           297    297    170     6.332     6.332     4.861     0.7378      0.7378      0.7378      0.6279
284     B         A          114           GLU           97.38           297    297    170     6.332     6.332     4.861     0.7102      0.7102      0.7102      0.5952
285     B         A          115           LYS           97.68           297    297    170     6.332     6.332     4.861     0.8126      0.8126      0.8126      0.7217
286     B         A          116           SER           97.78           297    297    170     6.332     6.332     4.861     0.8280      0.8280      0.8280      0.7421
287     B         A          117           LYS           97.32           297    297    170     6.332     6.332     4.861     0.7988      0.7988      0.7988      0.7039
288     B         A          118           LYS           97.12           297    297    170     6.332     6.332     4.861     0.7691      0.7691      0.7691      0.6662
289     B         A          119           TYR           97.55           297    297    170     6.332     6.332     4.861     0.8165      0.8165      0.8165      0.7268
290     B         A          120           LEU           95.51           297    297    170     6.332     6.332     4.861     0.7505      0.7505      0.7505      0.6428
291     B         A          121           GLU           95.88           297    297    170     6.332     6.332     4.861     0.6970      0.6970      0.6970      0.5796
292     B         A          122           LYS           94.69           297    297    170     6.332     6.332     4.861     0.6979      0.6979      0.6979      0.5802
293     B         A          123           SER           93.27           297    297    170     6.332     6.332     4.861     0.5742      0.5742      0.5742      0.4465
294     B         A          124           ARG           90.31           297    297    170     6.332     6.332     4.861     0.5225      0.5225      0.5225      0.3957
295     B         A          125           GLU           85.89           297    297    170     6.332     6.332     4.861     0.3136      0.3136      0.3136      0.2136
296     B         A          126           ARG           77.73           297    297    168     6.332     6.332     4.832     0.2101      0.2108      0.2108      0.1352
297     B         A          127           LEU           75.50           297    297     25     6.332     6.332     1.000     0.1258      0.1659      0.1659      0.0049
